0.0 2.14 1.0
Linear 1 explicit
 0.000000 -7.190000000000001
 0.010000 -7.052992771405701
 0.020000 -6.905531411183406
 0.030000 -6.8477390141556045
 0.040000 -6.776257690258557
 0.050000 -6.719652653196244
 0.060000 -6.75866607436548
 0.070000 -6.778209923352363
 0.080000 -6.78502583685557
 0.090000 -6.842795071085207
 0.100000 -6.814844381420325
 0.110000 -6.608816933430048
 0.120000 -6.590656705832474
 0.130000 -6.593884356418112
 0.140000 -6.5874205058572395
 0.150000 -6.645966214347587
 0.160000 -6.680548090219342
 0.170000 -6.716121862510731
 0.180000 -6.753030107086846
 0.190000 -6.7463143386998
 0.200000 -6.782788674262408
 0.210000 -6.761678027218094
 0.220000 -6.673812403137999
 0.230000 -6.556316527578062
 0.240000 -6.522038092555268
 0.250000 -6.423666358039209
 0.260000 -6.366261489373131
 0.270000 -6.248072988374153
 0.280000 -6.161226082222476
 0.290000 -6.044911458345246
 0.300000 -5.974056679393198
 0.310000 -5.899716584882298
 0.320000 -5.831624029692317
 0.330000 -5.782595690971407
 0.340000 -5.75268605864054
 0.350000 -5.720870063703686
 0.360000 -5.73413023898875
 0.370000 -5.769129679414073
 0.380000 -5.702956579907592
 0.390000 -5.816037469817921
 0.400000 -6.470298441876399
 0.410000 -6.4521590097769925
 0.420000 -6.586047438695404
 0.430000 -6.733398486549107
 0.440000 -6.900944931195622
 0.450000 -7.016369104822628
 0.460000 -7.466664531755423
 0.470000 -7.590947934457168
 0.480000 -7.789861000889289
 0.490000 -7.943712345025258
 0.500000 -8.137656459632455
 0.510000 -8.329369461868454
 0.520000 -8.43884306682762
 0.530000 -8.579071753908257
 0.540000 -8.660391580844585
 0.550000 -8.719126954820116
 0.560000 -8.704004660898615
 0.570000 -8.645901897292454
 0.580000 -8.552305064898635
 0.590000 -8.413070506782562
 0.600000 -8.345102381632534
 0.610000 -8.233378834991111
 0.620000 -8.100128375421422
 0.630000 -7.8060311128917625
 0.640000 -7.486555421832107
 0.650000 -7.180784709267675
 0.660000 -6.8989921774398635
 0.670000 -6.188127284935022
 0.680000 -6.051687977196604
 0.690000 -5.862741959412704
 0.700000 -5.788713662491209
 0.710000 -5.701766119482996
 0.720000 -5.6827778882154485
 0.730000 -5.714018290571224
 0.740000 -5.728378324826403
 0.750000 -5.783403427359162
 0.760000 -5.858063614524514
 0.770000 -5.960750849116417
 0.780000 -6.090114459128842
 0.790000 -6.191511360667436
 0.800000 -6.269006404099527
 0.810000 -6.407369471753215
 0.820000 -6.6209064007556995
 0.830000 -6.852114597173856
 0.840000 -7.07062827873322
 0.850000 -7.361671957864499
 0.860000 -7.607735688307434
 0.870000 -7.831724147865717
 0.880000 -7.984127386613807
 0.890000 -8.134888485154592
 0.900000 -8.24967772744205
 0.910000 -8.425299510723484
 0.920000 -8.260936177805467
 0.930000 -8.37225573879527
 0.940000 -8.312883515651796
 0.950000 -8.364165343960664
 0.960000 -8.204557177164299
 0.970000 -8.195069947459668
 0.980000 -8.02377076736047
 0.990000 -7.50822032897237
 1.000000 -7.425720985430227
 1.010000 -7.313345350405287
 1.020000 -7.185866085459733
 1.030000 -7.021946418265108
 1.040000 -6.8779851558367655
 1.050000 -6.069687253616865
 1.060000 -6.024046993596784
 1.070000 -5.993907495180018
 1.080000 -5.97925058515225
 1.090000 -6.011584639739586
 1.100000 -6.0238241456474055
 1.110000 -5.987936394100809
 1.120000 -5.997789990983715
 1.130000 -6.06591629970851
 1.140000 -6.0990474897485
 1.150000 -6.152741989316129
 1.160000 -6.2275698558147905
 1.170000 -6.270202272902105
 1.180000 -6.284387674468104
 1.190000 -6.280872291170405
 1.200000 -6.243570645959756
 1.210000 -6.210220869669389
 1.220000 -6.163935282211554
 1.230000 -6.0666553215411625
 1.240000 -5.953397400977004
 1.250000 -5.765530380565542
 1.260000 -5.65687341352186
 1.270000 -5.4652625041454215
 1.280000 -5.315123453204547
 1.290000 -5.1423425939292295
 1.300000 -4.960379332417572
 1.310000 -4.797451800250432
 1.320000 -4.650500897481947
 1.330000 -4.855448831349175
 1.340000 -4.682215623322236
 1.350000 -4.665597325114838
 1.360000 -4.514773068690265
 1.370000 -4.548499357678946
 1.380000 -4.557171654900935
 1.390000 -4.57308688358989
 1.400000 -4.525022185031045
 1.410000 -5.6834395017214
 1.420000 -5.73179175599627
 1.430000 -5.835865316994667
 1.440000 -5.858288602138196
 1.450000 -6.058322905318507
 1.460000 -6.200447610828568
 1.470000 -6.276561903876284
 1.480000 -6.514699107337502
 1.490000 -6.607137267261911
 1.500000 -6.840771047825085
 1.510000 -7.073879204766015
 1.520000 -7.244961691786084
 1.530000 -7.438802795914209
 1.540000 -7.584692186152807
 1.550000 -7.715115477484605
 1.560000 -7.816325757690293
 1.570000 -7.914169885128194
 1.580000 -7.977442824644488
 1.590000 -7.983086604127618
 1.600000 -8.011561273021805
 1.610000 -7.8606021003560285
 1.620000 -7.789462077111123
 1.630000 -7.687040982457107
 1.640000 -7.601103361977871
 1.650000 -7.530963412657363
 1.660000 -7.415944626201265
 1.670000 -7.250751712138163
 1.680000 -7.0766343700217655
 1.690000 -6.792171775192688
 1.700000 -6.5006283261509346
 1.710000 -6.17054782852571
 1.720000 -5.847359739317896
 1.730000 -5.467906502585011
 1.740000 -5.315389662249962
 1.750000 -5.154360205652394
 1.760000 -5.043310376280803
 1.770000 -4.925257233594068
 1.780000 -4.89812452619235
 1.790000 -4.932472593928952
 1.800000 -4.9683615744493235
 1.810000 -5.055836516683736
 1.820000 -5.157640743262408
 1.830000 -5.265647432183421
 1.840000 -5.376657187064756
 1.850000 -5.523254760869862
 1.860000 -5.660364973794596
 1.870000 -5.803844742781035
 1.880000 -5.99620759713253
 1.890000 -6.193279483932779
 1.900000 -6.426746632214715
 1.910000 -6.599966265791897
 1.920000 -6.783813472521833
 1.930000 -6.955742492260437
 1.940000 -7.067550094940402
 1.950000 -7.243903502255853
 1.960000 -7.318576384348199
 1.970000 -7.331516367725801
 1.980000 -7.381509370719325
 1.990000 -7.342187278793446
 2.000000 -7.3520590768719405
 2.010000 -7.302754829511515
 2.020000 -7.246111065753892
 2.030000 -7.234927050832638
 2.040000 -7.0464260639119
 2.050000 -6.983346876236684
 2.060000 -6.773946206247574
 2.070000 -6.5533092711462215
 2.080000 -6.468933482104778
 2.090000 -6.349346311779472
 2.100000 -5.800529620780266
 2.110000 -5.717516469068522
 2.120000 -5.609930831159038
 2.130000 -5.613528938316654
 2.140000 -5.658873833503096
