0.0 2.14 1.0
Linear 1 explicit
 0.000000 17.25
 0.010000 17.396905193946374
 0.020000 17.32623624103246
 0.030000 17.330484105464574
 0.040000 17.14763984023943
 0.050000 16.663447162406868
 0.060000 16.49249897327987
 0.070000 15.874393838987187
 0.080000 15.20362763566477
 0.090000 14.677551940296842
 0.100000 13.816601412093101
 0.110000 12.997988141057174
 0.120000 12.280713394578257
 0.130000 11.577751919358546
 0.140000 10.868027873561264
 0.150000 10.199400259366682
 0.160000 9.525912139837489
 0.170000 8.852761751156933
 0.180000 8.238480175551196
 0.190000 7.571351393053003
 0.200000 7.003911165473469
 0.210000 6.399710815470922
 0.220000 5.687909834616995
 0.230000 5.055839484694077
 0.240000 4.494616699992139
 0.250000 3.624328736900581
 0.260000 3.0136998172251044
 0.270000 2.114529174550356
 0.280000 1.544726488825632
 0.290000 0.7053543919461668
 0.300000 -0.04723189349522646
 0.310000 -0.9507436110918804
 0.320000 -1.8563425553789568
 0.330000 -2.744071539921954
 0.340000 -3.7538385936732723
 0.350000 -4.748131104221574
 0.360000 -5.719766254929976
 0.370000 -6.7075573697710755
 0.380000 -7.758361310285798
 0.390000 -8.766562723752356
 0.400000 -9.575689671626218
 0.410000 -10.59544921839717
 0.420000 -11.52587986375089
 0.430000 -12.396936891562218
 0.440000 -13.254344060461786
 0.450000 -14.135757007616066
 0.460000 -14.917321123444571
 0.470000 -15.716702994667946
 0.480000 -16.475209745125387
 0.490000 -17.23310540016147
 0.500000 -17.818345713319324
 0.510000 -18.38595188949819
 0.520000 -18.9559674002915
 0.530000 -19.448190052644826
 0.540000 -19.900208311028855
 0.550000 -20.237680965222186
 0.560000 -20.639124139657035
 0.570000 -21.027879449650808
 0.580000 -21.393631398552582
 0.590000 -21.75809012852758
 0.600000 -21.98149388969472
 0.610000 -22.201265326224267
 0.620000 -22.34029747389441
 0.630000 -22.296646252854714
 0.640000 -22.10602440642455
 0.650000 -21.781397729498217
 0.660000 -21.343145111205082
 0.670000 -20.922431604092324
 0.680000 -20.325523850175333
 0.690000 -19.614881322921317
 0.700000 -18.815768717774063
 0.710000 -17.972125757576805
 0.720000 -17.037861205041786
 0.730000 -16.01969777553372
 0.740000 -14.99698295188676
 0.750000 -13.82670722030984
 0.760000 -12.619967833754437
 0.770000 -11.396193843147206
 0.780000 -10.027516609823797
 0.790000 -8.703986049936912
 0.800000 -7.323873818819286
 0.810000 -5.915954775036159
 0.820000 -4.505598440158784
 0.830000 -3.1665051561623137
 0.840000 -1.8324190197645884
 0.850000 0.06557994417535226
 0.860000 1.3522530760348164
 0.870000 2.524526881961371
 0.880000 3.6273274188630524
 0.890000 4.675260690428816
 0.900000 5.696685347640026
 0.910000 6.969301799220506
 0.920000 7.16322635606555
 0.930000 8.357434656267985
 0.940000 8.836377993211494
 0.950000 9.885914712768573
 0.960000 10.019197447637433
 0.970000 11.00753390446848
 0.980000 11.08737026372727
 0.990000 11.422838243370443
 1.000000 11.793963128200039
 1.010000 12.202762750183398
 1.020000 12.535811637147207
 1.030000 12.728401617690544
 1.040000 12.941314344663057
 1.050000 13.174797245517611
 1.060000 13.205142353944684
 1.070000 13.171274067682667
 1.080000 13.25788543554339
 1.090000 13.143996936330408
 1.100000 12.865220478295651
 1.110000 12.11047407421501
 1.120000 11.629360737521178
 1.130000 11.102588920103964
 1.140000 10.6734417632173
 1.150000 10.165528986477934
 1.160000 9.668866951685768
 1.170000 9.124984241227093
 1.180000 8.557453155627234
 1.190000 8.008134783414734
 1.200000 7.531753369657401
 1.210000 7.087279771137271
 1.220000 6.836875998346671
 1.230000 6.487745366672002
 1.240000 6.345263230935092
 1.250000 5.991018645776617
 1.260000 6.00144428236813
 1.270000 5.795945319988337
 1.280000 5.470141233991853
 1.290000 5.228321653317188
 1.300000 4.743973915265922
 1.310000 4.4196013087892485
 1.320000 3.9097787002346496
 1.330000 3.4473098220727367
 1.340000 2.564893435362117
 1.350000 2.0723166497230565
 1.360000 1.1111574972758607
 1.370000 0.4244178810582497
 1.380000 -0.46796388944156053
 1.390000 -1.3838011316343815
 1.400000 -2.406459813595938
 1.410000 -3.0981652622052978
 1.420000 -4.080209844804198
 1.430000 -5.0603847311488135
 1.440000 -6.032278923845792
 1.450000 -6.974146416388926
 1.460000 -7.973357590596098
 1.470000 -8.928526532907473
 1.480000 -9.87655846942063
 1.490000 -10.77170358890714
 1.500000 -11.643708306127703
 1.510000 -12.442485447695207
 1.520000 -13.23266246127911
 1.530000 -13.937548825493863
 1.540000 -14.619405828832148
 1.550000 -15.257485089006526
 1.560000 -15.830482991727877
 1.570000 -16.392877252006212
 1.580000 -16.930240387962446
 1.590000 -17.418981431426893
 1.600000 -17.883816465269526
 1.610000 -18.3698182203478
 1.620000 -18.813722840248175
 1.630000 -19.23679886345025
 1.640000 -19.639471949839045
 1.650000 -20.009642984448753
 1.660000 -20.327273745765698
 1.670000 -20.519783607688048
 1.680000 -20.56140295642773
 1.690000 -20.47271152820425
 1.700000 -20.261011206557818
 1.710000 -19.932469200779433
 1.720000 -19.51987643878695
 1.730000 -19.04554351054389
 1.740000 -18.395105000420408
 1.750000 -17.651778737708696
 1.760000 -16.775067791096053
 1.770000 -15.934438606898949
 1.780000 -15.001204124735885
 1.790000 -13.98531159785248
 1.800000 -12.95924027158467
 1.810000 -11.876991582595544
 1.820000 -10.786203740708686
 1.830000 -9.632654789184114
 1.840000 -8.425965517853546
 1.850000 -7.138789187547404
 1.860000 -5.859369858505412
 1.870000 -3.9052178787405176
 1.880000 -2.676042467398121
 1.890000 -1.46602229219961
 1.900000 -0.21566008648331192
 1.910000 0.8342360857859631
 1.920000 1.9283596278955726
 1.930000 2.950103371903569
 1.940000 3.4358659000495795
 1.950000 4.5654707651903275
 1.960000 5.191367011163974
 1.970000 5.679931140270851
 1.980000 6.457319982547536
 1.990000 7.021836365752804
 2.000000 7.67003766787231
 2.010000 8.301478722716782
 2.020000 8.88509715012325
 2.030000 9.817305246973909
 2.040000 9.756404077139507
 2.050000 10.485213851387789
 2.060000 10.51469935556192
 2.070000 10.711456085421979
 2.080000 11.121985142469242
 2.090000 11.309150806942391
 2.100000 11.307703887438757
 2.110000 11.446362843364332
 2.120000 11.420394040559977
 2.130000 11.511540696050972
 2.140000 11.477870523049805
