0.0 2.14 1.0
Linear 1 explicit
 0.000000 2.94
 0.010000 2.7872570500372578
 0.020000 2.4827453740253045
 0.030000 2.3403559813180244
 0.040000 2.1100578360112117
 0.050000 1.6973869338786398
 0.060000 1.6442446435424416
 0.070000 1.4922667166882964
 0.080000 1.291073475275279
 0.090000 1.200816762449403
 0.100000 0.9731075962533121
 0.110000 -0.9561285332824034
 0.120000 -1.149392632425132
 0.130000 -1.1790684968941476
 0.140000 -1.2290641162267437
 0.150000 -1.1464078910441073
 0.160000 -0.9777292426543989
 0.170000 -0.751800616376866
 0.180000 -0.289474118084827
 0.190000 0.10612136755171846
 0.200000 0.7867312314112346
 0.210000 1.3304377141788377
 0.220000 1.5769485897710451
 0.230000 1.934109981498593
 0.240000 2.6053110393100947
 0.250000 2.7195377598685693
 0.260000 3.1080751181284882
 0.270000 3.1911027382124644
 0.280000 3.5146984403864243
 0.290000 3.6587809233891906
 0.300000 3.9084932319119225
 0.310000 3.9999108039771363
 0.320000 4.027724741804551
 0.330000 4.058844721691585
 0.340000 4.052728782009917
 0.350000 4.014610807918114
 0.360000 3.9532937798833507
 0.370000 3.943549425588054
 0.380000 3.9342336037132277
 0.390000 3.9241153248194323
 0.400000 7.299833899697544
 0.410000 7.24132654857559
 0.420000 7.1138192819892465
 0.430000 7.053966792969324
 0.440000 7.182051532003932
 0.450000 7.24698053616315
 0.460000 8.436361671342656
 0.470000 8.341125514123899
 0.480000 8.328636581299108
 0.490000 8.391074180885024
 0.500000 8.452425349938805
 0.510000 8.418888711629863
 0.520000 8.326591446014305
 0.530000 8.191080773791647
 0.540000 8.06397772620565
 0.550000 7.862690664356652
 0.560000 7.7015822077281415
 0.570000 7.487991002325885
 0.580000 7.287731657574055
 0.590000 7.269372503269142
 0.600000 6.9098986075352204
 0.610000 6.7051194202473585
 0.620000 6.60976001674154
 0.630000 6.486053521548235
 0.640000 6.2642459242775015
 0.650000 6.013080511381938
 0.660000 5.741702846167509
 0.670000 3.8557684360030464
 0.680000 3.9253919597083926
 0.690000 4.020209760500218
 0.700000 4.120873958973888
 0.710000 4.40856685528962
 0.720000 4.644964571529931
 0.730000 4.889591206877197
 0.740000 5.342207897503841
 0.750000 5.579785103772285
 0.760000 6.055223242861597
 0.770000 6.2804859782477545
 0.780000 6.450814383886131
 0.790000 6.626399232284231
 0.800000 6.78548204097399
 0.810000 6.781064801439645
 0.820000 6.752014144397884
 0.830000 6.6490145223636645
 0.840000 6.508066976369684
 0.850000 6.877666322513753
 0.860000 6.738495179341032
 0.870000 6.481392967279842
 0.880000 6.111382426855362
 0.890000 5.8410421477421135
 0.900000 5.572132916408623
 0.910000 5.506499064840492
 0.920000 4.525933164237697
 0.930000 4.491489506015466
 0.940000 4.129448975062202
 0.950000 4.074801038208215
 0.960000 3.4857993527942024
 0.970000 3.445130290330813
 0.980000 2.9430985172580355
 0.990000 0.24341101123352332
 1.000000 0.033419825217230054
 1.010000 -0.1823590398007922
 1.020000 -0.421205074393878
 1.030000 -0.7872298288584927
 1.040000 -1.0970893015583463
 1.050000 -6.702918743990969
 1.060000 -6.788702807049771
 1.070000 -6.906068031765609
 1.080000 -6.961443613543222
 1.090000 -7.047294030910206
 1.100000 -7.141282321429612
 1.110000 -7.266668902040852
 1.120000 -7.271509352261508
 1.130000 -7.212940707788322
 1.140000 -7.210070578686072
 1.150000 -7.103977557475232
 1.160000 -6.98097648930937
 1.170000 -6.801843154959202
 1.180000 -6.531348194251057
 1.190000 -6.20517663226773
 1.200000 -5.830606899797122
 1.210000 -5.476366578657799
 1.220000 -4.905925488868901
 1.230000 -4.599557515886798
 1.240000 -4.294242340611869
 1.250000 -4.151606806804978
 1.260000 -3.9826765221689633
 1.270000 -3.842598106827669
 1.280000 -3.7095711765061394
 1.290000 -3.5683855541140055
 1.300000 -3.404921121146149
 1.310000 -3.1880741364293943
 1.320000 -2.8763841734838733
 1.330000 0.23948453358404836
 1.340000 0.3570053142850184
 1.350000 0.9036205201381698
 1.360000 1.0170025782787746
 1.370000 1.464841027493153
 1.380000 1.906760488222303
 1.390000 2.2540010167029623
 1.400000 2.3539380517350277
 1.410000 7.883266119300072
 1.420000 7.880282025597112
 1.430000 7.8817499444807
 1.440000 7.842307315148135
 1.450000 7.918615675180803
 1.460000 7.89576663334642
 1.470000 7.849558942548699
 1.480000 7.8628665371061635
 1.490000 7.796449814107026
 1.500000 7.682116142562794
 1.510000 7.595762614377192
 1.520000 7.495347729574978
 1.530000 7.325703916026744
 1.540000 7.153833090134035
 1.550000 6.9000578003576045
 1.560000 6.5349098733220155
 1.570000 6.342369223239774
 1.580000 6.184884843349606
 1.590000 5.7853451736674995
 1.600000 5.748647511170375
 1.610000 5.26645561983302
 1.620000 5.159344741317088
 1.630000 5.0072755546777445
 1.640000 4.844222883212979
 1.650000 4.66986574758487
 1.660000 4.461227431657183
 1.670000 4.258157257747748
 1.680000 4.215315831787555
 1.690000 4.056718470542014
 1.700000 3.924539691912596
 1.710000 3.855255157204898
 1.720000 3.7709888478579625
 1.730000 3.526412114028007
 1.740000 3.642601378432193
 1.750000 3.8639910206547685
 1.760000 4.065229450908102
 1.770000 4.506838534210551
 1.780000 4.81657226613093
 1.790000 5.022696334904325
 1.800000 5.47673760638817
 1.810000 5.77565701280178
 1.820000 6.129882497263975
 1.830000 6.472450758719049
 1.840000 6.7339932687741895
 1.850000 6.925449298709578
 1.860000 6.902190053779163
 1.870000 7.011391403608735
 1.880000 6.881112890978838
 1.890000 6.613044458994365
 1.900000 6.434202620070437
 1.910000 5.883651870981632
 1.920000 5.5623548647930505
 1.930000 5.067196006118328
 1.940000 4.499205808560094
 1.950000 4.356458026485884
 1.960000 3.655049940013131
 1.970000 3.0745779538886424
 1.980000 2.690482976256729
 1.990000 2.061430070892225
 2.000000 1.782492833279174
 2.010000 1.5911321350076906
 2.020000 1.4326613960532657
 2.030000 1.4474904232189565
 2.040000 1.22757681209641
 2.050000 1.2401586559778146
 2.060000 0.9898149523969354
 2.070000 0.5539284435822908
 2.080000 0.4462612253094835
 2.090000 0.3545494273560965
 2.100000 -2.5674117648800268
 2.110000 -2.6272019561716236
 2.120000 -2.888442847126429
 2.130000 -2.948307622005611
 2.140000 -3.009133900682096
