0.0 2.14 1.0
Linear 1 explicit
 0.000000 -1.53
 0.010000 -1.7063843843838356
 0.020000 -1.881680846658812
 0.030000 -2.2553396127378593
 0.040000 -2.5803440434803235
 0.050000 -2.8770308460267
 0.060000 -3.302072127158493
 0.070000 -3.699722370902077
 0.080000 -4.076662118905876
 0.090000 -4.537892929734956
 0.100000 -4.920376723019621
 0.110000 -4.9727601814841735
 0.120000 -5.145755132218224
 0.130000 -5.394314489858477
 0.140000 -5.315421954933595
 0.150000 -5.296554449039795
 0.160000 -5.157887460278853
 0.170000 -4.942405752385253
 0.180000 -4.585884426173336
 0.190000 -4.2485573184610255
 0.200000 -3.8189519007018755
 0.210000 -3.4572945579211005
 0.220000 -2.988409823593851
 0.230000 -2.4557678626334147
 0.240000 -1.9640815753904308
 0.250000 -1.4618509483568454
 0.260000 -0.8685344489852194
 0.270000 -0.28837708282270696
 0.280000 0.34387033252130855
 0.290000 1.0189903136921494
 0.300000 1.642999747329231
 0.310000 2.284360923577364
 0.320000 2.877571381456367
 0.330000 3.384580683388389
 0.340000 3.9129579868463122
 0.350000 4.399650449962238
 0.360000 4.816007267683104
 0.370000 5.173633223669649
 0.380000 5.838265594098049
 0.390000 5.976661861266358
 0.400000 6.069396942817624
 0.410000 6.648933567879643
 0.420000 6.845525073218584
 0.430000 7.072916265818927
 0.440000 7.310285287469315
 0.450000 7.689918363266573
 0.460000 7.828366605306989
 0.470000 8.09002007053169
 0.480000 8.193853350768633
 0.490000 8.398923281507386
 0.500000 8.535029340638348
 0.510000 8.553920581146762
 0.520000 8.592204764055392
 0.530000 8.515664745923168
 0.540000 8.466081723110586
 0.550000 8.304250251639912
 0.560000 8.173220301670591
 0.570000 7.92910671804525
 0.580000 7.608257909500153
 0.590000 7.3055581726651315
 0.600000 6.7959267469723565
 0.610000 6.300830192434523
 0.620000 5.877323710420953
 0.630000 5.61495498113522
 0.640000 5.391426301096587
 0.650000 5.076189346022409
 0.660000 4.743495417628335
 0.670000 4.470375869870108
 0.680000 4.165547325027836
 0.690000 4.016687455733669
 0.700000 3.8004684572785195
 0.710000 3.7050402700726353
 0.720000 3.5467911420908638
 0.730000 3.3856736513888555
 0.740000 3.3100093247152285
 0.750000 3.1678222078724105
 0.760000 3.152176606868835
 0.770000 2.982627954867504
 0.780000 2.838354296404548
 0.790000 2.720754741197081
 0.800000 2.685132088404418
 0.810000 2.533825657526038
 0.820000 2.266685625774767
 0.830000 1.9929050349268076
 0.840000 1.6935088211638163
 0.850000 1.518572444983554
 0.860000 1.1357505392211131
 0.870000 0.7590064564723302
 0.880000 0.4801390836133825
 0.890000 0.23743727439826864
 0.900000 0.005974318499958584
 0.910000 -0.2227057850981944
 0.920000 -0.2810047083506798
 0.930000 -0.5223815751878744
 0.940000 -0.5979781257486223
 0.950000 -0.8384295602284182
 0.960000 -0.7929867094066544
 0.970000 -1.060779244770101
 0.980000 -1.1613836585365849
 0.990000 -1.1672659997093724
 1.000000 -1.358987706866458
 1.010000 -1.6092883270130895
 1.020000 -1.8300960681870286
 1.030000 -2.0207744562168344
 1.040000 -2.2273735032369175
 1.050000 -1.8168357430096382
 1.060000 -2.0879499394606356
 1.070000 -2.3809849610648506
 1.080000 -2.6217585435946016
 1.090000 -2.8912248449243934
 1.100000 -3.1513659595937717
 1.110000 -3.383215258557364
 1.120000 -3.580225222485459
 1.130000 -3.6451761837367207
 1.140000 -3.715417303359347
 1.150000 -3.556817956808681
 1.160000 -3.373172352908415
 1.170000 -3.150792495059815
 1.180000 -2.833697763773062
 1.190000 -2.4516648139847845
 1.200000 -2.0415192570870464
 1.210000 -1.6359798260024496
 1.220000 -1.2685429388310283
 1.230000 -0.9424863262895007
 1.240000 -0.6683300110310422
 1.250000 -0.3179341767523384
 1.260000 -0.08320082289560607
 1.270000 0.22893050737029821
 1.280000 0.5484061438820063
 1.290000 0.8672688933941991
 1.300000 1.284578267239703
 1.310000 1.7007400623760651
 1.320000 2.114822546529674
 1.330000 2.320606493830569
 1.340000 2.879363495054603
 1.350000 3.1947192487856513
 1.360000 3.7450590911644133
 1.370000 4.012164411039934
 1.380000 4.301428127664835
 1.390000 4.662812861450501
 1.400000 5.205455753835932
 1.410000 4.9335955953699
 1.420000 5.329588934568146
 1.430000 5.654629312963206
 1.440000 6.216883238417737
 1.450000 6.372230213578794
 1.460000 6.695932808804895
 1.470000 7.162467692798633
 1.480000 7.299079337951981
 1.490000 7.727410359767643
 1.500000 7.867598546547865
 1.510000 7.964220978855576
 1.520000 8.17678333466054
 1.530000 8.288179432564494
 1.540000 8.411988685042584
 1.550000 8.457153301738439
 1.560000 8.38980720855077
 1.570000 8.394648916735905
 1.580000 8.365349935755754
 1.590000 8.197740251658859
 1.600000 8.094808478049904
 1.610000 7.796643973902114
 1.620000 7.5128204507005565
 1.630000 7.154247432540307
 1.640000 6.700774828568572
 1.650000 6.124323961102795
 1.660000 5.542699527307865
 1.670000 5.062355005846635
 1.680000 4.655917588054476
 1.690000 4.39409472949576
 1.700000 4.177712431787701
 1.710000 3.991387538425242
 1.720000 3.9061424389925996
 1.730000 3.934795983813954
 1.740000 3.8229689188581775
 1.750000 3.8461192660661236
 1.760000 3.8127686456906362
 1.770000 3.9764666126391353
 1.780000 3.978926961973446
 1.790000 3.8707106806179867
 1.800000 3.8499947338070646
 1.810000 3.7533195354879094
 1.820000 3.6892268323226287
 1.830000 3.6498850781063155
 1.840000 3.6162886000361882
 1.850000 3.573705541325533
 1.860000 3.4020809875243345
 1.870000 3.3553106531234196
 1.880000 3.0997869100209186
 1.890000 2.780481529943763
 1.900000 2.5277664742749235
 1.910000 2.0502467883271627
 1.920000 1.6804665946568258
 1.930000 1.2584852246716374
 1.940000 0.9126318769901698
 1.950000 0.6342609889588842
 1.960000 0.22202296356402537
 1.970000 -0.032258348466705236
 1.980000 -0.3076915656423853
 1.990000 -0.5164392806601342
 2.000000 -0.7111061140279676
 2.010000 -0.8436228054934437
 2.020000 -0.9434259997619906
 2.030000 -1.1860019996814983
 2.040000 -1.1421783223729605
 2.050000 -1.396303069912742
 2.060000 -1.3342429719820377
 2.070000 -1.325524634963834
 2.080000 -1.5619259345900915
 2.090000 -1.7242225218355722
 2.100000 -1.4488744561397664
 2.110000 -1.6828460715076021
 2.120000 -1.8540337991935494
 2.130000 -2.1651752409279164
 2.140000 -2.508826174215435
