0.0 2.14 1.0
Linear 1 explicit
 0.000000 9.66
 0.010000 9.676020026827855
 0.020000 9.739434953009049
 0.030000 9.709590063783804
 0.040000 9.57218550581116
 0.050000 9.265164497049572
 0.060000 9.20044467422404
 0.070000 8.90683669776224
 0.080000 8.608844442462068
 0.090000 8.567074062590459
 0.100000 8.244295715961144
 0.110000 6.904554740520753
 0.120000 6.686634237088141
 0.130000 6.688048452722177
 0.140000 6.2295351919391555
 0.150000 6.009357285243959
 0.160000 5.7679515831742005
 0.170000 5.583037630740458
 0.180000 5.327279792665284
 0.190000 5.154654563012242
 0.200000 4.850697601365518
 0.210000 4.660215473762269
 0.220000 4.602043215289061
 0.230000 4.571014493615271
 0.240000 4.448001348380155
 0.250000 4.445474874506635
 0.260000 4.545729618903687
 0.270000 4.55198315141279
 0.280000 4.485651410324488
 0.290000 4.463060202930282
 0.300000 4.242672898295463
 0.310000 4.166859874968617
 0.320000 4.056452734921646
 0.330000 3.7486711972213063
 0.340000 3.666448370132156
 0.350000 3.61359310321481
 0.360000 3.5822315503296314
 0.370000 3.5487802376085056
 0.380000 3.5811068348038892
 0.390000 3.5607514129368294
 0.400000 1.1888156936893182
 0.410000 1.22494341495041
 0.420000 1.2519095116871164
 0.430000 1.3039326255763513
 0.440000 1.355030077214985
 0.450000 1.3751541597903456
 0.460000 1.0656853704257587
 0.470000 1.128568808499399
 0.480000 1.2542627987536992
 0.490000 1.3098099871649835
 0.500000 1.32828113840637
 0.510000 1.2983614205817147
 0.520000 1.2452676923584383
 0.530000 1.1531349388995638
 0.540000 1.0670384523189431
 0.550000 0.8958521867929986
 0.560000 0.7856606496396961
 0.570000 0.6644118472740842
 0.580000 0.5288948186681336
 0.590000 0.47623972989624314
 0.600000 0.2716806752197338
 0.610000 0.19477140122221828
 0.620000 0.14295712236206243
 0.630000 0.14818351659533752
 0.640000 0.2371908043530597
 0.650000 0.4286434762487051
 0.660000 0.7441930918210099
 0.670000 2.8771438377525187
 0.680000 3.11605149599712
 0.690000 3.8023241449837735
 0.700000 4.039988295138767
 0.710000 4.636350792379639
 0.720000 4.963658618623943
 0.730000 5.148578202086353
 0.740000 5.3009446220812935
 0.750000 5.300246921629799
 0.760000 5.079410783021112
 0.770000 4.892327762020385
 0.780000 4.661643748113772
 0.790000 4.266274497659704
 0.800000 3.276561434197308
 0.810000 2.1898009506574603
 0.820000 1.9179660822275038
 0.830000 1.0565196644086046
 0.840000 -0.055987273907142115
 0.850000 -8.116391192199428
 0.860000 -8.396423689467015
 0.870000 -8.92885721297064
 0.880000 -9.713270724716423
 0.890000 -9.851941680260207
 0.900000 -9.900911542064394
 0.910000 -9.914094318415883
 0.920000 -5.974145280403276
 0.930000 -6.019234238221487
 0.940000 -6.14458905343018
 0.950000 -6.146228092602744
 0.960000 -5.804326329538596
 0.970000 -5.737688491015451
 0.980000 -5.065583397866382
 0.990000 -1.7549727270332667
 1.000000 -1.5766745785434253
 1.010000 -1.3837399464608697
 1.020000 -1.142965618417323
 1.030000 -0.7659242651987432
 1.040000 -0.4701340941270548
 1.050000 0.3605412800611947
 1.060000 0.5668114476205747
 1.070000 0.7269315638920206
 1.080000 0.7523549822839932
 1.090000 0.7995060500049789
 1.100000 0.824339513616703
 1.110000 0.7177148368260645
 1.120000 0.5938158258693406
 1.130000 0.2613269688958446
 1.140000 0.2292219823771735
 1.150000 -0.20785646050860426
 1.160000 -0.5394501148303605
 1.170000 -0.8106699734948833
 1.180000 -1.075090051015544
 1.190000 -1.286992581806587
 1.200000 -1.4418554915660073
 1.210000 -1.5015175414093416
 1.220000 -1.4813779811355121
 1.230000 -1.35990188897095
 1.240000 -1.0440244064110806
 1.250000 -0.7617079117069526
 1.260000 -0.05363190066340498
 1.270000 0.5193273726907537
 1.280000 1.142859139538331
 1.290000 1.9704219483688965
 1.300000 2.550207689741599
 1.310000 3.215403721051407
 1.320000 3.6062934128223625
 1.330000 0.6486611322034982
 1.340000 0.8300212222000246
 1.350000 1.4453046326845638
 1.360000 1.5499354726507593
 1.370000 1.7970415647420905
 1.380000 1.8638238469146038
 1.390000 1.836186226316385
 1.400000 1.8263511485537662
 1.410000 -1.588954076467812
 1.420000 -1.7012658445293427
 1.430000 -1.8770644597255166
 1.440000 -1.923569250333227
 1.450000 -2.537304299081016
 1.460000 -2.71137571710061
 1.470000 -2.738914888797639
 1.480000 -3.0111897092978697
 1.490000 -3.0588882949799165
 1.500000 -3.3165319639878317
 1.510000 -3.6776115882416085
 1.520000 -3.835720926215473
 1.530000 -4.060057305103954
 1.540000 -4.244080007870835
 1.550000 -4.479707629654423
 1.560000 -4.9217643765138535
 1.570000 -5.148071967564367
 1.580000 -5.310375274813679
 1.590000 -5.705002774481041
 1.600000 -5.731776040255439
 1.610000 -6.192965150157733
 1.620000 -6.317664846492666
 1.630000 -6.455261181676726
 1.640000 -6.6057902540698334
 1.650000 -6.744148251126569
 1.660000 -6.831756870907028
 1.670000 -6.863967795500744
 1.680000 -6.834125002524276
 1.690000 -6.684739470574184
 1.700000 -6.464601981699407
 1.710000 -6.213153846226137
 1.720000 -5.849911761797641
 1.730000 -5.093245044302216
 1.740000 -4.762477628171672
 1.750000 -4.361984080414847
 1.760000 -4.085973140599605
 1.770000 -3.6260810447091334
 1.780000 -3.3197832126210813
 1.790000 -3.195780726118968
 1.800000 -3.0752959128673307
 1.810000 -3.0327004112322036
 1.820000 -3.1220729024680094
 1.830000 -3.441770401507624
 1.840000 -3.931638646724068
 1.850000 -4.825072367836073
 1.860000 -5.671650214140739
 1.870000 -13.395369581402838
 1.880000 -13.595846100956686
 1.890000 -14.09843319955193
 1.900000 -14.390089417422463
 1.910000 -15.375835201773986
 1.920000 -15.78089169030364
 1.930000 -16.324309126343156
 1.940000 -12.731878423892894
 1.950000 -12.761736212269186
 1.960000 -12.918193145315882
 1.970000 -9.829756763988406
 1.980000 -9.960388169096383
 1.990000 -8.076899700169973
 2.000000 -8.158442858593032
 2.010000 -8.174906318008166
 2.020000 -8.130278671813725
 2.030000 -8.166440871567804
 2.040000 -7.823206014247723
 2.050000 -7.773072404566351
 2.060000 -7.444190343784672
 2.070000 -7.192128979139571
 2.080000 -7.042692196729834
 2.090000 -6.8749934622189235
 2.100000 -5.630206826326399
 2.110000 -5.6532339535657545
 2.120000 -5.548765187456713
 2.130000 -5.533487529140846
 2.140000 -5.484466016344305
