0.0 2.14 1.0
Linear 1 explicit
 0.000000 -9.47
 0.010000 -9.494577772033514
 0.020000 -9.802887669251424
 0.030000 -9.843954753597863
 0.040000 -9.911667735459025
 0.050000 -9.934241865067664
 0.060000 -9.756063456369253
 0.070000 -9.705851564782186
 0.080000 -9.611017119142229
 0.090000 -9.412964068061434
 0.100000 -9.346778858096728
 0.110000 -8.771169818062235
 0.120000 -8.577046114697735
 0.130000 -8.394356047730232
 0.140000 -8.044540243165299
 0.150000 -7.658115557940079
 0.160000 -7.3354656674993635
 0.170000 -7.0516710248514265
 0.180000 -6.722038547143565
 0.190000 -6.500347887570987
 0.200000 -6.177230461567625
 0.210000 -5.953801459137363
 0.220000 -5.928459169006183
 0.230000 -5.827668030039488
 0.240000 -5.645556484544638
 0.250000 -5.698253970540567
 0.260000 -5.628568395462403
 0.270000 -5.707261249956167
 0.280000 -5.609838085753072
 0.290000 -5.654382643883336
 0.300000 -5.613830296564613
 0.310000 -5.625360824906013
 0.320000 -5.6381070609387365
 0.330000 -5.612662335656037
 0.340000 -5.6330177421369525
 0.350000 -5.660533371991087
 0.360000 -5.656566584579418
 0.370000 -5.643640942540325
 0.380000 -5.657750211598256
 0.390000 -5.591432717603254
 0.400000 -5.166281890952324
 0.410000 -5.103012353653305
 0.420000 -5.008091051106395
 0.430000 -4.91730302877511
 0.440000 -4.796843311499468
 0.450000 -4.634107822565559
 0.460000 -4.425872148160352
 0.470000 -4.270625328233621
 0.480000 -4.111166351306777
 0.490000 -3.9199283781304706
 0.500000 -3.772075807470253
 0.510000 -3.59896827540528
 0.520000 -3.4483511435435052
 0.530000 -3.297953034341335
 0.540000 -3.158969207206598
 0.550000 -3.045537666631911
 0.560000 -2.957472660572491
 0.570000 -2.904301019092469
 0.580000 -2.889227456837327
 0.590000 -2.8963251605475078
 0.600000 -2.866325895531936
 0.610000 -2.8732089508889893
 0.620000 -2.895990835308625
 0.630000 -2.9408261993802514
 0.640000 -3.012736772396473
 0.650000 -3.110859324372029
 0.660000 -3.230315058096797
 0.670000 -3.51387241872814
 0.680000 -3.5991859514192566
 0.690000 -3.6887838449302772
 0.700000 -3.7651218053044437
 0.710000 -3.8428052441365055
 0.720000 -3.9227703909131466
 0.730000 -3.9851032558145048
 0.740000 -4.0941096166413855
 0.750000 -4.181593502713648
 0.760000 -4.260358852524529
 0.770000 -4.343119546770405
 0.780000 -4.4679663638243925
 0.790000 -4.570975841255747
 0.800000 -4.622751983467244
 0.810000 -4.648134135041903
 0.820000 -4.766844943879231
 0.830000 -4.794339050218223
 0.840000 -4.826263229041057
 0.850000 -3.995676881634992
 0.860000 -4.0774684152395
 0.870000 -4.128281915718472
 0.880000 -4.142929533337258
 0.890000 -4.274305273097672
 0.900000 -4.432057446533189
 0.910000 -4.5548425310671945
 0.920000 -5.507245392659519
 0.930000 -5.682833516795925
 0.940000 -6.014176078466398
 0.950000 -6.208343241320529
 0.960000 -6.7312345962716575
 0.970000 -6.949573984596412
 0.980000 -7.6000426637333005
 0.990000 -8.838088087290215
 1.000000 -9.254025386685296
 1.010000 -9.65307970420404
 1.020000 -10.068239807998616
 1.030000 -10.541530186095164
 1.040000 -10.917894312195601
 1.050000 -11.406155109933952
 1.060000 -11.694360535985307
 1.070000 -11.893888620534748
 1.080000 -11.913828221198976
 1.090000 -11.90386212620252
 1.100000 -11.920376702175094
 1.110000 -12.080194088937919
 1.120000 -12.010893940076578
 1.130000 -11.792110491640686
 1.140000 -11.606922774287757
 1.150000 -11.214494499911993
 1.160000 -10.792762459643544
 1.170000 -10.41063200455599
 1.180000 -10.046890641811839
 1.190000 -9.695711482433893
 1.200000 -9.341933711415049
 1.210000 -9.016064776102263
 1.220000 -8.622178755509296
 1.230000 -8.329787670122501
 1.240000 -8.002384942501765
 1.250000 -7.83041292084723
 1.260000 -7.564387375372476
 1.270000 -7.411614416970223
 1.280000 -7.236616636474253
 1.290000 -7.126002887084985
 1.300000 -7.008952062586381
 1.310000 -6.884591223168734
 1.320000 -6.754523573634538
 1.330000 -6.058340849538735
 1.340000 -6.050579107601613
 1.350000 -5.974185335052693
 1.360000 -5.959203859048437
 1.370000 -5.837107233466958
 1.380000 -5.752018167848315
 1.390000 -5.670971844846802
 1.400000 -5.590236330822826
 1.410000 -5.011793998508303
 1.420000 -4.909388926375655
 1.430000 -4.8002026930814115
 1.440000 -4.688760826608898
 1.450000 -4.519437565286915
 1.460000 -4.3542946319811255
 1.470000 -4.20679049258478
 1.480000 -4.038201645683433
 1.490000 -3.8546084448605678
 1.500000 -3.662423025055126
 1.510000 -3.439284531753457
 1.520000 -3.2365463358657336
 1.530000 -3.038709431260478
 1.540000 -2.8422794393707145
 1.550000 -2.6575172454883598
 1.560000 -2.4697420732251403
 1.570000 -2.296818749458885
 1.580000 -2.1461106366657985
 1.590000 -1.996212729595943
 1.600000 -1.914607773234872
 1.610000 -1.8187502116029906
 1.620000 -1.766328997549865
 1.630000 -1.731339837772174
 1.640000 -1.687645144488232
 1.650000 -1.64630302877905
 1.660000 -1.6250070515293493
 1.670000 -1.6174533550006762
 1.680000 -1.6213506194809
 1.690000 -1.651825896581962
 1.700000 -1.7212987198530352
 1.710000 -1.8247923221398263
 1.720000 -1.8854360493762883
 1.730000 -1.9951030478984912
 1.740000 -2.0288983876995785
 1.750000 -2.080679791863066
 1.760000 -2.176368819002499
 1.770000 -2.2184308565103423
 1.780000 -2.289882740711462
 1.790000 -2.3592560639792985
 1.800000 -2.446953902641379
 1.810000 -2.5561983012774605
 1.820000 -2.6614755471905522
 1.830000 -2.779731692138594
 1.840000 -2.9116219388966353
 1.850000 -3.010271528875381
 1.860000 -3.147975208703698
 1.870000 -2.7831122533056347
 1.880000 -2.959689113713488
 1.890000 -3.1050155506729173
 1.900000 -3.254884402528763
 1.910000 -3.343823312295395
 1.920000 -3.5047085784493595
 1.930000 -3.613058342276397
 1.940000 -4.271061817104502
 1.950000 -4.534182107316014
 1.960000 -4.831720078307406
 1.970000 -5.673323146629972
 1.980000 -5.996409647622062
 1.990000 -6.727743367984065
 2.000000 -7.108351578353185
 2.010000 -7.5393568491300265
 2.020000 -7.981458566780106
 2.030000 -8.27007541003708
 2.040000 -8.944289936615554
 2.050000 -9.311295950896268
 2.060000 -9.879346198735158
 2.070000 -10.346894194643799
 2.080000 -10.608996011652449
 2.090000 -10.934869309131509
 2.100000 -11.660041370541345
 2.110000 -11.830772771743526
 2.120000 -12.027919915300624
 2.130000 -12.006350063933162
 2.140000 -11.897885672649796
