0.0 2.14 1.0
Linear 1 explicit
 0.000000 11.670000000000002
 0.010000 12.834892496053053
 0.020000 13.142304724774549
 0.030000 13.080237451673492
 0.040000 12.840534272612826
 0.050000 12.53210785257407
 0.060000 12.148198601946234
 0.070000 11.656185470962944
 0.080000 11.09450597947466
 0.090000 10.486296684786112
 0.100000 9.444276840341315
 0.110000 8.357893196042586
 0.120000 6.769841623353402
 0.130000 5.206751518984182
 0.140000 2.192353884237349
 0.150000 -0.43255943410927755
 0.160000 -2.456507647948253
 0.170000 -3.872135569682386
 0.180000 -5.301213782214796
 0.190000 -5.418872766232886
 0.200000 -4.3262026444169255
 0.210000 -3.4346808446455235
 0.220000 -2.57953729281815
 0.230000 -1.594176989495961
 0.240000 -1.0053250124294932
 0.250000 -0.42106734177897726
 0.260000 1.0245786543490902
 0.270000 1.6762979630104096
 0.280000 2.671068368811588
 0.290000 3.7903513140792047
 0.300000 4.578359171571239
 0.310000 5.67896456064069
 0.320000 6.6478558084729515
 0.330000 7.360543509704484
 0.340000 8.291717343526077
 0.350000 9.136898030072757
 0.360000 10.11603789020828
 0.370000 10.721687212279868
 0.380000 10.98543466588502
 0.390000 11.748471113383408
 0.400000 11.686048252170561
 0.410000 11.78782169237259
 0.420000 11.985909206088435
 0.430000 11.978069476024642
 0.440000 11.798820333047544
 0.450000 11.803049526211025
 0.460000 11.839567732282863
 0.470000 11.792246668611229
 0.480000 11.649438790501232
 0.490000 11.459124756748041
 0.500000 11.306549334077568
 0.510000 10.997316473597259
 0.520000 10.909774973666522
 0.530000 10.735393730272289
 0.540000 10.437685727337362
 0.550000 10.203035088829076
 0.560000 10.223239190843964
 0.570000 10.077325155265006
 0.580000 10.06605644881953
 0.590000 9.870845818411325
 0.600000 9.796826127911311
 0.610000 7.710052553457483
 0.620000 4.909920542686475
 0.630000 2.75597756838842
 0.640000 1.5258597458429202
 0.650000 1.780973405763335
 0.660000 2.4539407013228867
 0.670000 2.789420108384221
 0.680000 3.272014631405604
 0.690000 3.6939140902860603
 0.700000 4.0463053925323225
 0.710000 4.192496775927095
 0.720000 4.459394908094537
 0.730000 4.811912335005613
 0.740000 5.11094886450312
 0.750000 5.440574395244916
 0.760000 5.800060678284787
 0.770000 6.043238580817399
 0.780000 6.258491718067458
 0.790000 6.449358323268705
 0.800000 6.821391904244396
 0.810000 6.92690458368861
 0.820000 6.7651191605352174
 0.830000 6.761149236758918
 0.840000 6.8714849021480395
 0.850000 6.999366543428566
 0.860000 6.951992732614549
 0.870000 7.009316795141103
 0.880000 7.414744166376258
 0.890000 7.663644684693791
 0.900000 7.888314513881352
 0.910000 8.101209174668163
 0.920000 8.71254616171355
 0.930000 8.926339133885675
 0.940000 9.607526476895677
 0.950000 9.905084403189663
 0.960000 10.656911462075787
 0.970000 10.824411373141503
 0.980000 11.174525121351946
 0.990000 11.433270349082667
 1.000000 11.599302311643319
 1.010000 11.625451801724687
 1.020000 11.811386684108015
 1.030000 11.977458449657176
 1.040000 12.01427016967667
 1.050000 12.0237595027998
 1.060000 12.014629410551656
 1.070000 11.907370307479665
 1.080000 11.675024182440941
 1.090000 11.388450459263368
 1.100000 11.012176472516689
 1.110000 10.4463459698804
 1.120000 9.784893355434118
 1.130000 9.007845588687575
 1.140000 8.130932473401446
 1.150000 6.384875653912848
 1.160000 4.364546366553565
 1.170000 1.7491024409765448
 1.180000 -1.1023476067108384
 1.190000 -3.2597616553361517
 1.200000 -5.0326500591859045
 1.210000 -6.726187647695945
 1.220000 -7.779895006709623
 1.230000 -7.041117652741884
 1.240000 -5.705771616016
 1.250000 -4.3708681198739665
 1.260000 -3.1078761100327394
 1.270000 -1.8430807779861147
 1.280000 -0.9842154518073667
 1.290000 -0.132262654801528
 1.300000 1.0018425339842678
 1.310000 1.8454493055854144
 1.320000 2.7551558528373876
 1.330000 3.845796777372678
 1.340000 4.768821086756658
 1.350000 5.7664869663091
 1.360000 6.676846320589376
 1.370000 7.755599967660677
 1.380000 8.636593542155483
 1.390000 9.562690113004132
 1.400000 9.963319964882384
 1.410000 10.692611823245915
 1.420000 11.397889537231938
 1.430000 11.824601142044745
 1.440000 11.95525634100646
 1.450000 12.115538909934255
 1.460000 12.388259267188264
 1.470000 12.506953948019156
 1.480000 12.520800559728396
 1.490000 12.613860041316697
 1.500000 12.570887942700317
 1.510000 12.44731361562468
 1.520000 12.289079428681536
 1.530000 12.119997009563098
 1.540000 11.994505447498456
 1.550000 11.853478445997162
 1.560000 11.276465542675728
 1.570000 10.882165279581434
 1.580000 10.797873072418767
 1.590000 10.43976132965844
 1.600000 10.400778177540701
 1.610000 9.840241735112675
 1.620000 9.878667043852134
 1.630000 9.956498298321135
 1.640000 9.998521337086013
 1.650000 9.648162012773797
 1.660000 7.626902903722794
 1.670000 4.3386217907395315
 1.680000 1.7009939296272036
 1.690000 -0.2509867687835996
 1.700000 -0.21461348577629505
 1.710000 0.6312917900871069
 1.720000 1.0341378509407484
 1.730000 1.4015882889121893
 1.740000 2.035550955043075
 1.750000 2.317474614396374
 1.760000 2.677881202173889
 1.770000 3.04674664272615
 1.780000 3.3967367248073908
 1.790000 3.749206533630786
 1.800000 4.082026896222896
 1.810000 4.395645150171347
 1.820000 4.786290209316584
 1.830000 5.1956065096815
 1.840000 5.527131950599671
 1.850000 5.816226021606676
 1.860000 5.978525576497067
 1.870000 5.974082294326108
 1.880000 5.921122108345756
 1.890000 6.030590123775761
 1.900000 6.105319814086767
 1.910000 6.489894856055479
 1.920000 6.593314890759747
 1.930000 7.023495637893286
 1.940000 7.275732541511365
 1.950000 7.455235466974091
 1.960000 8.123049000652662
 1.970000 8.694093473310982
 1.980000 9.1842356389945
 1.990000 9.714083014359145
 2.000000 10.24409799747603
 2.010000 10.699591409132372
 2.020000 11.09015888331692
 2.030000 11.372737612345087
 2.040000 11.929708040387256
 2.050000 12.066306367913247
 2.060000 12.302153451995908
 2.070000 12.460363992626313
 2.080000 12.559284272240294
 2.090000 12.710511993305778
 2.100000 12.74206425584074
 2.110000 12.62200442955334
 2.120000 12.467831825803838
 2.130000 12.303566326003372
 2.140000 12.071260025346579
