0.0 2.14 1.0
Linear 1 explicit
 0.000000 3.3
 0.010000 4.240396986691751
 0.020000 4.235438833463482
 0.030000 4.500565522899671
 0.040000 4.653483357278299
 0.050000 4.753986256505336
 0.060000 4.520913260233924
 0.070000 4.420434907493225
 0.080000 4.534280777189103
 0.090000 4.136984690841524
 0.100000 1.6781237542098928
 0.110000 -1.0000227823126964
 0.120000 -2.3360220587888922
 0.130000 -3.095132974148669
 0.140000 -2.760181256736794
 0.150000 -1.4979296466956546
 0.160000 -0.8960426716871379
 0.170000 -0.14910213330562339
 0.180000 0.6090219581287529
 0.190000 1.0753075215937804
 0.200000 1.3914718731396403
 0.210000 1.7236468316349465
 0.220000 2.0906432861676527
 0.230000 2.5199532159903297
 0.240000 2.8707062281467075
 0.250000 3.1289342900660895
 0.260000 3.7200302967668906
 0.270000 3.9755657910618365
 0.280000 4.611653788326687
 0.290000 4.82460109808138
 0.300000 5.209511201352913
 0.310000 5.424856705437655
 0.320000 5.672176455461329
 0.330000 6.04841439255628
 0.340000 6.448100737961057
 0.350000 6.793471980854322
 0.360000 7.236274706885496
 0.370000 7.687647962086438
 0.380000 7.94582162866898
 0.390000 8.490623282899087
 0.400000 9.001864975919533
 0.410000 9.329510896103306
 0.420000 9.931334855363543
 0.430000 10.508552958076036
 0.440000 11.10324860072618
 0.450000 11.534845504833791
 0.460000 12.15091411807238
 0.470000 12.6799164215528
 0.480000 13.09997224175226
 0.490000 13.260160279108058
 0.500000 13.550021288088958
 0.510000 13.763904368753458
 0.520000 13.759242038675298
 0.530000 13.818982298540828
 0.540000 13.721579763763385
 0.550000 13.79991931829738
 0.560000 13.476550911951268
 0.570000 12.94131939914412
 0.580000 12.65636580808089
 0.590000 12.211609739476012
 0.600000 11.44276697678616
 0.610000 10.402045082123776
 0.620000 9.137448821981932
 0.630000 7.486668804896849
 0.640000 5.675253340527727
 0.650000 3.3947592695883095
 0.660000 0.42378664209898426
 0.670000 -2.685057957277077
 0.680000 -4.889700289518563
 0.690000 -6.938222091653479
 0.700000 -8.489868232243692
 0.710000 -8.162855417473251
 0.720000 -6.789351402405656
 0.730000 -5.352914709176761
 0.740000 -4.242346638854357
 0.750000 -3.0516583999035682
 0.760000 -1.626575387977999
 0.770000 0.08235843206226895
 0.780000 1.6677533126291426
 0.790000 3.1887052417956436
 0.800000 4.355725840959879
 0.810000 5.456985193005728
 0.820000 6.620844619055276
 0.830000 7.8942664059059355
 0.840000 8.944822497796876
 0.850000 9.708155439793712
 0.860000 10.650103118791897
 0.870000 11.407499421424786
 0.880000 11.725349834070261
 0.890000 12.117867339931468
 0.900000 12.454078742751125
 0.910000 12.606251932495413
 0.920000 12.465566958480084
 0.930000 12.429559195628148
 0.940000 12.084437342410768
 0.950000 11.987061796804364
 0.960000 11.39987653640002
 0.970000 11.259618225120036
 0.980000 10.23248429467942
 0.990000 9.78641276175357
 1.000000 9.067615135942004
 1.010000 8.346883959792638
 1.020000 7.62683692424691
 1.030000 6.803961871406351
 1.040000 6.0777361518136095
 1.050000 5.3587719114947285
 1.060000 4.995807997183984
 1.070000 4.927909872181419
 1.080000 4.860052601156261
 1.090000 4.672641048327934
 1.100000 4.499505769095601
 1.110000 4.200968897962888
 1.120000 1.4234592624529463
 1.130000 -1.0953483904700436
 1.140000 -1.8971081909116714
 1.150000 -3.1241523699926605
 1.160000 -2.339915283441284
 1.170000 -1.538243535104957
 1.180000 -1.1212583454751264
 1.190000 -0.5784677108287607
 1.200000 0.003040666987953126
 1.210000 0.5668077708891397
 1.220000 0.9244715934768094
 1.230000 1.309699494472699
 1.240000 1.636813487875324
 1.250000 2.013827542654926
 1.260000 2.3814499881127755
 1.270000 2.8820550568586447
 1.280000 3.318258496574954
 1.290000 3.7318627825464437
 1.300000 4.124742864820332
 1.310000 4.550390781658088
 1.320000 4.908276846356821
 1.330000 5.174355973493646
 1.340000 5.373739924803052
 1.350000 5.765089565951432
 1.360000 5.961674545389669
 1.370000 6.4270707159786795
 1.380000 6.88903172434635
 1.390000 7.303395442366547
 1.400000 7.559702009134118
 1.410000 8.093947704614441
 1.420000 8.586468400082504
 1.430000 9.143963012297002
 1.440000 9.489745080993934
 1.450000 10.253981680328636
 1.460000 10.89999634955325
 1.470000 11.247187539546546
 1.480000 12.06936847731736
 1.490000 12.413100706183016
 1.500000 13.08758250701775
 1.510000 13.577426677497531
 1.520000 13.816623016050505
 1.530000 14.120535458635281
 1.540000 14.274927707117039
 1.550000 14.40104567594388
 1.560000 14.46029570292634
 1.570000 14.476242787613163
 1.580000 14.339144489506383
 1.590000 14.231364613209156
 1.600000 14.144290645322078
 1.610000 13.59890802140096
 1.620000 13.01182064842196
 1.630000 12.391214887980155
 1.640000 11.739407994220736
 1.650000 11.030526648056112
 1.660000 10.16256232297608
 1.670000 9.015496634969987
 1.680000 7.513516597252971
 1.690000 5.658002613215054
 1.700000 3.1556629091695
 1.710000 0.3691214046958729
 1.720000 -2.053532070030487
 1.730000 -4.131733791523735
 1.740000 -6.262419139435727
 1.750000 -7.98522308714134
 1.760000 -8.199044370328629
 1.770000 -7.126837653541049
 1.780000 -5.853685932257534
 1.790000 -4.535541249463521
 1.800000 -3.421409198297829
 1.810000 -2.2072652761074902
 1.820000 -0.8346272665805885
 1.830000 0.4066755413492588
 1.840000 1.7189054034406954
 1.850000 3.1795450940685344
 1.860000 4.384406373523446
 1.870000 5.341679668166967
 1.880000 6.499743993472529
 1.890000 7.5435537349013515
 1.900000 8.632146105803416
 1.910000 9.488721646817078
 1.920000 10.333014224526181
 1.930000 10.589142512328978
 1.940000 10.944094601750269
 1.950000 11.15271916961865
 1.960000 11.683756395703654
 1.970000 11.79515834801212
 1.980000 11.727897578058288
 1.990000 11.540021153970574
 2.000000 11.431995364597505
 2.010000 11.031406437687355
 2.020000 10.3849481429808
 2.030000 10.158841438918836
 2.040000 8.991163976601804
 2.050000 8.535475335687448
 2.060000 7.391897262913496
 2.070000 6.834595472365172
 2.080000 6.213480574315345
 2.090000 5.801085307687873
 2.100000 5.299196800027939
 2.110000 5.03395162811038
 2.120000 4.704038693596645
 2.130000 4.621454020471762
 2.140000 4.4792646098007864
