0.0 2.14 1.0
Linear 1 explicit
 0.000000 -5.48
 0.010000 -5.390654215291539
 0.020000 -5.143123569310159
 0.030000 -4.926437961630614
 0.040000 -4.676280847293782
 0.050000 -4.606779649519137
 0.060000 -4.364186908459423
 0.070000 -4.354313048893774
 0.080000 -4.3631649840899005
 0.090000 -4.155046840028725
 0.100000 -4.0335015496575295
 0.110000 -3.8481806143120636
 0.120000 -3.5641034223461614
 0.130000 -3.2156224156802473
 0.140000 -2.941430699723011
 0.150000 -2.6392535513290087
 0.160000 -2.3114294806067663
 0.170000 -1.93086681141511
 0.180000 -1.4888550875511202
 0.190000 -1.0643275440476878
 0.200000 -0.49296902685015154
 0.210000 0.11289556477498258
 0.220000 0.5637609533492018
 0.230000 1.1907912320972354
 0.240000 2.407578273019803
 0.250000 3.019014954965683
 0.260000 3.9561949528077105
 0.270000 4.53096340459103
 0.280000 5.848717570897087
 0.290000 6.442462939444209
 0.300000 7.331320692212537
 0.310000 7.781323666980066
 0.320000 8.262746874509897
 0.330000 8.947702970050713
 0.340000 9.327276684883117
 0.350000 9.71198220082799
 0.360000 10.037296340578186
 0.370000 10.418109413655733
 0.380000 10.481997864854673
 0.390000 11.065645888021606
 0.400000 11.516140012565721
 0.410000 11.506091534865797
 0.420000 11.887353844763615
 0.430000 12.226519180291723
 0.440000 12.60318576653171
 0.450000 12.690346062615028
 0.460000 12.871401734405321
 0.470000 12.896392057304586
 0.480000 12.952816315011965
 0.490000 12.987530319020575
 0.500000 13.190559784065767
 0.510000 13.374164002420198
 0.520000 13.370090466922363
 0.530000 13.329784622248273
 0.540000 13.283700051116512
 0.550000 13.485450811499732
 0.560000 13.575053445304397
 0.570000 13.700845901312373
 0.580000 13.98004917012884
 0.590000 14.054998109210842
 0.600000 14.744893635573526
 0.610000 14.871293010201981
 0.620000 14.872044354175708
 0.630000 14.962514941101254
 0.640000 14.877740039854798
 0.650000 14.699160266268164
 0.660000 14.454883877840556
 0.670000 13.885035863120729
 0.680000 13.570532362692811
 0.690000 12.834560874113704
 0.700000 12.314163474795704
 0.710000 11.577389914738328
 0.720000 10.850220453295378
 0.730000 10.081455132094716
 0.740000 8.887142280380864
 0.750000 7.966570981932989
 0.760000 6.807028928409001
 0.770000 5.894904219991384
 0.780000 5.137047285852143
 0.790000 4.23505098897867
 0.800000 3.123831631221705
 0.810000 2.188774175880483
 0.820000 1.688046299326885
 0.830000 0.8718692457632534
 0.840000 0.06926658559708629
 0.850000 -0.9591289845673769
 0.860000 -1.3100663983242786
 0.870000 -1.8608210004141537
 0.880000 -2.627986108086689
 0.890000 -3.0762160848797997
 0.900000 -3.3430112900074134
 0.910000 -3.3920376714590885
 0.920000 -4.114843253710623
 0.930000 -4.076157537587722
 0.940000 -4.700551484607499
 0.950000 -4.571865949035585
 0.960000 -5.410678701367892
 0.970000 -5.1571833483981475
 0.980000 -5.779232110978123
 0.990000 -5.784126217270668
 1.000000 -5.749361102203354
 1.010000 -5.657243503702119
 1.020000 -5.5365985782296265
 1.030000 -5.353238808848619
 1.040000 -5.16962108598964
 1.050000 -4.81039890938176
 1.060000 -4.610191328136085
 1.070000 -4.429968158556339
 1.080000 -4.20052177024941
 1.090000 -4.095517608914763
 1.100000 -4.077951955076919
 1.110000 -4.2603495597025915
 1.120000 -4.2241531442769995
 1.130000 -4.272224777494537
 1.140000 -4.118037408059087
 1.150000 -4.037124520498675
 1.160000 -3.832772327043819
 1.170000 -3.6662176405319973
 1.180000 -3.4911841252163724
 1.190000 -3.315487717154638
 1.200000 -3.100378973979968
 1.210000 -2.8751382804385686
 1.220000 -2.5422684122427963
 1.230000 -2.2296138113742416
 1.240000 -1.765968573512288
 1.250000 -1.3785652173183631
 1.260000 -0.5452648885360666
 1.270000 0.1791307978544417
 1.280000 1.0416401171492369
 1.290000 2.0576783302588533
 1.300000 2.8460344453732853
 1.310000 3.8574304322250232
 1.320000 4.611410222702789
 1.330000 5.132117243536714
 1.340000 5.420315772696795
 1.350000 6.297352216664388
 1.360000 6.496348944117582
 1.370000 7.031877510031729
 1.380000 7.390602261327112
 1.390000 7.557501428318796
 1.400000 7.630776242597319
 1.410000 8.174915720172358
 1.420000 8.411799574023004
 1.430000 8.767656785070768
 1.440000 8.79335108226938
 1.450000 9.625270917000185
 1.460000 9.89290448746518
 1.470000 9.906214927134126
 1.480000 10.543484376733042
 1.490000 10.462447906382165
 1.500000 10.915125426404314
 1.510000 11.264911830349053
 1.520000 11.415163969707697
 1.530000 11.63445822052726
 1.540000 11.829027516261847
 1.550000 12.020738719644786
 1.560000 12.20268739742892
 1.570000 12.406267417213098
 1.580000 12.572889073181548
 1.590000 12.883939732462194
 1.600000 12.892582791072385
 1.610000 13.603554565196745
 1.620000 13.782360568313683
 1.630000 14.105276098167181
 1.640000 14.599408598896094
 1.650000 15.13643458402302
 1.660000 15.597901477809414
 1.670000 15.937493143134686
 1.680000 16.102843689552433
 1.690000 16.046470279851466
 1.700000 15.735708984267923
 1.710000 15.411018019265594
 1.720000 14.903358275461407
 1.730000 14.003127653403281
 1.740000 13.523829108474484
 1.750000 12.853550786303051
 1.760000 12.198228208863481
 1.770000 11.389709283165676
 1.780000 10.706590985611538
 1.790000 10.037437239394311
 1.800000 9.059973741211666
 1.810000 8.226779431017995
 1.820000 7.305506023335913
 1.830000 6.382576383832472
 1.840000 5.506073528461573
 1.850000 4.555749434892701
 1.860000 3.695196130805531
 1.870000 2.7144009406484355
 1.880000 2.081009071115645
 1.890000 1.337834630838003
 1.900000 0.9034282268235965
 1.910000 -0.08341511931030827
 1.920000 -0.6306325564236624
 1.930000 -1.291530122141985
 1.940000 -1.7697534015930938
 1.950000 -1.9475233352626844
 1.960000 -2.4492628210202803
 1.970000 -2.9552035235308094
 1.980000 -3.2376712438347552
 1.990000 -3.646857105731457
 2.000000 -3.931878145159206
 2.010000 -4.223423103025281
 2.020000 -4.478006377396147
 2.030000 -4.210044034238174
 2.040000 -4.859355158661651
 2.050000 -4.600976293536138
 2.060000 -4.923694364676965
 2.070000 -4.8943975433682665
 2.080000 -4.698582985692653
 2.090000 -4.54620473860139
 2.100000 -4.35739922193964
 2.110000 -4.32592187700756
 2.120000 -4.118235621172052
 2.130000 -3.889884791420992
 2.140000 -3.7111223826262076
