0.0 2.14 1.0
Linear 1 explicit
 0.000000 3.94
 0.010000 3.8175627334564295
 0.020000 3.737952149111765
 0.030000 3.7568760617056554
 0.040000 3.7692453684206875
 0.050000 3.9029074714396224
 0.060000 4.121614866298303
 0.070000 4.347878792008792
 0.080000 4.574105731885245
 0.090000 4.834256823209442
 0.100000 4.87346148152906
 0.110000 5.554930910003241
 0.120000 5.970541099163048
 0.130000 6.325426792714426
 0.140000 6.736713864025389
 0.150000 7.251422266855176
 0.160000 7.6065522612542305
 0.170000 7.896549397670728
 0.180000 8.283333242982662
 0.190000 8.451225429245174
 0.200000 8.646729019754543
 0.210000 8.56996042855787
 0.220000 8.179526581792066
 0.230000 7.833898057924719
 0.240000 7.2839989500050555
 0.250000 6.7378396013342305
 0.260000 6.015514943377218
 0.270000 5.425343460738052
 0.280000 4.16081379369049
 0.290000 3.439989451851557
 0.300000 2.4868558135455165
 0.310000 1.870351981087339
 0.320000 1.2068148502682938
 0.330000 0.47831013061394734
 0.340000 0.03795716466934003
 0.350000 -0.4075622979297264
 0.360000 -0.7331433287095752
 0.370000 -1.0458830907603758
 0.380000 -1.053360912612299
 0.390000 -1.4447728238177933
 0.400000 -1.7952019037167963
 0.410000 -1.7078408218404166
 0.420000 -1.9113104304385509
 0.430000 -2.063980488572398
 0.440000 -2.197305831440692
 0.450000 -2.0318328644714887
 0.460000 -2.0417362869467177
 0.470000 -1.8195720162470523
 0.480000 -1.654796573962567
 0.490000 -1.421874607496621
 0.500000 -1.3144792221264843
 0.510000 -1.2695465906728882
 0.520000 -1.1548360122588022
 0.530000 -1.1065439245509083
 0.540000 -1.1268389693279766
 0.550000 -1.3871757944487715
 0.560000 -1.5572030169317368
 0.570000 -1.8291019162458015
 0.580000 -2.192984670794077
 0.590000 -2.535244652477447
 0.600000 -2.9645049040895657
 0.610000 -3.34979335853992
 0.620000 -3.729051291636012
 0.630000 -4.4975782389581385
 0.640000 -5.320865869852598
 0.650000 -6.1162359732365505
 0.660000 -6.790072817011756
 0.670000 -7.208104941655952
 0.680000 -7.533820542810262
 0.690000 -7.869254226074627
 0.700000 -8.038109073855733
 0.710000 -8.477048099528421
 0.720000 -8.546644796020152
 0.730000 -8.407410006705414
 0.740000 -8.138242299930232
 0.750000 -7.628923847229868
 0.760000 -6.849251302141857
 0.770000 -6.131182889968649
 0.780000 -5.368375118357856
 0.790000 -4.387838753610953
 0.800000 -3.14757706936267
 0.810000 -2.0004262213454287
 0.820000 -1.1955266252743069
 0.830000 -0.04905477914328727
 0.840000 0.956564068655352
 0.850000 1.9832135435694485
 0.860000 2.6755250078324977
 0.870000 3.4358238182534464
 0.880000 4.1533101853084
 0.890000 4.729985714818488
 0.900000 5.1474543524967045
 0.910000 5.250222138614219
 0.920000 5.917045784923581
 0.930000 5.900121975909309
 0.940000 6.349131972758954
 0.950000 6.243717834328291
 0.960000 6.695350935839449
 0.970000 6.417970553944776
 0.980000 6.563868312024
 0.990000 6.4747418958606175
 1.000000 6.328504807144663
 1.010000 6.138432487118702
 1.020000 6.024021429982743
 1.030000 6.060053153412894
 1.040000 6.076544337547073
 1.050000 6.126672688269139
 1.060000 6.175568136441144
 1.070000 6.249007605397564
 1.080000 6.355076065637364
 1.090000 6.569755211284723
 1.100000 6.831052423629099
 1.110000 7.0557513927834545
 1.120000 7.30469509408578
 1.130000 8.126984355490206
 1.140000 8.606806444821371
 1.150000 9.337113070297255
 1.160000 10.042610891707456
 1.170000 10.53582192287485
 1.180000 10.773421362005896
 1.190000 10.834410767369581
 1.200000 10.775516947004201
 1.210000 10.684997637559182
 1.220000 10.631738193681176
 1.230000 10.381287754502788
 1.240000 10.137478772808128
 1.250000 9.644906086972606
 1.260000 9.160408053951429
 1.270000 8.43023267792325
 1.280000 7.616303284583384
 1.290000 6.64742720330623
 1.300000 5.6487316722396255
 1.310000 4.408774905206939
 1.320000 3.2804044632247975
 1.330000 2.2584505515870408
 1.340000 1.5403150911755803
 1.350000 0.3481699472663622
 1.360000 -0.20615790992828845
 1.370000 -1.0534473557448565
 1.380000 -1.7586512558390983
 1.390000 -2.1719705628119095
 1.400000 -2.329770575268402
 1.410000 -2.9886642292688843
 1.420000 -3.262967728631069
 1.430000 -3.5758997125445777
 1.440000 -3.5534515450242914
 1.450000 -4.1978642844614695
 1.460000 -4.3161884078739226
 1.470000 -4.155059018311414
 1.480000 -4.48797755246153
 1.490000 -4.19662508746208
 1.500000 -4.164683855155532
 1.510000 -4.160353267362363
 1.520000 -3.8601994473723065
 1.530000 -3.6553305871023745
 1.540000 -3.435730384029362
 1.550000 -3.314233422477253
 1.560000 -3.3576164408740086
 1.570000 -3.2925550126522825
 1.580000 -3.2535125573882677
 1.590000 -3.37223741401635
 1.600000 -3.3636404273734617
 1.610000 -3.8161357066911465
 1.620000 -4.050675986972792
 1.630000 -4.3793202444819235
 1.640000 -4.706143031840979
 1.650000 -4.966766150841267
 1.660000 -5.354933176468698
 1.670000 -5.93691329215501
 1.680000 -6.371486299721507
 1.690000 -7.118062218247879
 1.700000 -7.8199713137562945
 1.710000 -8.480176918015394
 1.720000 -8.95565541746382
 1.730000 -9.329831185351113
 1.740000 -9.539670306254463
 1.750000 -9.692321344123677
 1.760000 -9.750062432458504
 1.770000 -9.750521378510106
 1.780000 -9.50148739546596
 1.790000 -9.06880911803889
 1.800000 -8.418363448289814
 1.810000 -7.678192119720865
 1.820000 -6.726823567978333
 1.830000 -5.631829335311209
 1.840000 -4.530861471093341
 1.850000 -3.2846055412842237
 1.860000 -2.1968950550805633
 1.870000 -1.2678668332908227
 1.880000 -0.43868611345827474
 1.890000 0.5105990405740876
 1.900000 1.246421399041088
 1.910000 2.245825937052076
 1.920000 2.9183257217301124
 1.930000 3.5774242036412818
 1.940000 4.1292355959729115
 1.950000 4.356126922516313
 1.960000 5.035565511542113
 1.970000 5.478332358838688
 1.980000 5.771002317074171
 1.990000 6.023657591144544
 2.000000 6.246106322634406
 2.010000 6.3511755657843185
 2.020000 6.359428297901724
 2.030000 6.072769620800883
 2.040000 6.248187830457895
 2.050000 5.894021113595624
 2.060000 5.949523361113867
 2.070000 5.819946657934753
 2.080000 5.62801948734595
 2.090000 5.565001137449846
 2.100000 5.505122560404527
 2.110000 5.486735230638747
 2.120000 5.509915909900622
 2.130000 5.535188790721388
 2.140000 5.65828621883727
