0.0 2.14 1.0
Linear 1 explicit
 0.000000 -16.34
 0.010000 -16.57692340935022
 0.020000 -16.31684867343727
 0.030000 -15.885354275510732
 0.040000 -15.683162493822135
 0.050000 -15.534598529311998
 0.060000 -15.388864897449354
 0.070000 -15.313218849734826
 0.080000 -15.170660689456454
 0.090000 -14.98848094998819
 0.100000 -14.955307891805928
 0.110000 -15.191392110550185
 0.120000 -15.498980425140084
 0.130000 -15.697011512270977
 0.140000 -16.511729919518725
 0.150000 -17.04266879917625
 0.160000 -17.623991076118124
 0.170000 -18.125661711893944
 0.180000 -18.360975853138672
 0.190000 -18.74091004227229
 0.200000 -19.007863704948072
 0.210000 -19.469534947294207
 0.220000 -20.142688905634643
 0.230000 -20.72640530742278
 0.240000 -21.305242120272272
 0.250000 -21.816649579276095
 0.260000 -22.133891461870444
 0.270000 -22.518328055462423
 0.280000 -22.97679216131126
 0.290000 -23.15323491096262
 0.300000 -23.433083650897277
 0.310000 -23.46083143098039
 0.320000 -23.432482477552533
 0.330000 -23.438288415540427
 0.340000 -23.261732453138567
 0.350000 -23.054036914672384
 0.360000 -22.761534279136857
 0.370000 -22.480862882078537
 0.380000 -22.307209769378503
 0.390000 -21.922521321080072
 0.400000 -21.907095801558032
 0.410000 -21.63070308519628
 0.420000 -21.232021094572595
 0.430000 -21.004774046321682
 0.440000 -20.80905711704966
 0.450000 -20.446753908444162
 0.460000 -20.238367971615773
 0.470000 -19.824230202515107
 0.480000 -19.482638007902505
 0.490000 -19.104979885387863
 0.500000 -18.828114902341458
 0.510000 -18.622932580446655
 0.520000 -18.283919275824775
 0.530000 -18.027783844482
 0.540000 -17.783826653703635
 0.550000 -17.72403868506521
 0.560000 -17.61958392331131
 0.570000 -17.52870554209653
 0.580000 -17.460270162992593
 0.590000 -17.2505879035175
 0.600000 -17.30735586937227
 0.610000 -17.390148952160576
 0.620000 -17.413787984402862
 0.630000 -17.57695754275854
 0.640000 -17.86514209209996
 0.650000 -18.18953629050538
 0.660000 -18.549129096653587
 0.670000 -18.840773716128844
 0.680000 -19.153855058724268
 0.690000 -19.096561996043505
 0.700000 -19.400175244298747
 0.710000 -19.235326186269113
 0.720000 -19.47168027866086
 0.730000 -19.843118700234648
 0.740000 -20.174614826914077
 0.750000 -20.64510260797002
 0.760000 -21.01102023212503
 0.770000 -21.296576502555205
 0.780000 -21.574795512023808
 0.790000 -21.635477598429095
 0.800000 -21.689612690281358
 0.810000 -21.736329511905918
 0.820000 -21.76343486236738
 0.830000 -21.453997253818752
 0.840000 -21.267119466564566
 0.850000 -21.152816977586646
 0.860000 -20.881121304895863
 0.870000 -20.488783874291133
 0.880000 -20.164362080420844
 0.890000 -19.82268686400225
 0.900000 -19.417798848296044
 0.910000 -19.250402880133056
 0.920000 -18.955048487195704
 0.930000 -18.72030840590759
 0.940000 -18.29187727465082
 0.950000 -18.037164873982455
 0.960000 -17.86038369047839
 0.970000 -17.554694466421516
 0.980000 -17.283886341933105
 0.990000 -17.192266203927087
 1.000000 -16.853593967411594
 1.010000 -16.469248003497782
 1.020000 -16.095667145590706
 1.030000 -15.828270613761951
 1.040000 -15.524018126319522
 1.050000 -15.393356904367035
 1.060000 -15.032346279510547
 1.070000 -14.796972917697548
 1.080000 -14.657249731741404
 1.090000 -14.5449870621855
 1.100000 -14.478554152791864
 1.110000 -14.511883528632584
 1.120000 -14.503696279902078
 1.130000 -14.689639036104884
 1.140000 -14.808734465938006
 1.150000 -15.311940614074214
 1.160000 -15.989613058542757
 1.170000 -16.698390834586064
 1.180000 -17.42926955660098
 1.190000 -18.1055283956319
 1.200000 -18.701519635673748
 1.210000 -19.261800421110273
 1.220000 -19.64862218470188
 1.230000 -20.218015174859033
 1.240000 -20.709307959230692
 1.250000 -21.296399276044056
 1.260000 -21.774483395267737
 1.270000 -22.28312808367953
 1.280000 -22.76621280929768
 1.290000 -23.226767585311105
 1.300000 -23.598703245622136
 1.310000 -24.038253516847476
 1.320000 -24.36569390784113
 1.330000 -24.61693908011007
 1.340000 -24.690299607279215
 1.350000 -24.817369266300116
 1.360000 -24.77042932141553
 1.370000 -24.581247412865853
 1.380000 -24.423040249040742
 1.390000 -24.220980637946052
 1.400000 -24.098748998261424
 1.410000 -24.037904768767387
 1.420000 -23.817657606264287
 1.430000 -23.59773188489092
 1.440000 -23.47801295206001
 1.450000 -23.491301025267195
 1.460000 -23.227751661418825
 1.470000 -23.014985139099096
 1.480000 -22.8969453240707
 1.490000 -22.650744723205364
 1.500000 -22.31547973083074
 1.510000 -22.1504031311487
 1.520000 -21.828358225296718
 1.530000 -21.57771470273069
 1.540000 -21.277331026310815
 1.550000 -21.019669934599115
 1.560000 -20.969029124954652
 1.570000 -20.689421815767627
 1.580000 -20.378766661666518
 1.590000 -20.239574393768322
 1.600000 -20.03385909487512
 1.610000 -19.907177016139055
 1.620000 -19.715510223262473
 1.630000 -19.485725238727625
 1.640000 -19.219425415717062
 1.650000 -18.945729110143535
 1.660000 -18.75570979727878
 1.670000 -18.679559896534663
 1.680000 -18.46810112995617
 1.690000 -18.52774530089356
 1.700000 -18.69162229161299
 1.710000 -18.936397205807484
 1.720000 -19.1843425672685
 1.730000 -19.23637254683827
 1.740000 -19.49003429454147
 1.750000 -19.650133317011036
 1.760000 -20.03597247239059
 1.770000 -20.00939154040036
 1.780000 -20.291182685937592
 1.790000 -20.802201422743316
 1.800000 -21.26639621960918
 1.810000 -21.766879466746303
 1.820000 -22.136250588751672
 1.830000 -22.447599784440172
 1.840000 -22.74119337841214
 1.850000 -22.985706579120638
 1.860000 -23.093399509600832
 1.870000 -23.200084904940052
 1.880000 -23.08133198925266
 1.890000 -22.84181264720379
 1.900000 -22.707502307480443
 1.910000 -22.163134761724365
 1.920000 -21.801956183565213
 1.930000 -21.399347171100406
 1.940000 -21.108278467390846
 1.950000 -20.895331132835373
 1.960000 -20.33746621762751
 1.970000 -20.311833526057413
 1.980000 -19.987412891673195
 1.990000 -19.869940177523645
 2.000000 -19.586913231439905
 2.010000 -19.33489445312718
 2.020000 -19.111876463578337
 2.030000 -18.786009803880077
 2.040000 -18.59806328448127
 2.050000 -18.229626374480997
 2.060000 -18.03301651698936
 2.070000 -17.744419841092487
 2.080000 -17.276228632781446
 2.090000 -16.88627440240192
 2.100000 -16.7587931676443
 2.110000 -16.324077258069273
 2.120000 -16.24722233924841
 2.130000 -15.968941486232511
 2.140000 -15.753587218121904
