0.0 1.15 1.0
Linear 4 explicit
 0.000000 -0.21541999814441637 0.9610973599233965 -0.17287593571037238 71.19885428206992
 0.010000 -0.22969391980643614 0.9544272400809903 -0.1905501157053913 72.37187946552515
 0.020000 -0.2534258896134195 0.9409098890941084 -0.22464171268613367 74.14770481752751
 0.030000 -0.27620052609558554 0.9263487416177976 -0.2561079426484949 75.82474886597987
 0.040000 -0.29857028475023145 0.9093310006879946 -0.28978080725254385 77.70284690444889
 0.050000 -0.31300801901411346 0.8971402439309306 -0.31171359090102374 79.5586975401024
 0.060000 -0.3461864204321801 0.8631046009735986 -0.3677028828912806 82.3089756110939
 0.070000 -0.3713940040350612 0.8323546065959809 -0.4114028471525868 85.01396567180866
 0.080000 -0.391011518101298 0.8069271161697529 -0.4426947276646567 87.18804810717018
 0.090000 -0.41067507086716404 0.7785206478955128 -0.4746067708836452 89.55563225050302
 0.100000 -0.42538757439855074 0.7561587028240375 -0.49726193066711466 91.48024248538613
 0.110000 -0.4336900394950531 0.7455763295922105 -0.505992970696814 92.40240780192767
 0.120000 -0.43602454952856406 0.7479876869046324 -0.5003968549536163 92.39530697510796
 0.130000 -0.43662897340665136 0.7519191303739747 -0.49393598872677746 92.02290910730254
 0.140000 -0.43523742281173644 0.7558139043582474 -0.48919702346083416 92.00730325225423
 0.150000 -0.428901378717392 0.7673136977789157 -0.4767318916699062 91.6417136754844
 0.160000 -0.42204519677985325 0.7784541143971533 -0.46463646397285574 91.31392005392065
 0.170000 -0.41860364492493574 0.783079571678409 -0.45995366383530184 91.33142662232498
 0.180000 -0.4023968295263473 0.8058019686834477 -0.4344651641421023 90.23040883629842
 0.190000 -0.38865187232701554 0.8219484415076223 -0.4163537938339173 89.72208207927298
 0.200000 -0.37240216877305593 0.839981814360758 -0.39464816765865435 88.98010386146048
 0.210000 -0.3593532909094386 0.8529564488679777 -0.37859015920528816 88.32684723162998
 0.220000 -0.337832585967469 0.8732358305006614 -0.35118133234605825 87.7335325239656
 0.230000 -0.31706619437157735 0.8909157965912384 -0.32517391004034174 87.05688354620074
 0.240000 -0.2952971537112869 0.907652673291874 -0.2982720497735702 86.36658515928218
 0.250000 -0.27246522660083766 0.9233263230997489 -0.2706126408068408 85.7416250326407
 0.260000 -0.2484209295729819 0.9377032249653454 -0.2428985459810051 85.18469128906082
 0.270000 -0.22326522985489214 0.9509873075900063 -0.21395274698061909 84.55190889961469
 0.280000 -0.20004285820831522 0.9613822771177578 -0.1890157986088001 84.16744799486965
 0.290000 -0.17071873851204433 0.9727881885690111 -0.15664690390007233 83.4885548546955
 0.300000 -0.14221571673535452 0.9819883892313218 -0.12439249707407422 82.9935838520679
 0.310000 -0.11372479270630041 0.9889314796559687 -0.09529533078469996 82.59584323663447
 0.320000 -0.08455257405444773 0.9941501786901413 -0.06720330669786302 82.32123366083151
 0.330000 -0.05405246539750243 0.997834261255111 -0.037484904293844615 82.01389215574724
 0.340000 -0.02221363151835376 0.9997271948712976 -0.007217368601740396 81.47582026989475
 0.350000 0.007434919660315236 0.999790662159768 0.019061842192644906 80.9190834880223
 0.360000 0.03646044036973577 0.9984445647820976 0.042179228835203954 79.480373297148
 0.370000 0.07147354457390527 0.9947602088099929 0.07310033785380937 78.55819555963981
 0.380000 0.10017738137442762 0.9907958833553684 0.09103850716602138 76.40513277222303
 0.390000 0.13302766968242025 0.9846167546340888 0.11328497514101006 74.42785832318654
 0.400000 0.16551556412804302 0.9770030062423352 0.13442367285867216 72.54258316349323
 0.410000 0.19682903468787183 0.9689273282782248 0.1497937369166736 70.42573623086355
 0.420000 0.22705742139366433 0.9596300448125075 0.16599730263834084 68.9841380529025
 0.430000 0.2504874486906033 0.9524185481739759 0.17365179855863397 67.93105588082592
 0.440000 0.2732648366549167 0.9426760460402328 0.19154164369638935 68.03026934338152
 0.450000 0.2853346748345251 0.9379328096556135 0.197145042820261 68.58362416551029
 0.460000 0.2959878669339635 0.9324836931279527 0.2070394761351962 69.3242243050125
 0.470000 0.30352479008950134 0.9288899841990493 0.2122171035892584 69.47023409906167
 0.480000 0.30124161762958723 0.9307965064616539 0.20705398176970624 69.73896267867028
 0.490000 0.29294353332263073 0.93613352351692 0.1945202108580207 69.68249502738583
 0.500000 0.278950707742586 0.9438101450827281 0.1772255982888193 69.7662753956688
 0.510000 0.26064109457788553 0.9538049319466011 0.1494067321494625 69.15792403714606
 0.520000 0.22758447808666854 0.96972499930393 0.0885366085809247 68.31767869359965
 0.530000 0.19959363134254463 0.9791162849916417 0.0386481926053801 68.21340417059594
 0.540000 0.1860224882632361 0.9822728667518689 0.023144094352974036 68.58233545879723
 0.550000 0.15201698493318858 0.9883051916091337 -0.011986848220296933 70.50261109511854
 0.560000 0.13658227324830716 0.9904172906450027 -0.020466387706114853 71.13234980000637
 0.570000 0.11704912077734682 0.992372297913526 -0.03868753880874415 71.51888299674702
 0.580000 0.1100592530028294 0.9935475758436536 -0.027389329375845085 72.38389379162159
 0.590000 0.10061329151065118 0.9944646111195724 -0.03028370522558784 72.70678835500522
 0.600000 0.09073369170865368 0.9952341442070578 -0.035726676214897245 72.73457730055564
 0.610000 0.08727187128522251 0.9957028649980664 -0.03097458824614323 72.60256393417133
 0.620000 0.07839209472586262 0.9962688094764233 -0.03609901312947057 72.54584013470506
 0.630000 0.0722797435582963 0.9966484959844751 -0.03830684172612397 72.23479883749623
 0.640000 0.06749747362099741 0.9969980883661872 -0.03793287293300043 71.8361629285574
 0.650000 0.06186795673655695 0.9973413386584978 -0.03850467675645404 71.54185034936482
 0.660000 0.05628710254625851 0.9976763645269816 -0.038387937573831854 71.25313480033343
 0.670000 0.04959205547300654 0.9978583617009757 -0.04265346430721453 70.7379730643924
 0.680000 0.04797595395627053 0.9983384841209546 -0.03191518392646727 71.0526148598534
 0.690000 0.04367101782596551 0.9985605001088185 -0.031141127540129276 71.23447396320948
 0.700000 0.038877604961982504 0.9988010244454575 -0.02974971258894148 70.88367558491049
 0.710000 0.03499177355876574 0.9990066554446709 -0.027591269642127214 70.68489570060595
 0.720000 0.031698655425710896 0.9991652438516907 -0.02576840551903616 70.70406598381692
 0.730000 0.025417627865347233 0.999300852431763 -0.027418069276491677 70.35354498109793
 0.740000 0.021753811003921 0.9994647462258758 -0.024433435256863173 70.14691700342354
 0.750000 0.019224104884140503 0.9995711908330143 -0.022087739768328753 70.25619507255941
 0.760000 0.014054065481554417 0.9996484469745504 -0.02248256446248667 70.11097183740212
 0.770000 0.008242687285115449 0.9996663334772251 -0.02448019237099875 69.82652126415225
 0.780000 0.006421471511306721 0.9997870114527441 -0.0196136797674506 69.97622824738963
 0.790000 0.004775413321314035 0.9998545529150609 -0.016372795809954238 70.00873733224587
 0.800000 -7.412292384476122E-4 0.9998290265839659 -0.018476151638678447 69.82706453903185
 0.810000 -0.006136364735924561 0.9997722355774872 -0.02044069461200138 69.721021292822
 0.820000 -0.003966395231385822 0.9999094976603671 -0.012855512337552595 69.86816195043036
 0.830000 -0.007650844718062357 0.999889901573328 -0.012714138066753542 69.89086010478138
 0.840000 -0.014124233037172706 0.9997706491747952 -0.01609829462148513 69.75125673758292
 0.850000 -0.020819817086253925 0.9995866174896971 -0.019827489805836415 69.74941636921557
 0.860000 -0.018700588169167157 0.9997873033364856 -0.00869690113117053 69.4480547041331
 0.870000 -0.02639677909611181 0.9995490071348152 -0.014317555278615455 69.50958988566762
 0.880000 -0.030117922706992307 0.999468773615103 -0.012453164262045128 69.09421167455069
 0.890000 -0.034046787916993095 0.9993424399325632 -0.012470123582642843 69.11562494038017
 0.900000 -0.041532859017295205 0.9989911461761571 -0.017079563328647976 69.10337789003405
 0.910000 -0.04992529427523627 0.9984851207933383 -0.023128522344577494 69.22573593485508
 0.920000 -0.05688376603619982 0.998055269034088 -0.025493472004278067 68.96259104025403
 0.930000 -0.06233325917005496 0.9977258683748685 -0.02564481188960676 68.68783943276661
 0.940000 -0.07139926200567111 0.9969367475512236 -0.031925957574258555 68.84177283629091
 0.950000 -0.0815087404096996 0.9959057921971421 -0.03908936306729777 69.03360734299386
 0.960000 -0.09111241426468433 0.9949336475305093 -0.04249194015924586 69.14873077290859
 0.970000 -0.10343680054482424 0.993320216788372 -0.05114464989177165 69.36694160836531
 0.980000 -0.11576978499253175 0.991407105939205 -0.06090408176824387 69.72740413128155
 0.990000 -0.12857287176967325 0.989149583650748 -0.07107825130411609 70.09772614176919
 1.000000 -0.14380803942194192 0.9860211688070539 -0.08415166345348367 70.58762800526928
 1.010000 -0.15848404175263173 0.9824118264442877 -0.09874113515728328 71.2033328331074
 1.020000 -0.17469694697180996 0.9777158663974498 -0.11641589802691416 71.89460563575304
 1.030000 -0.18893105359431794 0.9733393183769569 -0.13006009491470463 72.50289844678167
 1.040000 -0.20684432793889562 0.9659296304721584 -0.15554861932986172 73.76576507035243
 1.050000 -0.22082650646905955 0.9607010477539235 -0.1681937896748394 74.37487334990334
 1.060000 -0.24148028208190858 0.9501191884087562 -0.19738490616845103 75.84981807274262
 1.070000 -0.26098047324801527 0.9400295964847732 -0.21962137946000712 77.01990373297505
 1.080000 -0.2800245040936284 0.9280581123012466 -0.2455492156350013 78.63690640961191
 1.090000 -0.30353975006344514 0.9112611275430118 -0.2783285424825486 80.38985577260368
 1.100000 -0.3176760952314751 0.8996477998100741 -0.2995258499952475 82.1517336694769
 1.110000 -0.3520810737364139 0.8661263326934522 -0.3547732985042774 85.18923770023476
 1.120000 -0.3758793834533085 0.8402663150860352 -0.39072651410736936 87.21749867539904
 1.130000 -0.39121101498141303 0.8221145157537758 -0.41362019383021814 89.15738937397374
 1.140000 -0.4148440533964742 0.7884403747529678 -0.45416537386835504 92.13543600234952
 1.150000 -0.428558859678515 0.7685737842689798 -0.4750069914490845 94.2469297399104
