0.0 1.15 1.0
Linear 4 explicit
 0.000000 0.12515162299229163 0.9742642977558115 0.187473063080462 113.74970684594895
 0.010000 0.10792060159328537 0.9786038744231179 0.17517876787957476 113.23676130510026
 0.020000 0.06028950565138001 0.987377886280717 0.14645847599963516 111.8809176371135
 0.030000 0.037454806808535725 0.9909162371241433 0.1291593916471577 109.9518293102258
 0.040000 0.0170337024538313 0.9935864852790968 0.11178438733314007 108.53859083918357
 0.050000 0.0029645663960269934 0.9951770414321514 0.09805033173036018 107.80651512770913
 0.060000 0.002772954242527671 0.9958124513239828 0.09137763683138993 106.7729909248373
 0.070000 -0.004186468102900999 0.9966672896952474 0.08146647860533339 106.28982410314279
 0.080000 -0.00865454975180945 0.9972251820931531 0.07393940064587289 106.05304402920224
 0.090000 -0.01082011876505802 0.9975318572606402 0.06937664434121704 106.01270249983644
 0.100000 -0.013258626669869633 0.9978340011307764 0.06443225128904694 106.07097549276908
 0.110000 -0.016348746885579676 0.9981193354540996 0.05908054390353789 106.38224754261269
 0.120000 -0.015821937031099447 0.9982511947063217 0.056958042241507294 106.21436531053945
 0.130000 -0.015691551471239663 0.9983814542914254 0.05466486018791023 106.37142574586642
 0.140000 -0.01688411127436187 0.998612391900174 0.049882036144169986 106.66927554131742
 0.150000 -0.01421913548196127 0.9987584019520911 0.04774380290939152 106.63125102533544
 0.160000 -0.01436648764411719 0.9989224626469025 0.04413068832704927 106.62977670096959
 0.170000 -0.017572648046090968 0.9990962557681904 0.03870237396634467 107.31983721552739
 0.180000 -0.013133989655090722 0.9991860487981463 0.03814103043820886 106.65171867236135
 0.190000 -0.014037830026336136 0.9993259421861906 0.0339205041506463 106.72735426737152
 0.200000 -0.012052466150259367 0.9994203804875954 0.03183773116487241 106.91505897467553
 0.210000 -0.012704814501850596 0.9995135966743515 0.028480831300640743 107.29704913775139
 0.220000 -0.013612698116487474 0.9995981251309055 0.024865290763795338 107.11900739101306
 0.230000 -0.012640785992710025 0.9996585021218403 0.022871153556505354 107.07735502899209
 0.240000 -0.012639891602913166 0.9997095607063009 0.020518951549276087 106.99283713428451
 0.250000 -0.012057378466193407 0.9997490581872371 0.018879626009411555 106.85241275179459
 0.260000 -0.013898536744009447 0.9997855859078731 0.015349686877139557 106.88064951432823
 0.270000 -0.01522505989107697 0.9998049891548779 0.01257701126371014 106.91121317280212
 0.280000 -0.01811104408525239 0.9998028479455898 0.008139737221184466 107.28770999833569
 0.290000 -0.017701090609528212 0.9998222117990841 0.00649739828088899 107.27460033509834
 0.300000 -0.015413277916096412 0.9998557566692328 0.007134193666935302 107.54261721891852
 0.310000 -0.019248368592973998 0.999811725403955 0.002452356270131652 107.79295761049833
 0.320000 -0.016967463232185825 0.9998552415071976 0.0012653940287970292 108.23718882746704
 0.330000 -0.020409269223213646 0.9997847354606222 -0.003734229466433927 108.62897158465289
 0.340000 -0.024454261502855915 0.9996619073353098 -0.008835163670269916 108.76743766102825
 0.350000 -0.02466096706368448 0.9996160108599575 -0.012635962009640832 109.3834192114735
 0.360000 -0.02406129355912118 0.9996005729330264 -0.01482392472415004 109.64871854057138
 0.370000 -0.028186004979992955 0.9993887479926121 -0.020680413657057566 109.69835243313459
 0.380000 -0.030822277306724027 0.9992021793057024 -0.025396694516459203 109.82902139499727
 0.390000 -0.033974326576057055 0.9989384287442473 -0.031108852625543446 109.87303352405361
 0.400000 -0.037330267517151496 0.9986081301697051 -0.03725927382630262 109.83286647274522
 0.410000 -0.04196238364814123 0.9981600618167878 -0.043768131699589014 109.46262246462668
 0.420000 -0.045314449804864126 0.9977020771617365 -0.05037028753182674 109.17809936869752
 0.430000 -0.047163275236310635 0.9972875870486225 -0.05650747019394984 108.79268313042134
 0.440000 -0.0537238764119912 0.9964098279924608 -0.06543087790411899 108.44361581480152
 0.450000 -0.05886316234261283 0.9955332552978848 -0.07381507782982936 108.01348513638855
 0.460000 -0.0659018133547606 0.9943534246168569 -0.08317582551007688 107.712562360052
 0.470000 -0.07398608454654121 0.9929181010786343 -0.092950007228999 107.44952000686934
 0.480000 -0.08351428377573271 0.9911020429231925 -0.10364412631162843 107.06549826108981
 0.490000 -0.09469456214270712 0.9888672947588427 -0.11477984691107201 106.49693636272644
 0.500000 -0.10576381429287784 0.9862712954722852 -0.12681856060388783 106.18234565616928
 0.510000 -0.12348759257971596 0.9823388830864694 -0.14057429798968918 105.15366238629785
 0.520000 -0.14143728296027613 0.9776420928402912 -0.15560023552575403 104.26171814388204
 0.530000 -0.1603415815937678 0.9719004440111597 -0.17233718154513178 103.29539536269354
 0.540000 -0.17755542150754083 0.96596769484958 -0.18809700901467882 102.57165381041327
 0.550000 -0.2094008801234468 0.9543081260935119 -0.2131836576180635 101.65181780980288
 0.560000 -0.2406981850640612 0.9408586865309464 -0.23843094531987533 101.13126392853809
 0.570000 -0.2637701280150912 0.9293495919643656 -0.2583305159724059 100.63421494868196
 0.580000 -0.3208070817780599 0.89842619278289 -0.2998552857674624 101.18598625423618
 0.590000 -0.3535376784212895 0.8767180235982058 -0.32615428409656155 101.77847869874913
 0.600000 -0.37616046584266044 0.8594961348759886 -0.34607758966779245 102.69617920868686
 0.610000 -0.4089733666714224 0.8332134675340389 -0.37215064540229587 103.98223282748263
 0.620000 -0.4238867072412902 0.8190834954163162 -0.386551790787116 104.93071485063078
 0.630000 -0.4297532004596535 0.8121712807386161 -0.3945757182570679 105.64602221702111
 0.640000 -0.426281612789275 0.8134393605890534 -0.39572767560817185 105.99744763846877
 0.650000 -0.4199762613130558 0.817550851635399 -0.393993077253575 106.22770392416629
 0.660000 -0.413712332260315 0.822058281369741 -0.39123175761581325 106.23232828894767
 0.670000 -0.4117850948913179 0.8234583533446184 -0.39031958179460835 106.63413569839308
 0.680000 -0.3953204316805843 0.836423557087444 -0.379627961885138 105.90732031498862
 0.690000 -0.38577568201717266 0.8437043809183189 -0.373282789294419 105.87356911595654
 0.700000 -0.3709277695995564 0.8552173855414459 -0.3619610658724946 105.24529303201898
 0.710000 -0.35715111644668973 0.8656365279562213 -0.35087958260460417 104.69182265630944
 0.720000 -0.34237703607107106 0.8764231101855121 -0.3386155594534047 104.33400725341158
 0.730000 -0.32434934559278755 0.8890495299864237 -0.3230919919225013 103.63725285154294
 0.740000 -0.3044390693044517 0.9019898204565627 -0.3061555435947174 102.9452714584293
 0.750000 -0.2845257269494104 0.9140576951131946 -0.2890391681213182 102.50970683739914
 0.760000 -0.26279438806017746 0.9265562713637528 -0.2691330258451692 101.95301149317272
 0.770000 -0.24631091817961553 0.9355480518287425 -0.253141806711099 101.58480576217006
 0.780000 -0.21685395324326953 0.9493856716067816 -0.22724702310592793 101.09204772495653
 0.790000 -0.19068179659686213 0.9605298765852891 -0.20254088138852902 100.92459879611155
 0.800000 -0.16921662752220018 0.9689255406518429 -0.18041349628713144 100.7268015966425
 0.810000 -0.14576143528887003 0.9769140746825999 -0.15618096769314785 100.60350478288933
 0.820000 -0.11277251550364667 0.9855488517015145 -0.12639549302410202 100.85972128839518
 0.830000 -0.08727632790214046 0.9911385686423299 -0.10013580946670257 101.08247320441012
 0.840000 -0.06279871594929566 0.995284720205674 -0.07392325074178609 101.23550820267234
 0.850000 -0.03741009010599344 0.9982229928509402 -0.04638255816547165 101.65939509012286
 0.860000 -0.00879608860515244 0.9998072408527656 -0.017553061374880784 102.52477942727641
 0.870000 0.01600306031157119 0.9998260689567776 0.009577781324564195 103.28640694398965
 0.880000 0.04046246549132655 0.9985607681576851 0.035202005378911994 104.27482771766536
 0.890000 0.06440889018140401 0.9960594749131206 0.06096734618956428 105.836811285617
 0.900000 0.08824722951439909 0.9923154502553067 0.0867321951044757 107.09465274597562
 0.910000 0.11078460814213491 0.9875882350131322 0.1113384419795779 108.5567594788335
 0.920000 0.13023029099533345 0.9825880845729335 0.1325168946307022 109.80458749484079
 0.930000 0.14444455526584457 0.9780804919450159 0.14998107124116733 110.87273690746106
 0.940000 0.1626997837240183 0.9720147753414364 0.16945812725890289 112.24411050280354
 0.950000 0.17896704615323328 0.9659680450798241 0.18675259643670108 113.41000007810561
 0.960000 0.19010789223305544 0.9611574546619928 0.20008832214395803 112.08797623435231
 0.970000 0.2009241659649025 0.9563290279263996 0.21228346585793204 112.02089487271103
 0.980000 0.20825668599799868 0.9526966615470146 0.2213554241808952 112.67680351780336
 0.990000 0.21199073545537686 0.9505509653739498 0.22696429302368368 113.03029608431771
 1.000000 0.20967452043347537 0.9507795501741901 0.22815530336057657 112.38580533056681
 1.010000 0.19858759027072073 0.9546204958783293 0.2219519719206862 112.50205311943921
 1.020000 0.1878982659830816 0.9585136407386546 0.2143498125925941 113.06614386727071
 1.030000 0.17733859039845887 0.9623195666864748 0.20613606168703974 112.55618424482307
 1.040000 0.16296454026865612 0.9672646932369244 0.19452910279005534 113.1356165881637
 1.050000 0.15082770652804364 0.9712596963529349 0.1841347473561011 112.57361733459035
 1.060000 0.12048254533163884 0.9790757048607941 0.16399609880039465 111.26011917618243
 1.070000 0.0845761600426966 0.9863424802059901 0.14133430189988613 110.20743002906586
 1.080000 0.06292669057305546 0.9900968537172408 0.1254928359419116 107.52973638870654
 1.090000 0.036506184324127604 0.99375431681819 0.10544978099221088 105.40114109877973
 1.100000 0.020124566940662395 0.9956146971288004 0.09135850626284281 104.89573670845199
 1.110000 0.016142176249214307 0.9962971461343261 0.08444777528470811 104.2924021951705
 1.120000 0.007614358391978761 0.9971916189364018 0.07450433993584817 103.62867953243911
 1.130000 -0.002284775654332874 0.9979173979287322 0.06446430571531456 103.32430599873162
 1.140000 3.3916862758110133E-4 0.9980414389043112 0.06255534505103738 102.97439854464191
 1.150000 -0.004628643967618535 0.9984223146284527 0.05595942554194154 102.76875906222499
