0.0 2.14 1.0
Linear 1 explicit
 0.000000 36.49
 0.010000 36.446230283096305
 0.020000 37.90950008901981
 0.030000 38.77642586727141
 0.040000 39.84591449192671
 0.050000 41.15874051275255
 0.060000 41.61515539664165
 0.070000 42.6603672964173
 0.080000 43.490874666569134
 0.090000 43.815665520476095
 0.100000 44.637941937905
 0.110000 44.95865612019862
 0.120000 45.01965810526204
 0.130000 44.92307542366255
 0.140000 44.47811364724371
 0.150000 43.85130043356766
 0.160000 43.13416290518082
 0.170000 42.33499001644065
 0.180000 41.30936031534964
 0.190000 40.30750248645786
 0.200000 38.91569699237799
 0.210000 37.61096852483528
 0.220000 36.557571135903736
 0.230000 35.23314655059136
 0.240000 33.65091213074952
 0.250000 32.822649690019524
 0.260000 31.168349280757262
 0.270000 30.343837840777166
 0.280000 28.583339609895138
 0.290000 27.515343889380294
 0.300000 26.23553208234187
 0.310000 25.250195656904573
 0.320000 24.238620576311327
 0.330000 23.192586957170562
 0.340000 22.375813148141177
 0.350000 21.59548603245514
 0.360000 20.80645365087157
 0.370000 20.0718591377852
 0.380000 19.4889436689812
 0.390000 18.78938558764649
 0.400000 17.618509321086666
 0.410000 17.07939209806792
 0.420000 16.497517779118187
 0.430000 15.884487399927957
 0.440000 15.261653920090533
 0.450000 14.759334270128035
 0.460000 14.105070230912077
 0.470000 13.613915269405647
 0.480000 13.109254162358802
 0.490000 12.686804540454172
 0.500000 12.2776846055894
 0.510000 11.861168103505369
 0.520000 11.51232330533444
 0.530000 11.164042104835236
 0.540000 10.847081468790517
 0.550000 10.510517285670678
 0.560000 10.277867062327498
 0.570000 10.061163587420353
 0.580000 9.884204396316424
 0.590000 9.74321982462478
 0.600000 9.615741287452385
 0.610000 9.527632989629678
 0.620000 9.48875539006108
 0.630000 9.385581079149697
 0.640000 9.277447438256162
 0.650000 9.179036467118301
 0.660000 9.050536774794946
 0.670000 9.133244097422297
 0.680000 9.137615439865083
 0.690000 9.019214173937147
 0.700000 9.191774348430135
 0.710000 9.242615722846335
 0.720000 9.477046631547728
 0.730000 9.772551619846576
 0.740000 10.146817348711817
 0.750000 10.521680057248771
 0.760000 10.936029415095788
 0.770000 11.344786540053056
 0.780000 11.86654265303526
 0.790000 12.351834279009493
 0.800000 12.85046059180301
 0.810000 13.377211256405484
 0.820000 14.033743723471087
 0.830000 14.790741428818537
 0.840000 15.624325075655054
 0.850000 15.246037035104969
 0.860000 16.155925461283726
 0.870000 17.28978357139098
 0.880000 18.59881928652078
 0.890000 19.88857327809877
 0.900000 21.236219423903933
 0.910000 22.148201708989507
 0.920000 25.231903815677146
 0.930000 26.17694240442996
 0.940000 28.29983107746322
 0.950000 29.358428097300774
 0.960000 32.02657628074781
 0.970000 32.98155752523285
 0.980000 35.51923475325988
 0.990000 37.86895405951829
 1.000000 39.555337482719814
 1.010000 41.021244681230826
 1.020000 42.47352570124095
 1.030000 44.09317997918442
 1.040000 45.38187806877513
 1.050000 46.68975347208751
 1.060000 47.889517236000074
 1.070000 48.96377903343933
 1.080000 49.56628310446696
 1.090000 50.23235658191799
 1.100000 50.951994198731505
 1.110000 52.281796161394844
 1.120000 52.8310615972896
 1.130000 53.1779641557943
 1.140000 53.20580411701343
 1.150000 52.93277695179974
 1.160000 52.45110543602561
 1.170000 51.79481059773878
 1.180000 51.001143346874414
 1.190000 50.04865592184787
 1.200000 48.8919189263443
 1.210000 47.581359926306405
 1.220000 45.72248325700166
 1.230000 44.031937710106405
 1.240000 41.8469436727348
 1.250000 40.0083836458313
 1.260000 37.48766310560757
 1.270000 35.34241634237135
 1.280000 33.28011283719452
 1.290000 31.053117390899768
 1.300000 29.159833452378805
 1.310000 27.059244476343345
 1.320000 25.238974241661264
 1.330000 22.928633276234315
 1.340000 21.917899729573552
 1.350000 20.076294395356825
 1.360000 19.174348581276895
 1.370000 17.787786014989067
 1.380000 16.780395839343512
 1.390000 15.924045624125563
 1.400000 15.275354029214443
 1.410000 13.803816584961695
 1.420000 13.190070539215714
 1.430000 12.616159608261098
 1.440000 12.12529375326371
 1.450000 11.692157742520529
 1.460000 11.350379447712694
 1.470000 10.933204036449807
 1.480000 10.687538643762114
 1.490000 10.322349242176768
 1.500000 10.155618084451206
 1.510000 9.837729720030419
 1.520000 9.574701001640497
 1.530000 9.315687693638923
 1.540000 9.071177383940562
 1.550000 8.844474403308917
 1.560000 8.585549081975762
 1.570000 8.373216542231699
 1.580000 8.155720692640616
 1.590000 7.978389203147457
 1.600000 7.751455827572054
 1.610000 7.609641769551979
 1.620000 7.472565182084024
 1.630000 7.3587183040841735
 1.640000 7.2630910284390175
 1.650000 7.171318013792134
 1.660000 7.071126485034287
 1.670000 6.99703730449932
 1.680000 6.920217202700469
 1.690000 6.82059751202136
 1.700000 6.761186003629373
 1.710000 6.685773583661432
 1.720000 6.589893865467771
 1.730000 6.592454973121357
 1.740000 6.587811410510544
 1.750000 6.620382816687847
 1.760000 6.819351699125433
 1.770000 6.930993374607311
 1.780000 7.265000872145829
 1.790000 7.644865409363642
 1.800000 8.033973530946684
 1.810000 8.52024999316074
 1.820000 9.032964418009888
 1.830000 9.611930893857298
 1.840000 10.220238535134614
 1.850000 10.789717526440283
 1.860000 11.368386057936782
 1.870000 10.776936583368624
 1.880000 11.544301624109332
 1.890000 12.449219999608369
 1.900000 13.307872277296195
 1.910000 14.557065735808159
 1.920000 15.67601816050101
 1.930000 16.96740232667476
 1.940000 19.167983782068795
 1.950000 20.071493359682112
 1.960000 22.11154224108184
 1.970000 24.535920893014428
 1.980000 26.174737332905234
 1.990000 28.279693679747677
 2.000000 30.08847679172868
 2.010000 31.870098320372378
 2.020000 33.61408198998375
 2.030000 34.586998949991546
 2.040000 37.18141294970361
 2.050000 38.13556185998268
 2.060000 40.39068091772918
 2.070000 42.082794740568815
 2.080000 43.29120264348174
 2.090000 44.60004568310278
 2.100000 46.398787908901156
 2.110000 47.2974253193836
 2.120000 48.479998504564556
 2.130000 49.05060337252913
 2.140000 49.60241953970903
