0.0 2.14 1.0
Linear 1 explicit
 0.000000 18.07
 0.010000 18.006358157766186
 0.020000 17.58798570304138
 0.030000 17.333584401009713
 0.040000 17.116566722609097
 0.050000 16.755754515046206
 0.060000 16.525471260220844
 0.070000 16.31088077412123
 0.080000 16.044600253179127
 0.090000 15.854832836071235
 0.100000 15.761888456596035
 0.110000 14.963432508461167
 0.120000 14.628434766763867
 0.130000 14.439581875832443
 0.140000 13.795311678964826
 0.150000 13.4057741989842
 0.160000 13.01053111197362
 0.170000 12.63644504670497
 0.180000 12.032691644233287
 0.190000 11.661698659338386
 0.200000 11.21809634824093
 0.210000 11.016667053908863
 0.220000 11.005818326443663
 0.230000 10.881975810421466
 0.240000 10.80710759253225
 0.250000 10.962658567869047
 0.260000 10.86024295111407
 0.270000 11.096191748248849
 0.280000 11.213882462441099
 0.290000 11.424417356875745
 0.300000 11.776961105522949
 0.310000 12.150929761696938
 0.320000 12.659764280410005
 0.330000 13.380399076250978
 0.340000 14.089544832963837
 0.350000 14.90366618214092
 0.360000 15.904007506178583
 0.370000 16.970108006473968
 0.380000 17.538131750081995
 0.390000 18.94363233662552
 0.400000 20.89624092192338
 0.410000 21.527977773216634
 0.420000 22.817787276496777
 0.430000 24.06761876140196
 0.440000 25.216541591425127
 0.450000 26.0717813587171
 0.460000 27.53463383921846
 0.470000 28.50026706331117
 0.480000 29.62068555981884
 0.490000 30.458719404250708
 0.500000 31.34435295818923
 0.510000 32.304898145191565
 0.520000 32.97275235070631
 0.530000 33.739222441478155
 0.540000 34.35292712093269
 0.550000 35.0609416347993
 0.560000 35.462240149419955
 0.570000 35.8265452790784
 0.580000 36.14517966885497
 0.590000 36.24557768422632
 0.600000 36.584960226747256
 0.610000 36.705867447417155
 0.620000 36.60156792005932
 0.630000 36.150452483926365
 0.640000 35.5819782111731
 0.650000 35.08800333482504
 0.660000 34.51152728033999
 0.670000 33.48006558627935
 0.680000 32.895121487708074
 0.690000 31.986006598988173
 0.700000 31.410384371894903
 0.710000 30.44772215186515
 0.720000 29.75023372851516
 0.730000 29.10585842468739
 0.740000 28.294204979022183
 0.750000 27.671340789262747
 0.760000 26.859217899111655
 0.770000 26.289966601922558
 0.780000 25.750179200652067
 0.790000 25.136932996499308
 0.800000 24.419138939833765
 0.810000 23.896448879096255
 0.820000 23.568407617449285
 0.830000 23.22922015100379
 0.840000 22.997381285372796
 0.850000 22.721334836024557
 0.860000 22.53674814231122
 0.870000 22.414019047004032
 0.880000 22.150303718573227
 0.890000 21.86067194188217
 0.900000 21.514977102684536
 0.910000 21.24322393531902
 0.920000 20.570654221508995
 0.930000 20.307562623561353
 0.940000 19.819906115054522
 0.950000 19.513017252549325
 0.960000 18.962607076955788
 0.970000 18.727894066712416
 0.980000 18.447269967292595
 0.990000 17.51297580964935
 1.000000 17.295119225361226
 1.010000 17.1073824279667
 1.020000 16.929178271415392
 1.030000 16.70189285299625
 1.040000 16.516884592571863
 1.050000 15.051445498871885
 1.060000 14.964796977360319
 1.070000 14.894616703112922
 1.080000 14.816464720866623
 1.090000 14.762927199115786
 1.100000 14.732343279750877
 1.110000 14.69138101815578
 1.120000 14.575004573113759
 1.130000 14.28290813869324
 1.140000 14.178906287922453
 1.150000 13.705887188504398
 1.160000 13.296718956805107
 1.170000 12.86905759934179
 1.180000 12.387514986987577
 1.190000 11.95064867460572
 1.200000 11.58209319429889
 1.210000 11.363401758143658
 1.220000 11.077509672012722
 1.230000 11.142120206631143
 1.240000 11.28563512457798
 1.250000 11.505887124501141
 1.260000 11.824948957954435
 1.270000 12.161070042228577
 1.280000 12.508383664859322
 1.290000 12.940977203147748
 1.300000 13.235247005568828
 1.310000 13.671097518093626
 1.320000 14.136819277255192
 1.330000 15.19352196061061
 1.340000 15.559657922398554
 1.350000 16.387262549154556
 1.360000 16.854591180374754
 1.370000 17.832610487229804
 1.380000 18.743757119017193
 1.390000 19.575109958575986
 1.400000 20.10285594153868
 1.410000 22.645408164384893
 1.420000 23.39181780430107
 1.430000 24.232963511485863
 1.440000 24.71268641799989
 1.450000 25.860502271589674
 1.460000 26.621189635881205
 1.470000 27.05492584049857
 1.480000 28.04397620628523
 1.490000 28.45179430647953
 1.500000 29.28840901637902
 1.510000 30.13088565313014
 1.520000 30.666236015837942
 1.530000 31.300843137255335
 1.540000 31.72312442731401
 1.550000 32.1729594393934
 1.560000 32.718052033351746
 1.570000 32.97864077659349
 1.580000 33.07247845453026
 1.590000 33.30873218095675
 1.600000 33.26247524065583
 1.610000 33.29788732267482
 1.620000 33.24752424894503
 1.630000 33.18047113964217
 1.640000 33.11386795796378
 1.650000 33.07011037159894
 1.660000 32.957846540047306
 1.670000 32.612602418944896
 1.680000 32.13422952591007
 1.690000 31.3664866431858
 1.700000 30.556995159361655
 1.710000 29.667972168966983
 1.720000 28.638234789555504
 1.730000 27.32464193506651
 1.740000 26.413311712047832
 1.750000 25.335725851959655
 1.760000 24.525094674029866
 1.770000 23.304543347413187
 1.780000 22.549014448853406
 1.790000 22.07174116058266
 1.800000 21.4549313081033
 1.810000 21.03644988141356
 1.820000 20.604791675128826
 1.830000 20.202937563963772
 1.840000 19.84460620143163
 1.850000 19.56306995774045
 1.860000 19.430575164568857
 1.870000 19.267473357548578
 1.880000 19.29384270391469
 1.890000 19.507572912821406
 1.900000 19.545583528932895
 1.910000 19.98862249341467
 1.920000 20.167270373719234
 1.930000 20.398837958736717
 1.940000 20.580650597408173
 1.950000 20.537397365314934
 1.960000 20.881020388979927
 1.970000 20.881549695572318
 1.980000 20.86349916811386
 1.990000 20.634276106088244
 2.000000 20.44095345362903
 2.010000 20.10687123868407
 2.020000 19.7532047898101
 2.030000 19.498725647222052
 2.040000 18.899626295480083
 2.050000 18.658535312112082
 2.060000 18.028376501110333
 2.070000 17.447900398381154
 2.080000 17.200950731125843
 2.090000 16.858045963094305
 2.100000 15.73705990663832
 2.110000 15.512789060500804
 2.120000 15.179283039031642
 2.130000 15.01778794385712
 2.140000 14.875986835616025
