0.0 1.15 1.0
Linear 4 explicit
 0.000000 -0.19317539140194553 0.9618136649162801 -0.19390137218962322 73.04267359168017
 0.010000 -0.19411561989814738 0.9620636735070728 -0.19170971344622728 73.81098642135305
 0.020000 -0.19648316616690248 0.962061858637373 -0.1892916943984405 74.6345982518192
 0.030000 -0.1973363658074404 0.9627603419811853 -0.18479957423701818 75.27499421674825
 0.040000 -0.19600738554754982 0.9640108430134543 -0.17962237990657853 75.88961704570531
 0.050000 -0.18919772197638116 0.966718302490766 -0.17222063066984708 76.76760497346172
 0.060000 -0.18404326407028734 0.9697162038964693 -0.16055703301623292 76.81190865253372
 0.070000 -0.17543954043207022 0.9733529327398903 -0.14766528359651293 76.98976522524597
 0.080000 -0.16451454073857996 0.9775359541987257 -0.1317513724192693 77.06552764469393
 0.090000 -0.15242794705490917 0.981752091415025 -0.11370379043308178 77.07058050800705
 0.100000 -0.1384994668297272 0.9858512396301553 -0.09442050099193175 77.10878578849409
 0.110000 -0.12445255742665229 0.9892989288277716 -0.07615241539300921 77.18461798017816
 0.120000 -0.10963961757037582 0.992230308014356 -0.058806208148102196 77.45500577536046
 0.130000 -0.09665719664692306 0.9943944295686511 -0.042861460301708655 77.50873381106136
 0.140000 -0.08106350722012208 0.9963145974703169 -0.028034454956954252 77.74391438335816
 0.150000 -0.06587808362490075 0.9976850776530781 -0.01686902268307502 78.18038802249477
 0.160000 -0.0502821692574724 0.998723564162458 -0.004790181771027777 78.61342131301089
 0.170000 -0.034127927494285955 0.9993566571806003 0.01102525799067984 78.89846286684376
 0.180000 -0.019595778926140634 0.9996291322738413 0.01891040342575796 79.43474973181542
 0.190000 -0.0018040779747137375 0.999524477094523 0.03078254361779881 80.00367085489354
 0.200000 0.014440846131613803 0.9990155317356146 0.04194555177858909 80.52262715625376
 0.210000 0.029374977425865603 0.998014699085066 0.055711498915169425 80.80230779989219
 0.220000 0.04495621772285579 0.9968943374819098 0.06465770166468235 81.6010896821548
 0.230000 0.05881084636336865 0.9954778434994914 0.07459991589557283 82.1890012947753
 0.240000 0.07195417841366823 0.9937725136402351 0.08508106335714503 82.72404361170383
 0.250000 0.08383838088233267 0.9919553680758354 0.09484552512671897 83.25384784074117
 0.260000 0.09675592641551463 0.9897030648973004 0.10548049125959508 83.77432935290699
 0.270000 0.10870930578300841 0.9872378205419371 0.11637771491046894 84.1798615336299
 0.280000 0.11935509699916293 0.9848038749309124 0.1261573966970642 84.58522925289843
 0.290000 0.1302148304982213 0.9821098240470043 0.1360308473423647 84.85125189944459
 0.300000 0.143586151774338 0.9782094833803998 0.14996407450882418 85.24093301466476
 0.310000 0.15184849587129437 0.9757811456533964 0.15745853450661423 85.4292876870357
 0.320000 0.1614062125709111 0.9729168323276816 0.16547166499731492 85.62681146049935
 0.330000 0.16806909390987546 0.9708569911065866 0.17084929760399586 85.67141844727011
 0.340000 0.174317743570424 0.9688987888269859 0.17563730038381783 85.38440169870617
 0.350000 0.18043205128599754 0.9669517653969473 0.18013483356767596 84.90137134212873
 0.360000 0.18898286255168834 0.9639002243120423 0.18756821487918574 83.45815248693997
 0.370000 0.1959795012066953 0.9619504978394388 0.19037666562168473 82.4504031055685
 0.380000 0.20637278881006454 0.9586589439640436 0.19591656692710113 80.04829784490197
 0.390000 0.2182945984978293 0.9552658794303873 0.19953588114111298 77.79069242944222
 0.400000 0.23048508409368612 0.9521162714289337 0.20087616008524095 75.53994402927876
 0.410000 0.24479863580813543 0.9486756136422714 0.20022039852856108 72.96715264537919
 0.420000 0.2571352662880271 0.9463680465501937 0.19562457744300898 71.01949367790392
 0.430000 0.26766649844859075 0.9448979791793835 0.1884740155856714 69.44666258767508
 0.440000 0.2730515127025514 0.9449502399112288 0.18031060840272142 69.09240223759626
 0.450000 0.273989678209749 0.9465137356961589 0.17041538772370302 69.22237012250706
 0.460000 0.27281571322391795 0.9482548387170847 0.16243259361273724 69.64221550813058
 0.470000 0.2738047018350447 0.9488310792452599 0.15732313342702492 69.63056703323139
 0.480000 0.27284668006902024 0.9495266503842008 0.15477024709379206 69.93490835133194
 0.490000 0.27235501781221094 0.949659671570626 0.1548200648006616 70.05548759381311
 0.500000 0.2703736102506539 0.9499542402444598 0.1564770025326363 70.4006417064537
 0.510000 0.2708384070677878 0.9494876996386734 0.15849184676772388 70.0690591593902
 0.520000 0.2737650684761938 0.9484390799599491 0.159737280829962 69.18110036494555
 0.530000 0.27294424126686245 0.9489857483949551 0.15788442134208078 68.72035207083168
 0.540000 0.26950053392969275 0.9499861893064314 0.1577837201318802 69.04963232479321
 0.550000 0.2560334932249394 0.9547064825178427 0.15159941485851058 70.5814865406744
 0.560000 0.24971568499933222 0.9563424605317299 0.15182613361813285 71.4173124267061
 0.570000 0.24565918663606712 0.9570836874799666 0.1537607855763478 71.85027188946222
 0.580000 0.23212669846178613 0.9614722742114882 0.14726935113532574 73.03487438812354
 0.590000 0.22326159790120947 0.9643861499596598 0.14182246884250427 73.42135794073269
 0.600000 0.21397275219985953 0.9674025710469876 0.13545451948050988 73.44115196132411
 0.610000 0.20345724088555842 0.9708000004454005 0.12709252639886529 73.4478909889955
 0.620000 0.19273346450265796 0.9740976699176358 0.1182689355741195 73.33731967973533
 0.630000 0.18184089160530129 0.9773165829186565 0.10856420631308412 73.00703499995122
 0.640000 0.1698154073710187 0.980598515639627 0.09792486172967198 72.61332571144972
 0.650000 0.15715532662265314 0.9837583738465469 0.08672753427213967 72.29911800461359
 0.660000 0.14463350979352999 0.9865485175492011 0.0761785426893841 72.01287890494368
 0.670000 0.13386835139920863 0.9887661472680832 0.06648887508665957 71.44933620002145
 0.680000 0.12025908217626763 0.9911556543692173 0.05610901858035369 71.94872821960753
 0.690000 0.10947499518377152 0.9929173938133306 0.04615489673324595 72.15982700803092
 0.700000 0.09742123342600428 0.9945777008077414 0.03639093752217347 71.8497646836213
 0.710000 0.08552824298463321 0.9959937447956986 0.026103256114947772 71.70156714116578
 0.720000 0.07394678466416825 0.9971491634513087 0.015013955714151988 71.77183713786178
 0.730000 0.061808362732798376 0.9980766084733202 0.004775972642870034 71.42762971404126
 0.740000 0.04948138973183405 0.9987582164873857 -0.005798022864956552 71.30076545310362
 0.750000 0.03848417647817486 0.9991206310851222 -0.01664129504767712 71.49070732391137
 0.760000 0.026682628540466796 0.9992766683648316 -0.027095708070718334 71.39234838615533
 0.770000 0.014547583692699307 0.9991526387361059 -0.03850158847866238 71.14433104912922
 0.780000 0.00377959900504817 0.9988383219780037 -0.048038746648167714 71.43568385909359
 0.790000 -0.006452623796595167 0.9982720724352068 -0.05840576206211775 71.60164562936765
 0.800000 -0.017767847352078016 0.9974326559825996 -0.0693714666125091 71.48785937112412
 0.810000 -0.028473822718947783 0.9964125069290816 -0.07969540422805446 71.46555268713169
 0.820000 -0.03500451704632763 0.9955773138420134 -0.08718082328972675 71.84351097930376
 0.830000 -0.0441450427802778 0.9943975523023487 -0.09604542244701281 71.99358694998679
 0.840000 -0.05377002031775687 0.9930253421413044 -0.10492594903155904 71.93934741041053
 0.850000 -0.06274438508310148 0.991635223568199 -0.11279505981820047 72.02101851366461
 0.860000 -0.06882469970150441 0.9906155191974724 -0.11808494330828165 72.0004723262122
 0.870000 -0.07712932752882323 0.9891185996052474 -0.12528153395415417 72.13161319412639
 0.880000 -0.08295742662112257 0.9879875855389508 -0.13037866462468187 71.8853238068198
 0.890000 -0.08940202393512943 0.9866332930556301 -0.13624251594309963 72.05506615550937
 0.900000 -0.09784742941391965 0.9848089241315224 -0.14344777275371443 72.1315780447285
 0.910000 -0.10609073673039676 0.9829626722912466 -0.15009710344324825 72.32602089043547
 0.920000 -0.11437538572807009 0.9809857563913038 -0.1567967375200672 72.17298098830136
 0.930000 -0.11979926291048562 0.9797439291327926 -0.16046797167516566 72.019554713889
 0.940000 -0.1286084073995408 0.977527044572861 -0.16703518992955227 72.23690943475376
 0.950000 -0.13720192944738904 0.9753897251293311 -0.17259928930340857 72.46742867738496
 0.960000 -0.1467109375619487 0.9731037857082441 -0.17760890473165378 72.66403240469386
 0.970000 -0.15518133678011212 0.9711028391814506 -0.181322994815504 72.86782199756448
 0.980000 -0.16316998487595982 0.9690776702210219 -0.1851054432332436 73.20501384207131
 0.990000 -0.17094794688261647 0.9671158020322588 -0.1883184136406187 73.5274595069076
 1.000000 -0.17924653489714995 0.9651149174605289 -0.19085040168289236 73.893022294203
 1.010000 -0.1860685652323388 0.9633395018091364 -0.19327569243571166 74.352925947951
 1.020000 -0.19263784477297505 0.9616204062701675 -0.1953889838399831 74.79602245024469
 1.030000 -0.197939196555613 0.9603645660730284 -0.19626506234753566 75.20778188485947
 1.040000 -0.2008743011370492 0.9597077595170562 -0.19649562708990323 75.96218601209058
 1.050000 -0.20632276495232327 0.9583290817191708 -0.19757603041290075 76.34811038524343
 1.060000 -0.2067616163016022 0.9588007196785209 -0.19480968653611522 77.0639895340096
 1.070000 -0.21032859652027824 0.9584638035242895 -0.19263701310901368 77.58388263281073
 1.080000 -0.2095810787112481 0.9594136486383839 -0.1886828615762791 78.33448724316781
 1.090000 -0.20913321901583867 0.9603775646241576 -0.18422331576281373 78.86347715540884
 1.100000 -0.20303639698318163 0.9626988745420957 -0.17884937365132245 79.71301407055805
 1.110000 -0.1987009836889505 0.9652398832247986 -0.16979365981455438 80.06923156484278
 1.120000 -0.1910464153685741 0.9688570022896351 -0.15753531759310463 80.03787768161688
 1.130000 -0.17864309348715332 0.9732136569419119 -0.14471289884143249 80.42462219299925
 1.140000 -0.16524560552914255 0.9778212098188848 -0.12868399854542714 80.50974863684718
 1.150000 -0.1496737162961897 0.9823091100669487 -0.11254595030283036 80.82669186222202
