0.0 1.15 1.0
Linear 4 explicit
 0.000000 0.06699203817767743 0.9851590511277103 0.15803072739802865 111.09697136251418
 0.010000 0.0669648203134507 0.985340889034318 0.15690457366643853 111.0940966530212
 0.020000 0.06320315816819141 0.9863092462184658 0.15231359631210978 111.41169059296458
 0.030000 0.05993644484410896 0.9874796498214754 0.14591629027598468 110.17305749692476
 0.040000 0.05881903147029259 0.988269168800668 0.14094102147683454 109.22465971378871
 0.050000 0.06072303519167004 0.9883932942561385 0.13925303898518543 108.65208270316043
 0.060000 0.06011818839173808 0.9889804889856428 0.13529004335210496 107.34862752310214
 0.070000 0.059363485643867696 0.9895635572655526 0.1313009623123755 106.80900312168973
 0.080000 0.05683834230532397 0.9903409281064103 0.1264683713871449 106.4565968101543
 0.090000 0.05323541550023955 0.9910645909277241 0.12229868006556639 106.23930185921773
 0.100000 0.04663906913588641 0.9922718727205069 0.11498403296926199 106.13956311494623
 0.110000 0.03904900653663072 0.9935506354316609 0.10645332273745665 106.32128366176886
 0.120000 0.03031135123270572 0.9946941462108914 0.09830960014278159 105.96375882977333
 0.130000 0.02235650338276644 0.9956318451771144 0.09064996208333846 105.9510169762667
 0.140000 0.014982693937104472 0.9965609115666632 0.08149765898360757 106.13088053458773
 0.150000 0.00835441770795528 0.9972596059298108 0.07350838105603609 105.90261166136911
 0.160000 0.0016574685095149257 0.9978493060952168 0.06552873509716395 105.79066357359017
 0.170000 -0.0055296880120947025 0.9983560002627093 0.057050147150854144 106.43404183052706
 0.180000 -0.01123694870566606 0.9986709617955413 0.05029951341866715 105.58160552093989
 0.190000 -0.01852187954857908 0.9989753120129923 0.04129486610382103 105.61879451440241
 0.200000 -0.026099295442434865 0.9991333215270084 0.032425801328821065 105.7217519721134
 0.210000 -0.034943276206184835 0.9991258565222886 0.02294537593026881 106.08248224653119
 0.220000 -0.042010822060542796 0.9990094136447455 0.014672500774546097 105.89986237395908
 0.230000 -0.04989111375675861 0.9987343361611261 0.006372012312054305 105.81405568047109
 0.240000 -0.05823326293763716 0.9983007387297359 -0.0021265322239825387 105.71718329514414
 0.250000 -0.06684420943494343 0.997708283621666 -0.010489635728989283 105.55768223857143
 0.260000 -0.07496875487678145 0.9970082894419716 -0.018819048228292282 105.62558939657443
 0.270000 -0.08312240197919846 0.9961833797092995 -0.02663344288983649 105.68267178194546
 0.280000 -0.0902128501058692 0.9953482904619605 -0.033814528685591816 106.09815938988643
 0.290000 -0.09821792448173536 0.994300955675942 -0.04145900206720339 106.09545014167222
 0.300000 -0.10300951796109203 0.9936790907067273 -0.04461954618410135 106.25254795534133
 0.310000 -0.10927343395370388 0.99271757349242 -0.05070636953369306 106.55346476754895
 0.320000 -0.11309447525330091 0.9920760839520576 -0.054723699779258624 106.90901621425746
 0.330000 -0.11798410806696 0.9912005249359375 -0.060010579153728275 107.33518272383075
 0.340000 -0.12339470013580499 0.9901831169520406 -0.06565929394637117 107.51822138799314
 0.350000 -0.12670417840305337 0.9894596346430673 -0.07011192899368164 108.10427354982518
 0.360000 -0.13099090598576887 0.9885918813904494 -0.07434698782007924 108.31070981511503
 0.370000 -0.13641694768768273 0.9873488185730556 -0.08082528593186326 108.42788987634323
 0.380000 -0.14116182348936598 0.9862146142924192 -0.08633698017195085 108.58636112837844
 0.390000 -0.1460247150005541 0.9849152673160365 -0.09283694747667752 108.68923568293569
 0.400000 -0.15083077204631398 0.9835113233032949 -0.09977752822211168 108.72304061939215
 0.410000 -0.15553797246969747 0.9820702584420022 -0.10651735353300198 108.42492328257204
 0.420000 -0.15946598148463745 0.980669609032755 -0.11339188096457642 108.19555364920512
 0.430000 -0.16370720787645462 0.979047201858668 -0.12110543597216444 107.86612842788281
 0.440000 -0.16658846331827 0.9777320215906125 -0.1276259293623033 107.59054496500418
 0.450000 -0.1701389328272075 0.9761358298946039 -0.13495030615894046 107.22247179899206
 0.460000 -0.17256322874909225 0.9748605234260526 -0.14095705711021128 106.96211765729689
 0.470000 -0.1747973105363851 0.9736548144076398 -0.1464315628888498 106.72321739480616
 0.480000 -0.1768229255418266 0.9724849056336032 -0.1516797986471221 106.33946914873489
 0.490000 -0.1797525807902201 0.9710866353511055 -0.1570979195970608 105.76916133639763
 0.500000 -0.18105386724524883 0.9700629789805062 -0.1618558431660893 105.40797969221687
 0.510000 -0.1849228545543223 0.9685650902781116 -0.1663887128324353 104.33163273496734
 0.520000 -0.18672547345916157 0.9676400005646068 -0.16972456177224246 103.30393023214377
 0.530000 -0.1873999282918068 0.9669769446671045 -0.17273348071088357 102.13155837263733
 0.540000 -0.18604710900574242 0.9671411393929186 -0.1732757620799071 101.09936801534793
 0.550000 -0.18680406560949708 0.9666445988528233 -0.17522117617578947 99.78037207743019
 0.560000 -0.1843586189710024 0.9673510296497373 -0.17390769116602564 98.65728149313908
 0.570000 -0.17957214827121978 0.9691017448297893 -0.16910248884365062 97.47939702887736
 0.580000 -0.17309244332200308 0.9712475452482858 -0.16345400550001266 96.65328771611844
 0.590000 -0.1620445800927418 0.974752947616671 -0.15361720338288487 95.95545219288019
 0.600000 -0.1475605894045165 0.9788267979648869 -0.14185898646331224 95.62816145190492
 0.610000 -0.13313875757147237 0.982504814512512 -0.13022427074880777 95.24782216465266
 0.620000 -0.11743141306890398 0.9860514873487827 -0.11795052997716512 95.03001078948141
 0.630000 -0.10168735450529562 0.9891524964958509 -0.10600481408756807 94.95287951771924
 0.640000 -0.0869446094098518 0.9917206681306523 -0.09450265232818077 94.9867695234375
 0.650000 -0.07255413770460215 0.9938834753969471 -0.08325583724176698 95.11838026918127
 0.660000 -0.05946473942498103 0.9956400659808724 -0.07186656927057927 95.14751175412476
 0.670000 -0.04338974573836229 0.9972848539236217 -0.05950000083446169 95.41834542624099
 0.680000 -0.036098993232860456 0.9980086627327014 -0.051725929649054835 95.33367802700756
 0.690000 -0.02363720387243814 0.9987950292406307 -0.04300897763607694 95.58335412307567
 0.700000 -0.013468963044251448 0.9993824905595909 -0.032453421967823956 95.56633481350181
 0.710000 -0.003454207546897371 0.9997398964416279 -0.02254346719353751 95.58683180240743
 0.720000 0.006616566513948296 0.9998745419854745 -0.014391710701101394 95.82067593173564
 0.730000 0.0168377661946477 0.9998530581659141 -0.0032174066954088103 95.85567037607802
 0.740000 0.026042494601144935 0.9996392731276911 0.006565980177467007 95.90414109139853
 0.750000 0.03618333692695157 0.9992276732646787 0.015323939143944162 96.14954148889754
 0.760000 0.04686760681566222 0.9985399507690146 0.02685878161024007 96.3294655052189
 0.770000 0.05810258806147484 0.9975885976993347 0.03796154634407415 96.5411931104666
 0.780000 0.06802313283792427 0.9964951000941985 0.04868643432381702 96.80019699792659
 0.790000 0.0783033204658329 0.9951814281179825 0.05901283871394196 97.28233291669247
 0.800000 0.087229565034243 0.9937941902248708 0.06902253587945043 97.65308006389282
 0.810000 0.09525229332822997 0.992332511827838 0.07876031097682708 98.06390908161207
 0.820000 0.10347319139665946 0.9908400481366594 0.08677152569093584 98.73638430054139
 0.830000 0.10898773363129025 0.9895956346512804 0.09392632110885893 99.32516900899628
 0.840000 0.11407050839370948 0.9882334073060625 0.10189529821856783 99.79056856287822
 0.850000 0.11804194467659748 0.9870002128111836 0.10907189925753284 100.44289430973028
 0.860000 0.12260848663934867 0.9856958814963279 0.11563212445158016 101.38678757620697
 0.870000 0.1248837749543089 0.9846684428188619 0.12178711126321742 102.18661022100201
 0.880000 0.12751440950444828 0.983659690664688 0.12709716098395887 103.13208689138658
 0.890000 0.12842011706463877 0.9829383071856561 0.13168355174470797 104.54990838092607
 0.900000 0.12758534983026465 0.9824207872371594 0.13627683336873117 105.56257598456565
 0.910000 0.126243728368298 0.9819126164756993 0.14110327655131805 106.69819562478875
 0.920000 0.12474832355571402 0.9815150831084973 0.1451413014980868 107.63642063308532
 0.930000 0.12404872558046313 0.9808784425733994 0.14996464442209473 108.52682401435253
 0.940000 0.12095677594975007 0.9806882886639676 0.15368779661762497 109.42681057610521
 0.950000 0.11769455730386041 0.9805536063432405 0.15704335792485308 110.10681142321484
 0.960000 0.11418973836101652 0.9809585062134256 0.1571022365867755 108.57584997442324
 0.970000 0.11114790406377391 0.9811143180170664 0.15830615403115839 108.15996662781264
 0.980000 0.10798537484746924 0.9811815140301612 0.16006872069374564 108.50105313154745
 0.990000 0.10505239172562508 0.9813419465837162 0.16103409225380966 108.65471848705117
 1.000000 0.10146934049679036 0.9818872830084406 0.1600041762125252 108.07980532096688
 1.010000 0.09953365015212878 0.9820122947424114 0.1604521905806745 108.59029114179057
 1.020000 0.09784784283519259 0.9822020511004942 0.16032757238379683 109.44270210967187
 1.030000 0.09797507890012841 0.9823126182163531 0.159570686554414 109.24763885903693
 1.040000 0.09665017232455593 0.9826496052373227 0.15829876031279427 110.1748608798868
 1.050000 0.09415638279341638 0.9834843609659056 0.15457388949865947 109.899911826644
 1.060000 0.09158446307561309 0.984230917446312 0.15133336468189243 109.60766180314326
 1.070000 0.08407726037291602 0.9859357440766228 0.14443587795371712 109.71376917338003
 1.080000 0.07984992923293041 0.9871855138821718 0.13816204248160355 107.75239513387575
 1.090000 0.07649526816768024 0.988164044106809 0.13296727372715064 106.2934742664565
 1.100000 0.07676240399947716 0.9883262151725294 0.13160100962745014 105.96597347319177
 1.110000 0.07414137142115504 0.988996898053131 0.12801637662844303 105.13654324289159
 1.120000 0.0724828461227569 0.9895503650311794 0.12464474350972156 104.43085123309051
 1.130000 0.0702614431935894 0.9901317855630916 0.12125335796586405 104.12048782249931
 1.140000 0.06715192885152536 0.9908065499132106 0.11744359965787894 103.47103389642763
 1.150000 0.06235591019515282 0.9917620798248384 0.1118915434036227 103.1574693346187
