0.0 1.15 1.0
Linear 3 explicit
 0.000000 0.12961553216773036 0.8931159184793582 0.13598204299633107
 0.010000 0.1292409906229861 0.8923035536683563 0.12124094019335721
 0.020000 0.1280530701288211 0.8937254386935818 0.10442750034336618
 0.030000 0.12719584450355884 0.8959569934633174 0.08654283696493936
 0.040000 0.12654445442758924 0.8983081646645175 0.0688404331568131
 0.050000 0.12587612378303725 0.9001428956346512 0.05287251332706093
 0.060000 0.12538997053679457 0.9027674021609964 0.03551830399420061
 0.070000 0.12532303798023225 0.9047331976648805 0.019338634433406138
 0.080000 0.12521204269093683 0.9061060611499334 0.0044055454167849575
 0.090000 0.12414361709432041 0.9070649675743934 -0.0087007753231701
 0.100000 0.12340450265976045 0.9085261337524326 -0.02250865256216852
 0.110000 0.12284132331264812 0.9099140812415294 -0.036087867071405676
 0.120000 0.12142355959813544 0.9111997647766876 -0.04847025573470448
 0.130000 0.12000686079189456 0.9122536357384854 -0.06026236509064282
 0.140000 0.12006699854190325 0.9134940550525165 -0.07295587340204901
 0.150000 0.12009597931825103 0.9142176857014453 -0.08458051007344942
 0.160000 0.12009908039177142 0.914975674832357 -0.09594424583001286
 0.170000 0.11954484014975936 0.9165920851315983 -0.10817724495017053
 0.180000 0.11997179384340312 0.9164202677318707 -0.1180989771226165
 0.190000 0.12068715295336611 0.9166722528853052 -0.12889739135388184
 0.200000 0.12120530744242573 0.9166370235501495 -0.13905518712309833
 0.210000 0.12093504687594758 0.9172570103812104 -0.15003929611086925
 0.220000 0.12144441391204824 0.9169522018523903 -0.15976093256121549
 0.230000 0.12119618827863116 0.9169179486988932 -0.16976861458070044
 0.240000 0.1207787006897939 0.9168110013669267 -0.17986723911781616
 0.250000 0.12022685408178095 0.9166488130168652 -0.18998096385880814
 0.260000 0.11986462990001524 0.9162617722352893 -0.20035769515920926
 0.270000 0.11916911539824351 0.9157036843871464 -0.2105390119818879
 0.280000 0.11813682926075325 0.915634041212103 -0.22143012625343386
 0.290000 0.117553947716415 0.9142386121518852 -0.23160781027239563
 0.300000 0.11564029252278896 0.9130077264275437 -0.23967049246768385
 0.310000 0.11469868634065715 0.9123546778868263 -0.2506334136236646
 0.320000 0.11393099153170744 0.9108238008665174 -0.25990509779282683
 0.330000 0.11321300811705348 0.9097537065667445 -0.27076801688985414
 0.340000 0.11251500270256468 0.9085916726928298 -0.28210157563825217
 0.350000 0.11156008925788892 0.907215641431249 -0.2925769236504421
 0.360000 0.11014242405958016 0.9060143230047458 -0.3029452987882937
 0.370000 0.10966833971092345 0.9047544931175979 -0.31471412874734656
 0.380000 0.10863710225823235 0.9036096032086377 -0.32589377553207016
 0.390000 0.108285403308243 0.9022562230459168 -0.3377908963232006
 0.400000 0.10814192128793593 0.9008573826949975 -0.34982645471251705
 0.410000 0.10845468315763651 0.8993213489819363 -0.3618672241816683
 0.420000 0.10943852833312355 0.8975954823866663 -0.3741169339012501
 0.430000 0.11101578563697555 0.8958953204797875 -0.38702763395546147
 0.440000 0.11245285786392663 0.8941566699812966 -0.3995421062267812
 0.450000 0.11413865585403399 0.8925491306818633 -0.4130818881941789
 0.460000 0.11528790764200658 0.8909273655107184 -0.4261951093522467
 0.470000 0.11610297274097273 0.8895801949141845 -0.43974631055319985
 0.480000 0.11694871944024104 0.888200728046704 -0.4537502335833327
 0.490000 0.11762737686845269 0.8870367832105994 -0.4683422612613768
 0.500000 0.1182262767240631 0.8858812217734271 -0.4830101796087389
 0.510000 0.11877972802370505 0.8848912580914858 -0.49802888797828787
 0.520000 0.11980525269105437 0.8838871968795406 -0.5128974726311558
 0.530000 0.12189480338085197 0.8829119214353284 -0.527890502301194
 0.540000 0.12333179528007349 0.8828232150080296 -0.5426828905611475
 0.550000 0.12569000119921062 0.8831778781086743 -0.5596992977143453
 0.560000 0.1272139233807579 0.8842609620049255 -0.5762149775030267
 0.570000 0.1279387213638416 0.8859153414987727 -0.5922876816097924
 0.580000 0.12806368024582088 0.8887261294459544 -0.6099711076578513
 0.590000 0.1281704512189054 0.8910781870639057 -0.6256100791996079
 0.600000 0.12826457866751517 0.893636944493423 -0.6406763481131716
 0.610000 0.1287912088294948 0.8963924833741167 -0.6561241617254618
 0.620000 0.12914144791984924 0.8992551838086504 -0.6711058814132208
 0.630000 0.12963505626234062 0.9022822628886519 -0.6862160251563487
 0.640000 0.13001840795992517 0.9056356092252595 -0.7015527218146939
 0.650000 0.13035110966661623 0.9093900908851015 -0.7170655378308344
 0.660000 0.13049734320674924 0.9135275456611304 -0.7326328548527123
 0.670000 0.13106961901204045 0.9170000983948868 -0.7468125270382482
 0.680000 0.13101654861659767 0.9225037205837502 -0.7644227755706625
 0.690000 0.1322693353660402 0.9264431443038821 -0.7801642803633939
 0.700000 0.1324165413483162 0.930558858252377 -0.7949072315154426
 0.710000 0.13304991488905366 0.9346411460982841 -0.8099499151596238
 0.720000 0.13438488687288755 0.9384099908795034 -0.8251963991576889
 0.730000 0.13472990237261548 0.9414303472846146 -0.838510699956257
 0.740000 0.13546755204461666 0.9443294519817412 -0.8524910203191518
 0.750000 0.13729340080724506 0.9462258018582926 -0.8666191261369738
 0.760000 0.13815835726504783 0.947382783878827 -0.8790139023098761
 0.770000 0.13926989418915112 0.9479223054904617 -0.8913463571352864
 0.780000 0.14011607579653262 0.9480722551448018 -0.9034213534873319
 0.790000 0.14148144871910628 0.9471596021617268 -0.9151703721060318
 0.800000 0.14260169858224075 0.9462468793555276 -0.9269772529114862
 0.810000 0.14358538993069486 0.9450289685101168 -0.938678867842754
 0.820000 0.14578907215784442 0.9431453640870201 -0.9507600926262828
 0.830000 0.14709301603294941 0.941622035801154 -0.9631666504258802
 0.840000 0.1478204955963544 0.9395467032809641 -0.9744857966642648
 0.850000 0.14835913194784206 0.9371166903751568 -0.9854574324668494
 0.860000 0.14958049578369353 0.93381359798477 -0.996455859664302
 0.870000 0.14989605526811522 0.9309695568735684 -1.007679122846873
 0.880000 0.1511991693591253 0.9273353217775742 -1.0188157730294387
 0.890000 0.15214682081994885 0.923724503467493 -1.0300481997691493
 0.900000 0.15233836630278047 0.9203910279798343 -1.0411618564740843
 0.910000 0.1522529411298515 0.9171158875272971 -1.0521616624433447
 0.920000 0.1528140790948097 0.9134108483489649 -1.063484631354676
 0.930000 0.15352849314796352 0.9094615884595941 -1.0737659288090322
 0.940000 0.15324159935767928 0.9064519874368088 -1.085272685452125
 0.950000 0.15285208492581734 0.903774109113528 -1.097079122624281
 0.960000 0.15180270959815004 0.9016343935406921 -1.1098949017590738
 0.970000 0.15095634193619584 0.8996068924442684 -1.1228962926691832
 0.980000 0.1501509319110783 0.8976323689159376 -1.1359990813561704
 0.990000 0.149282766997121 0.8958684374643132 -1.1496186126960264
 1.000000 0.1478834865143288 0.8947892093988287 -1.1642647541535582
 1.010000 0.1471239870775562 0.8936958780170986 -1.1789298750496737
 1.020000 0.14663088660944593 0.8930146275690801 -1.1945684792250701
 1.030000 0.1459423401995616 0.8920974309270572 -1.2097057026888447
 1.040000 0.14541344871716527 0.8914166455085047 -1.2261142286343336
 1.050000 0.14456106290275814 0.8901524227527967 -1.242555122162699
 1.060000 0.14354492220454512 0.8898357855458707 -1.2588903833403873
 1.070000 0.14166615086042322 0.8915701190000884 -1.2777131869705545
 1.080000 0.13964966959434882 0.8929291123191598 -1.294468275057116
 1.090000 0.1374482439196647 0.8952014286239394 -1.3118107928578864
 1.100000 0.13607330556820663 0.8970052526096063 -1.3278770795373875
 1.110000 0.13424175913185887 0.900226496432311 -1.3455047295064568
 1.120000 0.13335541681219437 0.9024893711675636 -1.3615332788603034
 1.130000 0.13242277296460192 0.9043988804008483 -1.3762377090678215
 1.140000 0.13116991783737894 0.9055402595505152 -1.3892898563730232
 1.150000 0.13017187194169583 0.9072374531549237 -1.4026886541081487
