0.0 2.14 1.0
Linear 1 explicit
 0.000000 0.13
 0.010000 0.18142361
 0.020000 0.18213375
 0.030000 0.18251787
 0.040000 0.18306361
 0.050000 0.18313398
 0.060000 0.18319848
 0.070000 0.1831
 0.080000 0.18296852
 0.090000 0.18301824
 0.100000 0.18336984
 0.110000 0.18383035
 0.120000 0.18457121
 0.130000 0.18524031
 0.140000 0.18561851
 0.150000 0.18594344
 0.160000 0.18648641
 0.170000 0.18717962
 0.180000 0.18816732
 0.190000 0.18934149
 0.200000 0.19079747
 0.210000 0.19246807
 0.220000 0.19418166
 0.230000 0.19624156
 0.240000 0.19899853
 0.250000 0.20097558
 0.260000 0.20337832
 0.270000 0.20547726
 0.280000 0.2086295
 0.290000 0.21078706
 0.300000 0.21340042
 0.310000 0.21521802
 0.320000 0.21709814
 0.330000 0.2194216
 0.340000 0.22112168
 0.350000 0.22285719
 0.360000 0.22445251
 0.370000 0.22596449
 0.380000 0.22715265
 0.390000 0.22870736
 0.400000 0.23019712
 0.410000 0.23081085
 0.420000 0.23165251
 0.430000 0.23239435
 0.440000 0.23320148
 0.450000 0.23342215
 0.460000 0.23367158
 0.470000 0.23361458
 0.480000 0.23346896
 0.490000 0.23334574
 0.500000 0.23341067
 0.510000 0.23335202
 0.520000 0.23299045
 0.530000 0.23239663
 0.540000 0.23195829
 0.550000 0.23197195
 0.560000 0.23205313
 0.570000 0.23236745
 0.580000 0.23314944
 0.590000 0.23374808
 0.600000 0.23494765
 0.610000 0.2353495
 0.620000 0.23563828
 0.630000 0.23621986
 0.640000 0.23644593
 0.650000 0.23641131
 0.660000 0.23622376
 0.670000 0.23540216
 0.680000 0.23499677
 0.690000 0.23361541
 0.700000 0.2325373
 0.710000 0.23072554
 0.720000 0.22907612
 0.730000 0.22732428
 0.740000 0.22522089
 0.750000 0.22341091
 0.760000 0.22122747
 0.770000 0.21924583
 0.780000 0.21736077
 0.790000 0.21545255
 0.800000 0.21327488
 0.810000 0.21107815
 0.820000 0.20926077
 0.830000 0.20692354
 0.840000 0.20465528
 0.850000 0.20204513
 0.860000 0.20047281
 0.870000 0.19866557
 0.880000 0.19649163
 0.890000 0.19507031
 0.900000 0.19393089
 0.910000 0.1930238
 0.920000 0.19191126
 0.930000 0.19149616
 0.940000 0.19083277
 0.950000 0.19090118
 0.960000 0.19012171
 0.970000 0.1907739
 0.980000 0.19062663
 0.990000 0.19134203
 1.000000 0.19209975
 1.010000 0.19311943
 1.020000 0.19431736
 1.030000 0.19578879
 1.040000 0.19719672
 1.050000 0.19881457
 1.060000 0.2000236
 1.070000 0.20099786
 1.080000 0.20186091
 1.090000 0.20228222
 1.100000 0.20271564
 1.110000 0.20328935
 1.120000 0.2039393
 1.130000 0.20456717
 1.140000 0.20533212
 1.150000 0.20599408
 1.160000 0.2066458
 1.170000 0.20723624
 1.180000 0.20790736
 1.190000 0.20870057
 1.200000 0.20965649
 1.210000 0.21071945
 1.220000 0.21209921
 1.230000 0.21349588
 1.240000 0.21510816
 1.250000 0.21699244
 1.260000 0.21916888
 1.270000 0.22156547
 1.280000 0.22381169
 1.290000 0.2265468
 1.300000 0.22899206
 1.310000 0.23174495
 1.320000 0.23414221
 1.330000 0.23623251
 1.340000 0.23806648
 1.350000 0.24052202
 1.360000 0.24217608
 1.370000 0.24384126
 1.380000 0.24537036
 1.390000 0.24666672
 1.400000 0.24769662
 1.410000 0.24908006
 1.420000 0.24996285
 1.430000 0.25086058
 1.440000 0.25127438
 1.450000 0.25282491
 1.460000 0.25315791
 1.470000 0.25310669
 1.480000 0.25383979
 1.490000 0.25342864
 1.500000 0.25357904
 1.510000 0.25349885
 1.520000 0.25312856
 1.530000 0.25269689
 1.540000 0.25224673
 1.550000 0.25169113
 1.560000 0.25109819
 1.570000 0.25054922
 1.580000 0.2499237
 1.590000 0.24956872
 1.600000 0.24882265
 1.610000 0.24952463
 1.620000 0.2492772
 1.630000 0.2492738
 1.640000 0.24949922
 1.650000 0.24971308
 1.660000 0.24976219
 1.670000 0.24952782
 1.680000 0.2490782
 1.690000 0.24829377
 1.700000 0.24718083
 1.710000 0.24636519
 1.720000 0.24517089
 1.730000 0.24313524
 1.740000 0.24167623
 1.750000 0.23986738
 1.760000 0.23815002
 1.770000 0.23612978
 1.780000 0.23440118
 1.790000 0.23271411
 1.800000 0.23090138
 1.810000 0.22908231
 1.820000 0.22718566
 1.830000 0.22531766
 1.840000 0.22351065
 1.850000 0.22144197
 1.860000 0.21946815
 1.870000 0.21731334
 1.880000 0.21546243
 1.890000 0.21345595
 1.900000 0.21187505
 1.910000 0.20952527
 1.920000 0.20795463
 1.930000 0.2061506
 1.940000 0.20487058
 1.950000 0.2039406
 1.960000 0.20287989
 1.970000 0.20180325
 1.980000 0.20118676
 1.990000 0.2003705
 2.000000 0.19997778
 2.010000 0.19984873
 2.020000 0.19983023
 2.030000 0.20055544
 2.040000 0.20050899
 2.050000 0.20151074
 2.060000 0.20218673
 2.070000 0.20350051
 2.080000 0.2045445
 2.090000 0.20588394
 2.100000 0.20745371
 2.110000 0.2084913
 2.120000 0.20989233
 2.130000 0.21089883
 2.140000 0.21155646
