0.0 2.14 1.0
Linear 1 explicit
 0.000000 11.99
 0.010000 11.98512599
 0.020000 11.78311505
 0.030000 11.48573071
 0.040000 11.39068454
 0.050000 11.42076721
 0.060000 11.4635376
 0.070000 11.63063037
 0.080000 11.77579929
 0.090000 11.89023572
 0.100000 12.11051025
 0.110000 12.58432147
 0.120000 13.08120822
 0.130000 13.44011027
 0.140000 14.44913034
 0.150000 15.119874
 0.160000 15.79104681
 0.170000 16.35951604
 0.180000 16.631756260000003
 0.190000 17.02758542
 0.200000 17.26952586
 0.210000 17.713411770000004
 0.220000 18.33394855
 0.230000 18.86825876
 0.240000 19.29954844
 0.250000 19.71901024
 0.260000 19.98265064
 0.270000 20.30690522
 0.280000 20.73790616
 0.290000 20.88329094
 0.300000 21.14189568
 0.310000 21.16930347
 0.320000 21.15078104
 0.330000 21.17484101
 0.340000 21.00124505
 0.350000 20.80393988
 0.360000 20.566357980000003
 0.370000 20.32999433
 0.380000 20.12636594
 0.390000 19.81719795
 0.400000 19.83893748
 0.410000 19.52157797
 0.420000 19.145907980000004
 0.430000 18.89841477
 0.440000 18.70585271
 0.450000 18.25800557
 0.460000 18.00733207
 0.470000 17.49343153
 0.480000 17.08712281
 0.490000 16.61778301
 0.500000 16.23088074
 0.510000 15.968598439999997
 0.520000 15.599353350000001
 0.530000 15.339104170000002
 0.540000 15.108493649999998
 0.550000 15.11880877
 0.560000 15.1326344
 0.570000 15.24039158
 0.580000 15.42257243
 0.590000 15.510551480000002
 0.600000 15.871466280000002
 0.610000 16.29739345
 0.620000 16.61622887
 0.630000 17.13102696
 0.640000 17.741061710000004
 0.650000 18.34631942
 0.660000 18.94563869
 0.670000 19.39449748
 0.680000 19.81393457
 0.690000 19.83860139
 0.700000 20.0985887
 0.710000 20.02285413
 0.720000 20.17773073
 0.730000 20.3933429
 0.740000 20.48512819
 0.750000 20.65350584
 0.760000 20.66778836
 0.770000 20.68623952
 0.780000 20.64050776
 0.790000 20.38129034
 0.800000 20.06927197
 0.810000 19.80533328
 0.820000 19.58153841
 0.830000 19.01993925
 0.840000 18.61664612
 0.850000 18.29199765
 0.860000 17.87853793
 0.870000 17.35175142
 0.880000 16.91366235
 0.890000 16.45351577
 0.900000 15.983011320000001
 0.910000 15.72399933
 0.920000 15.40636335
 0.930000 15.09363864
 0.940000 14.64426089
 0.950000 14.326157849999998
 0.960000 14.16099595
 0.970000 13.79678769
 0.980000 13.51287642
 0.990000 13.42080005
 1.000000 13.01381492
 1.010000 12.5854784
 1.020000 12.16428833
 1.030000 11.8460515
 1.040000 11.51279863
 1.050000 11.3444482
 1.060000 10.99040893
 1.070000 10.79959198
 1.080000 10.71395226
 1.090000 10.71807493
 1.100000 10.80632845
 1.110000 11.05051665
 1.120000 11.21806321
 1.130000 11.55569474
 1.140000 11.73527488
 1.150000 12.31111616
 1.160000 13.02514089
 1.170000 13.78659077
 1.180000 14.56226701
 1.190000 15.2557065
 1.200000 15.844499850000002
 1.210000 16.37393155
 1.220000 16.75428382
 1.230000 17.28693047
 1.240000 17.74088412
 1.250000 18.28151342
 1.260000 18.66305078
 1.270000 19.09343054
 1.280000 19.47319795
 1.290000 19.83261432
 1.300000 20.17552852
 1.310000 20.56467082
 1.320000 20.89922869
 1.330000 21.17101128
 1.340000 21.25968752
 1.350000 21.43200569
 1.360000 21.389388580000002
 1.370000 21.23345478
 1.380000 21.12994192
 1.390000 20.98432925
 1.400000 20.85836273
 1.410000 20.89645227
 1.420000 20.67762046
 1.430000 20.47077274
 1.440000 20.27812388
 1.450000 20.37735725
 1.460000 20.087709970000002
 1.470000 19.79354699
 1.480000 19.71796719
 1.490000 19.33841853
 1.500000 18.93326961
 1.510000 18.73448736
 1.520000 18.3014237
 1.530000 17.95814038
 1.540000 17.57770134
 1.550000 17.27340956
 1.560000 17.24356117
 1.570000 16.95433919
 1.580000 16.6918912
 1.590000 16.660962
 1.600000 16.57024931
 1.610000 16.74519831
 1.620000 16.82541913
 1.630000 16.93503257
 1.640000 17.05111429
 1.650000 17.19588349
 1.660000 17.45969844
 1.670000 17.847679090000003
 1.680000 17.99925777
 1.690000 18.4734058
 1.700000 18.98206391
 1.710000 19.53115838
 1.720000 19.999357200000002
 1.730000 20.18059356
 1.740000 20.49988335
 1.750000 20.659028380000002
 1.760000 20.93055539
 1.770000 20.83393231
 1.780000 20.92912124
 1.790000 21.210435070000003
 1.800000 21.3573208
 1.810000 21.54675377
 1.820000 21.57312039
 1.830000 21.53383686
 1.840000 21.47317247
 1.850000 21.35195158
 1.860000 21.17810895
 1.870000 21.01353505
 1.880000 20.68611113
 1.890000 20.21893944
 1.900000 19.89625764
 1.910000 19.20389976
 1.920000 18.72742984
 1.930000 18.24793921
 1.940000 17.8481908
 1.950000 17.55356845
 1.960000 16.94714103
 1.970000 16.89374623
 1.980000 16.53426258
 1.990000 16.42280876
 2.000000 16.11003717
 2.010000 15.843117010000002
 2.020000 15.60108029
 2.030000 15.22951939
 2.040000 15.066316939999998
 2.050000 14.659002629999998
 2.060000 14.431532730000002
 2.070000 14.10182886
 2.080000 13.59036109
 2.090000 13.18590622
 2.100000 12.97683817
 2.110000 12.591536790000001
 2.120000 12.60120431
 2.130000 12.4085651
 2.140000 12.30698493
