0.0 2.14 1.0
Linear 1 explicit
 0.000000 88.39
 0.010000 88.39339295
 0.020000 88.3358015
 0.030000 88.39480984
 0.040000 88.38446033000001
 0.050000 88.528071
 0.060000 88.60994653
 0.070000 88.82389279
 0.080000 89.06055866000001
 0.090000 89.18063821
 0.100000 89.26689283
 0.110000 89.37457539
 0.120000 89.35548997
 0.130000 89.34041323
 0.140000 89.29949575
 0.150000 89.28651555
 0.160000 89.20960813
 0.170000 89.0682336
 0.180000 88.88359732
 0.190000 88.69233201
 0.200000 88.34590054
 0.210000 87.97853068
 0.220000 87.66849107
 0.230000 87.19897431
 0.240000 86.25555085
 0.250000 85.83917084
 0.260000 85.00368836
 0.270000 84.51410774
 0.280000 83.14987568
 0.290000 82.5426498
 0.300000 81.58654946
 0.310000 81.08242844
 0.320000 80.52500308
 0.330000 79.73296926
 0.340000 79.25349683
 0.350000 78.77717393
 0.360000 78.25521607
 0.370000 77.76409306
 0.380000 77.55283971
 0.390000 76.90833718
 0.400000 76.20578125
 0.410000 76.12102191
 0.420000 75.717433
 0.430000 75.32922389
 0.440000 74.8747028
 0.450000 74.71738843
 0.460000 74.4490253
 0.470000 74.4045033
 0.480000 74.32711017
 0.490000 74.20412527
 0.500000 73.96705762
 0.510000 73.73191459000002
 0.520000 73.71076116
 0.530000 73.73665585
 0.540000 73.7192784
 0.550000 73.4381618
 0.560000 73.23692712
 0.570000 72.98678006
 0.580000 72.55793302
 0.590000 72.31814975000002
 0.600000 71.47902493
 0.610000 71.20145419
 0.620000 71.0286882
 0.630000 70.67207096
 0.640000 70.50616525
 0.650000 70.5025019
 0.660000 70.58144227
 0.670000 71.07828466
 0.680000 71.17567885
 0.690000 71.70521618
 0.700000 71.96212076
 0.710000 72.46062431
 0.720000 72.91314259
 0.730000 73.39659253
 0.740000 74.14819327
 0.750000 74.72278208
 0.760000 75.55833514
 0.770000 76.19452499
 0.780000 76.77930341
 0.790000 77.47450523
 0.800000 78.40922566
 0.810000 79.24400038
 0.820000 79.71770916
 0.830000 80.55242131
 0.840000 81.36166662
 0.850000 82.22888313
 0.860000 82.65799784
 0.870000 83.27805545
 0.880000 84.11758074
 0.890000 84.60992726
 0.900000 85.06358562
 0.910000 85.25085253
 0.920000 86.10953675
 0.930000 86.19962524
 0.940000 86.81515224
 0.950000 86.826731
 0.960000 87.63091985
 0.970000 87.51993383
 0.980000 88.10618011
 0.990000 88.33332254
 1.000000 88.33531695
 1.010000 88.34011334
 1.020000 88.31894233
 1.030000 88.27362366
 1.040000 88.23490816
 1.050000 88.15965709
 1.060000 88.11212194
 1.070000 88.10572086
 1.080000 88.07491638
 1.090000 88.1538303
 1.100000 88.28834074
 1.110000 88.51075334000001
 1.120000 88.60076495
 1.130000 88.79544032
 1.140000 88.78926714
 1.150000 88.8070408
 1.160000 88.72140025
 1.170000 88.65196391
 1.180000 88.54795292
 1.190000 88.43053521
 1.200000 88.30539169
 1.210000 88.19157927
 1.220000 88.05606735
 1.230000 87.90850388
 1.240000 87.69423388
 1.250000 87.45637693
 1.260000 86.93874143
 1.270000 86.42197549
 1.280000 85.88162679
 1.290000 85.11588505000002
 1.300000 84.45756409
 1.310000 83.56700988
 1.320000 82.88490592
 1.330000 82.24765118
 1.340000 81.97694702
 1.350000 81.12430097
 1.360000 80.90550335
 1.370000 80.43070683
 1.380000 80.10288226
 1.390000 79.85053024
 1.400000 79.73157808
 1.410000 78.9960432
 1.420000 78.80196498
 1.430000 78.49780207
 1.440000 78.51111062
 1.450000 77.6666109
 1.460000 77.46602411
 1.470000 77.52174483
 1.480000 76.93720913
 1.490000 77.09051191
 1.500000 76.77575255
 1.510000 76.51399209
 1.520000 76.46664775
 1.530000 76.37384253
 1.540000 76.30074764
 1.550000 76.21375471
 1.560000 76.10751578
 1.570000 75.96966
 1.580000 75.87969087
 1.590000 75.60202874
 1.600000 75.65615825
 1.610000 74.87319139
 1.620000 74.67069064
 1.630000 74.30615366
 1.640000 73.77480632
 1.650000 73.21156579
 1.660000 72.68794266
 1.670000 72.27293357
 1.680000 72.04601984
 1.690000 71.98325792
 1.700000 72.16281935
 1.710000 72.32532564
 1.720000 72.61608089
 1.730000 73.34623212000001
 1.740000 73.58301381
 1.750000 73.97906174
 1.760000 74.35736154
 1.770000 74.78151136
 1.780000 75.08989979
 1.790000 75.38109441
 1.800000 75.78431871
 1.810000 76.15519421
 1.820000 76.63576669
 1.830000 77.16781839
 1.840000 77.68166583
 1.850000 78.33107799
 1.860000 78.96946791
 1.870000 79.58305964
 1.880000 80.08625307
 1.890000 80.74641489
 1.900000 81.1066693
 1.910000 82.09261173000002
 1.920000 82.62107784
 1.930000 83.29234231
 1.940000 83.81293872
 1.950000 84.01177886
 1.960000 84.65128502
 1.970000 85.31396998
 1.980000 85.676183
 1.990000 86.23316236000001
 2.000000 86.58788244
 2.010000 86.93980902
 2.020000 87.24157803
 2.030000 87.11802859
 2.040000 87.74603774
 2.050000 87.6343006
 2.060000 87.97815423
 2.070000 87.97487069
 2.080000 88.00420707
 2.090000 88.00320801
 2.100000 87.99304226
 2.110000 88.14311097000001
 2.120000 88.14661197
 2.130000 88.1853667
 2.140000 88.30069178
