0.0 2.14 1.0
Linear 1 explicit
 0.000000 0.89
 0.010000 0.88906807
 0.020000 0.87592836
 0.030000 0.86250503
 0.040000 0.84892841
 0.050000 0.83482691
 0.060000 0.82066955
 0.070000 0.80603317
 0.080000 0.79102325
 0.090000 0.77583192
 0.100000 0.76061017
 0.110000 0.74504791
 0.120000 0.72976983
 0.130000 0.7146027
 0.140000 0.69904609
 0.150000 0.68403418
 0.160000 0.66942593
 0.170000 0.65512297
 0.180000 0.64122663
 0.190000 0.6275125
 0.200000 0.61404824
 0.210000 0.60063864
 0.220000 0.58766248
 0.230000 0.57467567
 0.240000 0.56192823
 0.250000 0.54941056
 0.260000 0.53677266
 0.270000 0.52443707
 0.280000 0.51205612
 0.290000 0.49999141
 0.300000 0.48799123
 0.310000 0.47592687
 0.320000 0.46385004
 0.330000 0.45177545
 0.340000 0.43969884
 0.350000 0.42764156
 0.360000 0.41561313
 0.370000 0.40355106
 0.380000 0.39162238
 0.390000 0.37943003
 0.400000 0.36734718
 0.410000 0.35523016
 0.420000 0.34303694
 0.430000 0.33084522
 0.440000 0.31849878
 0.450000 0.30620429
 0.460000 0.2936862
 0.470000 0.28115564
 0.480000 0.26837072
 0.490000 0.25565721
 0.500000 0.24313847
 0.510000 0.23012974
 0.520000 0.2167805
 0.530000 0.2032329
 0.540000 0.18963571
 0.550000 0.17594892
 0.560000 0.16176131
 0.570000 0.14709369
 0.580000 0.13220354
 0.590000 0.11700975
 0.600000 0.10178626
 0.610000 0.08593563
 0.620000 0.07024766
 0.630000 0.05489765
 0.640000 0.03962518
 0.650000 0.02428353
 0.660000 0.00894456
 0.670000 -0.00646511
 0.680000 -0.02135405
 0.690000 -0.03599173
 0.700000 -0.0500552
 0.710000 -0.06417937
 0.720000 -0.07793944
 0.730000 -0.09150062
 0.740000 -0.10483739
 0.750000 -0.11782318
 0.760000 -0.13061317
 0.770000 -0.14348517
 0.780000 -0.15577314
 0.790000 -0.16813657
 0.800000 -0.18036291
 0.810000 -0.19260487
 0.820000 -0.20460733
 0.830000 -0.21675129
 0.840000 -0.2288307
 0.850000 -0.24113111
 0.860000 -0.25317451
 0.870000 -0.26519653
 0.880000 -0.27718511
 0.890000 -0.28903308
 0.900000 -0.30090538
 0.910000 -0.31256016
 0.920000 -0.32454443
 0.930000 -0.33626805
 0.940000 -0.34838659
 0.950000 -0.36038115
 0.960000 -0.37278029
 0.970000 -0.38491557
 0.980000 -0.39732823
 0.990000 -0.41001431
 1.000000 -0.4224664
 1.010000 -0.4350924
 1.020000 -0.44778117
 1.030000 -0.46065134
 1.040000 -0.47367989
 1.050000 -0.48692871
 1.060000 -0.50034853
 1.070000 -0.51411813
 1.080000 -0.52799623
 1.090000 -0.54230089
 1.100000 -0.55692185
 1.110000 -0.57209794
 1.120000 -0.58709026
 1.130000 -0.60226198
 1.140000 -0.61692124
 1.150000 -0.63204196
 1.160000 -0.64707772
 1.170000 -0.6621053
 1.180000 -0.67694686
 1.190000 -0.69138651
 1.200000 -0.70542315
 1.210000 -0.71915376
 1.220000 -0.73282114
 1.230000 -0.74628086
 1.240000 -0.75962053
 1.250000 -0.77283037
 1.260000 -0.78564916
 1.270000 -0.79836768
 1.280000 -0.81097974
 1.290000 -0.82333353
 1.300000 -0.83585587
 1.310000 -0.84795256
 1.320000 -0.86016476
 1.330000 -0.87236013
 1.340000 -0.88440484
 1.350000 -0.89625157
 1.360000 -0.9082068
 1.370000 -0.91993022
 1.380000 -0.93186229
 1.390000 -0.94373561
 1.400000 -0.95551445
 1.410000 -0.96748176
 1.420000 -0.97924189
 1.430000 -0.99105339
 1.440000 -1.00272613
 1.450000 -1.01469104
 1.460000 -1.02659526
 1.470000 -1.03855583
 1.480000 -1.0506827
 1.490000 -1.06276692
 1.500000 -1.07482227
 1.510000 -1.08722806
 1.520000 -1.09949195
 1.530000 -1.11186239
 1.540000 -1.12444603
 1.550000 -1.13725297
 1.560000 -1.1504601
 1.570000 -1.16360061
 1.580000 -1.17713681
 1.590000 -1.1909716
 1.600000 -1.2050772
 1.610000 -1.21973233
 1.620000 -1.23454978
 1.630000 -1.24964605
 1.640000 -1.26504521
 1.650000 -1.28085862
 1.660000 -1.29693149
 1.670000 -1.31290956
 1.680000 -1.3285075
 1.690000 -1.34412944
 1.700000 -1.35959538
 1.710000 -1.374904
 1.720000 -1.39005729
 1.730000 -1.40494865
 1.740000 -1.41938521
 1.750000 -1.43338729
 1.760000 -1.44684646
 1.770000 -1.46031331
 1.780000 -1.47334839
 1.790000 -1.48628169
 1.800000 -1.49896693
 1.810000 -1.51153963
 1.820000 -1.52400573
 1.830000 -1.5362539
 1.840000 -1.54825067
 1.850000 -1.56012591
 1.860000 -1.57211189
 1.870000 -1.58406704
 1.880000 -1.59582721
 1.890000 -1.60746144
 1.900000 -1.61909524
 1.910000 -1.63098087
 1.920000 -1.64271049
 1.930000 -1.65459493
 1.940000 -1.66615155
 1.950000 -1.67777152
 1.960000 -1.68948269
 1.970000 -1.7011274
 1.980000 -1.71278519
 1.990000 -1.72461513
 2.000000 -1.73641174
 2.010000 -1.74823378
 2.020000 -1.76009979
 2.030000 -1.77194991
 2.040000 -1.78425461
 2.050000 -1.79628369
 2.060000 -1.80850955
 2.070000 -1.82078661
 2.080000 -1.83300179
 2.090000 -1.84552829
 2.100000 -1.85812466
 2.110000 -1.87104662
 2.120000 -1.88423629
 2.130000 -1.89769576
 2.140000 -1.91153905
