0.0 2.14 1.0
Linear 1 explicit
 0.000000 0.99
 0.010000 0.98609896
 0.020000 0.98454065
 0.030000 0.98300389
 0.040000 0.98192916
 0.050000 0.98115052
 0.060000 0.98059226
 0.070000 0.98023974
 0.080000 0.97984682
 0.090000 0.97945058
 0.100000 0.979429
 0.110000 0.98028499
 0.120000 0.98159026
 0.130000 0.98288657
 0.140000 0.98585712
 0.150000 0.98839797
 0.160000 0.99099903
 0.170000 0.99343455
 0.180000 0.99531445
 0.190000 0.99736309
 0.200000 0.99928024
 0.210000 1.00155393
 0.220000 1.00411287
 0.230000 1.00660801
 0.240000 1.00901807
 0.250000 1.01124305
 0.260000 1.01324945
 0.270000 1.0152491
 0.280000 1.01752921
 0.290000 1.01902825
 0.300000 1.02054198
 0.310000 1.02142178
 0.320000 1.02200378
 0.330000 1.02246379
 0.340000 1.02229046
 0.350000 1.02174995
 0.360000 1.02089425
 0.370000 1.01981302
 0.380000 1.01869489
 0.390000 1.01699674
 0.400000 1.0157264
 0.410000 1.01377169
 0.420000 1.01147184
 0.430000 1.00928647
 0.440000 1.00705162
 0.450000 1.00437965
 0.460000 1.00188261
 0.470000 0.99900807
 0.480000 0.9962464
 0.490000 0.99342713
 0.500000 0.99081754
 0.510000 0.98850583
 0.520000 0.98614884
 0.530000 0.98405024
 0.540000 0.98214631
 0.550000 0.9808113
 0.560000 0.97966681
 0.570000 0.97874697
 0.580000 0.97800801
 0.590000 0.97707772
 0.600000 0.97679859
 0.610000 0.97676069
 0.620000 0.97689772
 0.630000 0.9777169
 0.640000 0.97904634
 0.650000 0.98071656
 0.660000 0.98267271
 0.670000 0.98457401
 0.680000 0.98637298
 0.690000 0.98739783
 0.700000 0.98891528
 0.710000 0.98973494
 0.720000 0.99126542
 0.730000 0.99316422
 0.740000 0.99502086
 0.750000 0.99723579
 0.760000 0.99932313
 0.770000 1.00134873
 0.780000 1.00335613
 0.790000 1.00502007
 0.800000 1.00669435
 0.810000 1.00832571
 0.820000 1.00969928
 0.830000 1.01041412
 0.840000 1.0110735
 0.850000 1.0116621
 0.860000 1.01175494
 0.870000 1.01130971
 0.880000 1.0106948
 0.890000 1.00979971
 0.900000 1.00865461
 0.910000 1.00766808
 0.920000 1.00631526
 0.930000 1.00484258
 0.940000 1.00297958
 0.950000 1.00111425
 0.960000 0.99936485
 0.970000 0.99721321
 0.980000 0.99509353
 0.990000 0.99316504
 1.000000 0.99078168
 1.010000 0.98837823
 1.020000 0.98599958
 1.030000 0.98387662
 1.040000 0.98182771
 1.050000 0.98007832
 1.060000 0.97799365
 1.070000 0.97625449
 1.080000 0.97489108
 1.090000 0.97376278
 1.100000 0.97279102
 1.110000 0.97195374
 1.120000 0.97127002
 1.130000 0.97137328
 1.140000 0.9717091
 1.150000 0.97343698
 1.160000 0.9758292
 1.170000 0.97864659
 1.180000 0.98163743
 1.190000 0.98454747
 1.200000 0.98730996
 1.210000 0.99001095
 1.220000 0.9925098
 1.230000 0.99525259
 1.240000 0.9980325
 1.250000 1.00094976
 1.260000 1.00372118
 1.270000 1.00642922
 1.280000 1.00896746
 1.290000 1.0114374
 1.300000 1.01379003
 1.310000 1.01618803
 1.320000 1.01829613
 1.330000 1.02013338
 1.340000 1.02127
 1.350000 1.02239817
 1.360000 1.02283173
 1.370000 1.02275794
 1.380000 1.02241253
 1.390000 1.02179032
 1.400000 1.0210919
 1.410000 1.02012007
 1.420000 1.01864443
 1.430000 1.01698197
 1.440000 1.01527824
 1.450000 1.01374786
 1.460000 1.01142671
 1.470000 1.00908116
 1.480000 1.00693104
 1.490000 1.00427986
 1.500000 1.00150338
 1.510000 0.99897175
 1.520000 0.99612942
 1.530000 0.99344964
 1.540000 0.99082271
 1.550000 0.9884075
 1.560000 0.98654001
 1.570000 0.98436217
 1.580000 0.98235593
 1.590000 0.9808977
 1.600000 0.97946867
 1.610000 0.97865549
 1.620000 0.97773301
 1.630000 0.97688348
 1.640000 0.97601469
 1.650000 0.97521256
 1.660000 0.97468266
 1.670000 0.97465024
 1.680000 0.97472799
 1.690000 0.97560538
 1.700000 0.9769338
 1.710000 0.97876151
 1.720000 0.98061994
 1.730000 0.98208858
 1.740000 0.98395368
 1.750000 0.98563855
 1.760000 0.98769977
 1.770000 0.98910809
 1.780000 0.99105404
 1.790000 0.99351242
 1.800000 0.99589728
 1.810000 0.99839259
 1.820000 1.00065267
 1.830000 1.00284595
 1.840000 1.00496256
 1.850000 1.00696017
 1.860000 1.00865995
 1.870000 1.01015807
 1.880000 1.01114337
 1.890000 1.01163672
 1.900000 1.01206334
 1.910000 1.01158916
 1.920000 1.01121509
 1.930000 1.01050285
 1.940000 1.00972487
 1.950000 1.00895972
 1.960000 1.0073051
 1.970000 1.00639984
 1.980000 1.00490619
 1.990000 1.0035992
 2.000000 1.00180014
 2.010000 0.9999817
 2.020000 0.99808185
 2.030000 0.99586337
 2.040000 0.99388417
 2.050000 0.99154568
 2.060000 0.98951071
 2.070000 0.98733285
 2.080000 0.98490817
 2.090000 0.98275063
 2.100000 0.98107243
 2.110000 0.97913611
 2.120000 0.97771885
 2.130000 0.9762922
 2.140000 0.97516653
