0.0 2.14 1.0
Linear 1 explicit
 0.000000 4.89
 0.010000 4.89104801
 0.020000 4.77301928
 0.030000 4.66033038
 0.040000 4.5586384
 0.050000 4.505424
 0.060000 4.51448691
 0.070000 4.509294120000001
 0.080000 4.48677564
 0.090000 4.49917017
 0.100000 4.32700569
 0.110000 4.76502807
 0.120000 4.96164029
 0.130000 5.08398365
 0.140000 5.25472553
 0.150000 5.51251724
 0.160000 5.6445053
 0.170000 5.75365829
 0.180000 5.9922059
 0.190000 6.06319277
 0.200000 6.21870504
 0.210000 6.16562592
 0.220000 5.831794250000001
 0.230000 5.6262112
 0.240000 5.46062358
 0.250000 5.13986441
 0.260000 4.7572436
 0.270000 4.45815302
 0.280000 3.8050104099999995
 0.290000 3.43507334
 0.300000 2.98391694
 0.310000 2.67209315
 0.320000 2.33793091
 0.330000 2.04513617
 0.340000 1.87829957
 0.350000 1.72060189
 0.360000 1.57923522
 0.370000 1.49436847
 0.380000 1.65408344
 0.390000 1.51198791
 0.400000 1.49700658
 0.410000 1.65387556
 0.420000 1.58633388
 0.430000 1.5968697
 0.440000 1.6593930900000002
 0.450000 1.8639782499999997
 0.460000 1.96977518
 0.470000 2.18618454
 0.480000 2.36925968
 0.490000 2.6250383800000003
 0.500000 2.82480543
 0.510000 2.98684604
 0.520000 3.14251048
 0.530000 3.23995019
 0.540000 3.30589603
 0.550000 3.27674265
 0.560000 3.32186755
 0.570000 3.31413284
 0.580000 3.30009363
 0.590000 3.23906416
 0.600000 3.3012734600000004
 0.610000 3.2827113
 0.620000 3.23710254
 0.630000 2.94039272
 0.640000 2.58021651
 0.650000 2.1992103
 0.660000 1.90323351
 0.670000 1.6789077700000001
 0.680000 1.63961935
 0.690000 1.2984693500000002
 0.700000 1.26890759
 0.710000 0.72483445
 0.720000 0.63994364
 0.730000 0.75097608
 0.740000 0.80778083
 0.750000 1.19446615
 0.760000 1.7062191
 0.770000 2.17509002
 0.780000 2.67260468
 0.790000 3.28421175
 0.800000 4.04332207
 0.810000 4.71000637
 0.820000 5.13705558
 0.830000 5.69617094
 0.840000 6.15774425
 0.850000 6.61087422
 0.860000 6.88911434
 0.870000 7.1643186
 0.880000 7.34956687
 0.890000 7.527174640000001
 0.900000 7.674808170000001
 0.910000 7.55241044
 0.920000 7.861630969999999
 0.930000 7.667264290000001
 0.940000 7.839429240000001
 0.950000 7.60738049
 0.960000 7.76609949
 0.970000 7.4301007199999995
 0.980000 7.35834865
 0.990000 7.188890330000001
 1.000000 6.95585221
 1.010000 6.70268352
 1.020000 6.530434500000001
 1.030000 6.52493747
 1.040000 6.47622978
 1.050000 6.47126777
 1.060000 6.3976963300000005
 1.070000 6.32566063
 1.080000 6.27598804
 1.090000 6.27997932
 1.100000 6.338820440000001
 1.110000 6.39841305
 1.120000 6.47351607
 1.130000 7.07225557
 1.140000 7.355680899999999
 1.150000 7.87469798
 1.160000 8.38623715
 1.170000 8.69938354
 1.180000 8.78859826
 1.190000 8.72837569
 1.200000 8.57499031
 1.210000 8.41331297
 1.220000 8.33204564
 1.230000 8.10063183
 1.240000 7.92734725
 1.250000 7.587341640000001
 1.260000 7.329995080000001
 1.270000 6.91481595
 1.280000 6.4900373
 1.290000 6.00236462
 1.300000 5.44650932
 1.310000 4.76474351
 1.320000 4.12225949
 1.330000 3.5533829500000005
 1.340000 3.16888057
 1.350000 2.5264276
 1.360000 2.26714489
 1.370000 1.76531017
 1.380000 1.36698273
 1.390000 1.12107984
 1.400000 1.14219987
 1.410000 0.86847213
 1.420000 0.77057303
 1.430000 0.66533273
 1.440000 0.79562615
 1.450000 0.60893731
 1.460000 0.60925082
 1.470000 0.81537343
 1.480000 0.77322101
 1.490000 1.05899986
 1.500000 1.222022
 1.510000 1.35804537
 1.520000 1.68381765
 1.530000 1.94437202
 1.540000 2.20601821
 1.550000 2.38535124
 1.560000 2.46877549
 1.570000 2.62064214
 1.580000 2.74446967
 1.590000 2.80984202
 1.600000 2.89244112
 1.610000 2.83603571
 1.620000 2.78360089
 1.630000 2.6811356
 1.640000 2.61655424
 1.650000 2.61215342
 1.660000 2.49619211
 1.670000 2.20014171
 1.680000 1.9542244900000003
 1.690000 1.4373611300000002
 1.700000 0.9124276599999999
 1.710000 0.47094795
 1.720000 0.12403349000000001
 1.730000 -0.34221333
 1.740000 -0.47232602000000007
 1.750000 -0.64838932
 1.760000 -0.6781887
 1.770000 -0.82045127
 1.780000 -0.63212305
 1.790000 -0.22614357000000002
 1.800000 0.27071148
 1.810000 0.8615143900000001
 1.820000 1.57828543
 1.830000 2.38624704
 1.840000 3.19178442
 1.850000 4.04094846
 1.860000 4.70323385
 1.870000 5.20687158
 1.880000 5.59670834
 1.890000 6.02383111
 1.900000 6.36913947
 1.910000 6.71403139
 1.920000 6.94377769
 1.930000 7.10972148
 1.940000 7.258489020000001
 1.950000 7.189147490000001
 1.960000 7.5398505600000005
 1.970000 7.67504983
 1.980000 7.70684944
 1.990000 7.67116329
 2.000000 7.6559781
 2.010000 7.56059559
 2.020000 7.3803099
 2.030000 7.01563667
 2.040000 6.96582242
 2.050000 6.54951954
 2.060000 6.47379638
 2.070000 6.29323598
 2.080000 5.9875899
 2.090000 5.83614982
 2.100000 5.71226459
 2.110000 5.54013741
 2.120000 5.44423392
 2.130000 5.29727096
 2.140000 5.20944469
