0.0 1.15 1.0
Linear 3 explicit
 0.000000 -0.03822339311513112 0.8652872932358319 0.3557950420587128
 0.010000 -0.038000976478746805 0.8633969262526928 0.34115047522221875
 0.020000 -0.037821849610424216 0.8620337628004187 0.32602863620212424
 0.030000 -0.03779634872657648 0.8607616213303444 0.30984730739625066
 0.040000 -0.037623303528337496 0.8594980306690503 0.2926999933979005
 0.050000 -0.03757600964416356 0.8582693109502658 0.2744072092346967
 0.060000 -0.03736439075084209 0.8573012612955276 0.2559906134843188
 0.070000 -0.037226995417931535 0.8560330104952256 0.23630674953805814
 0.080000 -0.037158598384323505 0.8547079769349394 0.21586448847754122
 0.090000 -0.03715336769627586 0.8534009305467422 0.1946421550819344
 0.100000 -0.03730728635977208 0.8522081367869664 0.17269146919034656
 0.110000 -0.03756752716556225 0.8510411803280297 0.150036384978096
 0.120000 -0.03801807104605491 0.8499426122026057 0.12688189097462613
 0.130000 -0.03866840810116704 0.8490483779738324 0.10304460703364823
 0.140000 -0.03906475315795102 0.8484362808721935 0.0783991075845146
 0.150000 -0.0401118223677779 0.8481539655724085 0.05342733978102221
 0.160000 -0.04087451924505615 0.848299194374864 0.02809701765589552
 0.170000 -0.0418411929820784 0.8487122851774382 0.002340487074667467
 0.180000 -0.04145559701852886 0.8498778964609228 -0.02495429021380592
 0.190000 -0.04186092002449982 0.8512704359170606 -0.05178566658946955
 0.200000 -0.04231324157216901 0.8530426827823865 -0.07854413218827838
 0.210000 -0.042755943235356295 0.8552478017405297 -0.10543760280373057
 0.220000 -0.04309700511985826 0.8579480373162937 -0.1331398358098335
 0.230000 -0.04367471816763661 0.8608507090599874 -0.16045623771202128
 0.240000 -0.04427485703304658 0.8641367723415775 -0.18794794979170654
 0.250000 -0.04367498381511538 0.8682760872370259 -0.21592594962829767
 0.260000 -0.043947488448421695 0.8722671615616677 -0.24332329879345502
 0.270000 -0.04409570993686124 0.8764624543263616 -0.27050693837660444
 0.280000 -0.04514435422985114 0.8796323827388269 -0.2961521394186597
 0.290000 -0.044418663581197046 0.8849865932256155 -0.3236307743710725
 0.300000 -0.044786003862121636 0.8895016462463302 -0.349534347868358
 0.310000 -0.04484646913697028 0.8932394547658586 -0.3744890000120846
 0.320000 -0.044234019657550284 0.8993232333769363 -0.4011181750296855
 0.330000 -0.04368507324362664 0.9045027841959125 -0.42632955010027873
 0.340000 -0.04384708764405975 0.9084098845477111 -0.4499295087340538
 0.350000 -0.042867891223783275 0.9144624294576345 -0.4748066275666345
 0.360000 -0.04202634402850061 0.9197163242837259 -0.4982566948223305
 0.370000 -0.04163052917298541 0.9236949049638008 -0.5205024536097694
 0.380000 -0.03976186729128396 0.9300718358862212 -0.5432746344948978
 0.390000 -0.03877823184979146 0.9353505486362204 -0.5649501859409961
 0.400000 -0.037925106189393196 0.9400394969656228 -0.5855858717025314
 0.410000 -0.03671321320656165 0.9446968583798999 -0.6054875412152309
 0.420000 -0.035704638860713074 0.9489330664399472 -0.6246762556801404
 0.430000 -0.03500811480110383 0.9523312943989319 -0.643029716999042
 0.440000 -0.034110314750765196 0.9566564552066208 -0.6610860967100082
 0.450000 -0.03317185185499126 0.9595186241245021 -0.6777801886834768
 0.460000 -0.03235238852035007 0.9628803104865573 -0.6943890603221966
 0.470000 -0.032063165094024265 0.9646429478835185 -0.7099524578437927
 0.480000 -0.03139625993211926 0.9672002457337899 -0.7252156756694306
 0.490000 -0.030609142899437565 0.9692058387474395 -0.7396270627660546
 0.500000 -0.030362492216748187 0.9695117290732088 -0.7531507843625475
 0.510000 -0.029590787511113152 0.9709375469512437 -0.7665542666005911
 0.520000 -0.029324913240348527 0.9708289584272831 -0.7791762884309328
 0.530000 -0.029040744320629253 0.9703479027820116 -0.7908990846148308
 0.540000 -0.02866874476110999 0.9691748419806541 -0.8019363213773043
 0.550000 -0.028940169834843064 0.9679613824923508 -0.8123938778825226
 0.560000 -0.02879458561044678 0.965884060037499 -0.821670013435771
 0.570000 -0.02806297718562712 0.9640634889705241 -0.8302016466260491
 0.580000 -0.028735683214576195 0.9605662690931669 -0.8382609488170751
 0.590000 -0.028343328897784716 0.9567972703930541 -0.8455429987693802
 0.600000 -0.027713235773294823 0.9527927955378765 -0.8522017704964745
 0.610000 -0.02733870318152599 0.9483145479788041 -0.8583597174821347
 0.620000 -0.026565714723985407 0.9436094061373598 -0.8636512913483555
 0.630000 -0.026149172171470756 0.938550782936459 -0.868172840034869
 0.640000 -0.0257634291169208 0.9332759398230942 -0.8717593738416898
 0.650000 -0.025346441640087744 0.9283915988171569 -0.8748170682716885
 0.660000 -0.025230831506570003 0.9236153903777057 -0.877211345283688
 0.670000 -0.02458430578085272 0.9209816349687197 -0.881085203221213
 0.680000 -0.02369944973761562 0.9153024810576236 -0.8807643485710748
 0.690000 -0.023155913232421697 0.910992009125743 -0.8815303263087897
 0.700000 -0.02271725081113954 0.9069562935780032 -0.8821348919588294
 0.710000 -0.022156140753149603 0.9032041130522713 -0.8824943146032389
 0.720000 -0.02158135799581577 0.89951929384224 -0.8824323630603211
 0.730000 -0.021285432291540625 0.8960512225810451 -0.8822801329114592
 0.740000 -0.02065027705797548 0.8930880912565782 -0.8821506546846883
 0.750000 -0.02040372828802109 0.890036154011762 -0.8817742132419143
 0.760000 -0.019774521016290472 0.8874035677207802 -0.8813863718366759
 0.770000 -0.01894109247604871 0.8852850787578196 -0.8818292875319931
 0.780000 -0.01840511298026224 0.8826293433812661 -0.8806954953236203
 0.790000 -0.018129906834249566 0.8805070073710336 -0.8803492175477652
 0.800000 -0.01729143068722861 0.8785149532787082 -0.8806014521218395
 0.810000 -0.016668606154809334 0.8766062365567233 -0.8807563594347043
 0.820000 -0.016460749648932883 0.8746928196644833 -0.881017973790342
 0.830000 -0.016560812811407054 0.8727134306395925 -0.881393031669616
 0.840000 -0.01575488058278106 0.8711933399945211 -0.8821915118482315
 0.850000 -0.014794801592094347 0.8696786497374673 -0.8834967635073866
 0.860000 -0.014613444224275244 0.8684251042495199 -0.8846250106322604
 0.870000 -0.013828701123420122 0.867255981601642 -0.8862038477175496
 0.880000 -0.012685260824764158 0.8661832555438083 -0.888580571528633
 0.890000 -0.012676532058680445 0.8648706965846021 -0.8910652177966285
 0.900000 -0.011384457730038561 0.8639618500879045 -0.894270693994621
 0.910000 -0.010428894567360684 0.8632372288601443 -0.8978222590209854
 0.920000 -0.009419627450337729 0.8625209855545319 -0.9016840104095815
 0.930000 -0.008438940091157473 0.8618707969150214 -0.9066708799123729
 0.940000 -0.00754396776988265 0.8613065370200788 -0.9119746399100064
 0.950000 -0.006445771938853748 0.8609280728704466 -0.918014203051339
 0.960000 -0.0060354996403881875 0.8603428066856588 -0.9252380755547736
 0.970000 -0.005277614317040902 0.860052775424833 -0.932610929691018
 0.980000 -0.0045832943046124185 0.859718412564773 -0.9408627711244566
 0.990000 -0.003733471274772254 0.8595072661149631 -0.9494087847936143
 1.000000 -0.0038278130008088055 0.8591568383447634 -0.9589154356940396
 1.010000 -0.002924005478944709 0.8585791126553738 -0.9697328153020546
 1.020000 -0.002918397630429297 0.8579543266348615 -0.9810120832000272
 1.030000 -0.0027831149406468917 0.8572013354723441 -0.99297853864489
 1.040000 -0.002696150426487026 0.8563254891326713 -1.005742011857019
 1.050000 -0.0023960279738942554 0.8554648184829365 -1.0185757853427793
 1.060000 -0.0031047711196588203 0.8542270688392793 -1.0332891305004641
 1.070000 -0.0032826350753389355 0.8531003032616357 -1.0484882300371592
 1.080000 -0.003723459123499688 0.8522867713554786 -1.064252947720308
 1.090000 -0.004394259316693051 0.8514456474495599 -1.0809535598646156
 1.100000 -0.00508751582888088 0.8505805015084433 -1.098750693867042
 1.110000 -0.0058483497173542134 0.8500505282587187 -1.1167534866128461
 1.120000 -0.006648356529343223 0.8493431615158304 -1.1362953325784042
 1.130000 -0.007587648068652069 0.8485850071775952 -1.1563843741474846
 1.140000 -0.00855826630575963 0.8481062518520063 -1.1767268889954792
 1.150000 -0.009786512208055705 0.8475736700397811 -1.197924233417218
