0.0 2.14 1.0
Linear 1 explicit
 0.000000 0.7500000000000001
 0.010000 0.41368930222803185
 0.020000 0.37598179165531953
 0.030000 0.30895122811870734
 0.040000 0.2435266303265474
 0.050000 0.08410871263837648
 0.060000 -0.1671054817333858
 0.070000 -0.4735668818595528
 0.080000 -0.8025670599459217
 0.090000 -1.1359669634764442
 0.100000 -1.3100073590480172
 0.110000 -2.130243763153073
 0.120000 -2.663504104536583
 0.130000 -3.173028924887403
 0.140000 -3.8118725799409576
 0.150000 -4.5546834057384755
 0.160000 -5.155514051673905
 0.170000 -5.750099353074051
 0.180000 -6.570689841744078
 0.190000 -7.221099005688731
 0.200000 -7.831950077992848
 0.210000 -8.361297344042436
 0.220000 -8.620952568047523
 0.230000 -8.866524473572454
 0.240000 -8.626540958454871
 0.250000 -8.555286617089276
 0.260000 -8.107983413827721
 0.270000 -7.984911838288499
 0.280000 -6.9054881720172885
 0.290000 -6.483085077256971
 0.300000 -5.821018506440059
 0.310000 -5.4619155139570985
 0.320000 -5.0570346266516815
 0.330000 -4.607701535685282
 0.340000 -4.375401631283588
 0.350000 -4.194276065916395
 0.360000 -4.277419556100328
 0.370000 -4.239260104538371
 0.380000 -4.464251649847054
 0.390000 -4.147852724114738
 0.400000 -3.9555245109496995
 0.410000 -4.1007013003698916
 0.420000 -3.7962096068983677
 0.430000 -3.590479454423567
 0.440000 -3.4115505749328916
 0.450000 -3.3802968571878558
 0.460000 -3.1777745223584057
 0.470000 -3.136068997670737
 0.480000 -2.997950875168911
 0.490000 -2.904831994383482
 0.500000 -2.6730066856911643
 0.510000 -2.313010516761829
 0.520000 -1.9918771718240686
 0.530000 -1.607752673340891
 0.540000 -1.277260672457465
 0.550000 -0.921062813455226
 0.560000 -0.8202092763704887
 0.570000 -0.8114648348136267
 0.580000 -0.9110853462804661
 0.590000 -0.9290506654535436
 0.600000 -1.0756256521579641
 0.610000 -0.9612951329087358
 0.620000 -0.8113189211066559
 0.630000 -0.17407111137496056
 0.640000 0.43341439819909056
 0.650000 0.9544370795970961
 0.660000 1.4042895628307008
 0.670000 1.7646717075200118
 0.680000 2.1498458948039803
 0.690000 2.791678924846237
 0.700000 3.347628280555113
 0.710000 4.390593661219298
 0.720000 5.051228421110639
 0.730000 5.49013903100883
 0.740000 5.799201638043624
 0.750000 5.807725945707175
 0.760000 5.519748602702549
 0.770000 5.2944415730735574
 0.780000 4.970192387127433
 0.790000 4.469284096371604
 0.800000 3.683687545225048
 0.810000 3.0420145027911376
 0.820000 2.7393757454906815
 0.830000 2.106433216715141
 0.840000 1.5767933235596194
 0.850000 1.0553562865847135
 0.860000 0.8415885180017324
 0.870000 0.5261379643605952
 0.880000 0.19503549512598306
 0.890000 -0.013293672814310367
 0.900000 -0.10834585303215773
 0.910000 0.14277326131620635
 0.920000 -0.42959506615480986
 0.930000 -0.13367345833813263
 0.940000 -0.5386145374590101
 0.950000 -0.22896115150272336
 0.960000 -0.711834147705784
 0.970000 -0.2957714417773267
 0.980000 -0.5014435813445729
 0.990000 -0.4702204864433343
 1.000000 -0.288294391734361
 1.010000 -0.13397422665873487
 1.020000 -0.06862956064765609
 1.030000 -0.19740749102371247
 1.040000 -0.3012007747221625
 1.050000 -0.4589077769568791
 1.060000 -0.5740553718999963
 1.070000 -0.7050193404028424
 1.080000 -0.8643378570365965
 1.090000 -1.1220509349825065
 1.100000 -1.488732494979315
 1.110000 -1.8979860442908836
 1.120000 -2.2920618720320154
 1.130000 -3.294160847075426
 1.140000 -3.8786176739941536
 1.150000 -4.7461890102470665
 1.160000 -5.554326834922583
 1.170000 -6.228161217342586
 1.180000 -6.683741662780303
 1.190000 -6.989811079353249
 1.200000 -7.243449090447848
 1.210000 -7.5259142827690955
 1.220000 -8.033151303345567
 1.230000 -8.382265033897808
 1.240000 -8.745367038736353
 1.250000 -9.017363052402613
 1.260000 -9.17713748353517
 1.270000 -9.156973860873649
 1.280000 -8.829343098463772
 1.290000 -8.424967517926945
 1.300000 -7.958659894572268
 1.310000 -7.199861320650177
 1.320000 -6.558293668715695
 1.330000 -5.958497232537769
 1.340000 -5.836396424900295
 1.350000 -5.011308047956307
 1.360000 -4.981899825853145
 1.370000 -4.456330956833786
 1.380000 -4.198151545714468
 1.390000 -4.341474250407939
 1.400000 -4.56994356406517
 1.410000 -4.217512478347378
 1.420000 -4.221447015298701
 1.430000 -4.173538254854558
 1.440000 -4.434100251434791
 1.450000 -4.061952874219556
 1.460000 -4.053611170848833
 1.470000 -4.309497768428705
 1.480000 -4.020815588777197
 1.490000 -4.2877077173162
 1.500000 -4.190380666408439
 1.510000 -4.085737122670373
 1.520000 -4.199474168952222
 1.530000 -4.159746100215596
 1.540000 -4.094288035230851
 1.550000 -3.8372559894732383
 1.560000 -3.3869395394116135
 1.570000 -3.1531118991070133
 1.580000 -2.9441448511439687
 1.590000 -2.6759437013858713
 1.600000 -2.6324136937975133
 1.610000 -2.420665776507215
 1.620000 -2.4008510704237724
 1.630000 -2.36679743281673
 1.640000 -2.358733040739253
 1.650000 -2.2770839848283417
 1.660000 -1.886769045451554
 1.670000 -1.1662996950192195
 1.680000 -0.49277332617313896
 1.690000 0.3935004233366548
 1.700000 1.1046168877339888
 1.710000 1.7259776511050395
 1.720000 2.2805769341372515
 1.730000 2.930773161180911
 1.740000 3.4595240041371236
 1.750000 4.028896325941227
 1.760000 4.561526410611106
 1.770000 5.169693592668722
 1.780000 5.465162703023795
 1.790000 5.5555684581000095
 1.800000 5.4476626685981
 1.810000 5.20720985852954
 1.820000 4.7481278913955345
 1.830000 4.107482823198517
 1.840000 3.4468386387157013
 1.850000 2.6637863548098983
 1.860000 2.056581363659531
 1.870000 1.6145135924956335
 1.880000 1.282261617578167
 1.890000 0.8064535678018657
 1.900000 0.5576509301560542
 1.910000 -0.034618867128939496
 1.920000 -0.31129657111318515
 1.930000 -0.5978964319822874
 1.940000 -0.8435340946981958
 1.950000 -0.7113577836807023
 1.960000 -1.1926490016436389
 1.970000 -1.4785808931155706
 1.980000 -1.5907085416266413
 1.990000 -1.704400028570081
 2.000000 -1.7819959015836673
 2.010000 -1.7983289541284149
 2.020000 -1.6980634711268423
 2.030000 -1.209272222152995
 2.040000 -1.4165922165521927
 2.050000 -0.9304811132842151
 2.060000 -1.0510688488168898
 2.070000 -0.927760840391194
 2.080000 -0.7252038623842182
 2.090000 -0.7098551239536665
 2.100000 -0.7585181259677116
 2.110000 -0.8485594120381577
 2.120000 -0.9336266839349059
 2.130000 -0.9788684581830279
 2.140000 -1.1318115880781254
