0.0 2.14 1.0
Linear 1 explicit
 0.000000 -21.38
 0.010000 -21.308147791718383
 0.020000 -21.126193174190877
 0.030000 -20.834296458537825
 0.040000 -20.423272093773388
 0.050000 -19.832245452290223
 0.060000 -19.251986601116027
 0.070000 -18.52413683868926
 0.080000 -17.715959353099024
 0.090000 -16.967462152915676
 0.100000 -16.332691783154807
 0.110000 -15.92000351752354
 0.120000 -15.263154534235113
 0.130000 -14.416850629751817
 0.140000 -14.517700260817861
 0.150000 -13.987031551852422
 0.160000 -13.28078025466682
 0.170000 -12.74440601893826
 0.180000 -12.637337095166409
 0.190000 -12.580813499508634
 0.200000 -12.80889164875168
 0.210000 -13.501056831461284
 0.220000 -14.149381423893832
 0.230000 -14.812663855182237
 0.240000 -15.966743833522129
 0.250000 -16.434136058519016
 0.260000 -17.00167095484959
 0.270000 -17.44402380667298
 0.280000 -18.517272150273236
 0.290000 -18.882153719644005
 0.300000 -19.63975817954192
 0.310000 -19.901172173752546
 0.320000 -20.284150840976466
 0.330000 -20.95561949676493
 0.340000 -21.21547103546209
 0.350000 -21.62033847330988
 0.360000 -21.983943749820142
 0.370000 -22.44955666363848
 0.380000 -22.694231239242104
 0.390000 -23.16803758429764
 0.400000 -24.088526261932806
 0.410000 -24.42830931611165
 0.420000 -24.756343230760194
 0.430000 -25.423886053975597
 0.440000 -26.369424447818666
 0.450000 -26.869384102003295
 0.460000 -27.890619669422268
 0.470000 -28.568143886922424
 0.480000 -29.45723547482644
 0.490000 -30.214388723758475
 0.500000 -31.080889989926103
 0.510000 -31.863369627394167
 0.520000 -32.294636062117064
 0.530000 -32.81712604493933
 0.540000 -33.60162458363359
 0.550000 -34.85269317850503
 0.560000 -35.872884648972835
 0.570000 -36.699359003057936
 0.580000 -37.50919328040819
 0.590000 -37.258510174322836
 0.600000 -38.595169603547355
 0.610000 -39.233272939148556
 0.620000 -39.588449478555304
 0.630000 -39.20940423392008
 0.640000 -38.44663680384154
 0.650000 -37.58059820608706
 0.660000 -36.84400208829518
 0.670000 -35.87412515337315
 0.680000 -35.24527559935023
 0.690000 -34.738179907610885
 0.700000 -34.40686626476239
 0.710000 -33.93843357411457
 0.720000 -33.2769848397816
 0.730000 -32.686176667855285
 0.740000 -31.606214331660865
 0.750000 -30.652691922178587
 0.760000 -29.470370749853924
 0.770000 -28.69519762390501
 0.780000 -28.06462648488178
 0.790000 -27.239305129057055
 0.800000 -26.267491765793068
 0.810000 -25.56881345642733
 0.820000 -25.507287423913738
 0.830000 -24.583037526868107
 0.840000 -23.98552327390848
 0.850000 -23.441276331527888
 0.860000 -23.44429769101365
 0.870000 -23.103124411222534
 0.880000 -22.61477325867822
 0.890000 -22.501424588284504
 0.900000 -22.537453707569316
 0.910000 -22.813217973393442
 0.920000 -22.31523341946812
 0.930000 -22.528497416010545
 0.940000 -22.431979962793427
 0.950000 -22.547948149739817
 0.960000 -22.06371824690762
 0.970000 -22.185717115750435
 0.980000 -21.732362978804108
 0.990000 -21.405272989306834
 1.000000 -21.19531701783276
 1.010000 -21.01595166997429
 1.020000 -20.872245939182417
 1.030000 -20.60949006752874
 1.040000 -20.421695061102564
 1.050000 -20.162587099321126
 1.060000 -19.91740396715471
 1.070000 -19.665376396015404
 1.080000 -19.28325347483785
 1.090000 -18.76908260852166
 1.100000 -18.12386710109344
 1.110000 -17.310936529505845
 1.120000 -16.50396198267926
 1.130000 -15.63769517771417
 1.140000 -14.743913544319811
 1.150000 -14.413752183055621
 1.160000 -13.990759973963439
 1.170000 -13.508051555794816
 1.180000 -12.809833095620036
 1.190000 -11.926022775124292
 1.200000 -11.194586639505982
 1.210000 -10.602173519055851
 1.220000 -10.509399628012584
 1.230000 -10.644764832332683
 1.240000 -11.017082816254035
 1.250000 -11.747367268364888
 1.260000 -12.542563145662102
 1.270000 -13.314903360858063
 1.280000 -14.24545198491659
 1.290000 -15.140823184578304
 1.300000 -15.898782711950158
 1.310000 -16.794928291916012
 1.320000 -17.607337182876797
 1.330000 -18.306166932500883
 1.340000 -18.88699921153283
 1.350000 -19.695195753308578
 1.360000 -20.1971913552987
 1.370000 -20.578317390507085
 1.380000 -21.20528054647039
 1.390000 -21.58760257745431
 1.400000 -21.86221673026142
 1.410000 -22.884763840636158
 1.420000 -23.397551509869984
 1.430000 -24.077261442996733
 1.440000 -24.59937739174278
 1.450000 -26.015953084538232
 1.460000 -26.773602327998947
 1.470000 -27.42037614808336
 1.480000 -28.534665058195085
 1.490000 -29.29604924625323
 1.500000 -29.942090188441775
 1.510000 -31.034086849966435
 1.520000 -31.5058976149377
 1.530000 -31.879308488017408
 1.540000 -32.008416345953265
 1.550000 -31.721213142691685
 1.560000 -31.396103830333445
 1.570000 -31.163176886049875
 1.580000 -31.262915887496693
 1.590000 -31.730190150917814
 1.600000 -31.8040239686751
 1.610000 -33.11399417290493
 1.620000 -33.748166216157394
 1.630000 -34.508829929844275
 1.640000 -35.14649873182204
 1.650000 -35.53005692873779
 1.660000 -36.067186827940695
 1.670000 -36.532111065774636
 1.680000 -35.617740342643486
 1.690000 -34.43579832450604
 1.700000 -33.733273888792226
 1.710000 -33.05695819800636
 1.720000 -32.30814124005686
 1.730000 -31.028910383163318
 1.740000 -30.414549794960102
 1.750000 -29.91997351031431
 1.760000 -29.292446551767867
 1.770000 -28.68220253232262
 1.780000 -28.218003156498582
 1.790000 -27.81353495188028
 1.800000 -26.91721206900625
 1.810000 -26.255949742229518
 1.820000 -25.461195835451917
 1.830000 -24.680733004801798
 1.840000 -24.003379726350563
 1.850000 -23.300350957127183
 1.860000 -22.682945155594663
 1.870000 -22.12182309342864
 1.880000 -21.78961381053081
 1.890000 -21.2505120561857
 1.900000 -21.340792618822775
 1.910000 -20.330126462651883
 1.920000 -20.05620647219087
 1.930000 -19.674622034824775
 1.940000 -19.378097418857877
 1.950000 -19.548745814123414
 1.960000 -19.152237391452623
 1.970000 -18.749361928463138
 1.980000 -18.72034485890708
 1.990000 -18.37238912774221
 2.000000 -18.304126473775888
 2.010000 -18.249903055890325
 2.020000 -18.267766592075443
 2.030000 -18.48503819492484
 2.040000 -18.16061631789716
 2.050000 -18.367303933597416
 2.060000 -18.142218099680743
 2.070000 -18.243044428789688
 2.080000 -18.070099132451883
 2.090000 -17.932837058919294
 2.100000 -17.788312139256202
 2.110000 -17.628414702377768
 2.120000 -17.35312284670326
 2.130000 -17.024418193636148
 2.140000 -16.63111845192032
