0.0 2.14 1.0
Linear 1 explicit
 0.000000 -31.72
 0.010000 -30.54034922376154
 0.020000 -30.585702899171938
 0.030000 -30.710714987884487
 0.040000 -31.064707994536587
 0.050000 -31.583191604702588
 0.060000 -31.974966449209255
 0.070000 -32.48162675572275
 0.080000 -32.875183055082225
 0.090000 -33.15843394820744
 0.100000 -33.41884372286671
 0.110000 -33.83925196167677
 0.120000 -34.16993754928187
 0.130000 -34.088920125029915
 0.140000 -34.387387282156105
 0.150000 -34.0184891363114
 0.160000 -33.38153658197433
 0.170000 -32.45079692938625
 0.180000 -31.017557099642115
 0.190000 -29.694684242698276
 0.200000 -28.271585390034048
 0.210000 -27.16499966548484
 0.220000 -26.218801458236552
 0.230000 -25.29286110949827
 0.240000 -25.10617122977986
 0.250000 -24.19770536122108
 0.260000 -23.28879967586419
 0.270000 -22.1675613943708
 0.280000 -21.615647246639032
 0.290000 -20.419388674002434
 0.300000 -19.464601151235467
 0.310000 -18.13631253244177
 0.320000 -16.837721456325397
 0.330000 -15.747996378255836
 0.340000 -14.380471588470137
 0.350000 -13.015470225060895
 0.360000 -11.112409131170336
 0.370000 -9.671933761101872
 0.380000 -8.358625692866264
 0.390000 -7.18360836791592
 0.400000 -6.504196220334089
 0.410000 -5.360116911893736
 0.420000 -4.418887439610974
 0.430000 -3.6974503689929255
 0.440000 -3.1582470164080716
 0.450000 -2.3992237851414733
 0.460000 -1.957788423738536
 0.470000 -1.2453841047034526
 0.480000 -0.6947793551404033
 0.490000 -0.13717733299752424
 0.500000 0.24217583573078347
 0.510000 0.38786421167600793
 0.520000 0.636893383939787
 0.530000 0.8103780005463885
 0.540000 1.0483682011854094
 0.550000 1.1276640159552616
 0.560000 1.250340254658857
 0.570000 1.2832179923196605
 0.580000 1.2006996647315955
 0.590000 1.0077026053777538
 0.600000 0.6078149448851039
 0.610000 -0.020555037397949345
 0.620000 -0.6404754974241944
 0.630000 -1.6103884837338518
 0.640000 -2.4806706189080594
 0.650000 -3.166706157623841
 0.660000 -3.858269123065721
 0.670000 -4.482558306442382
 0.680000 -5.4185329722713895
 0.690000 -6.010151960942367
 0.700000 -7.177896642747348
 0.710000 -7.991164336018311
 0.720000 -9.232613395224302
 0.730000 -10.583703457306028
 0.740000 -11.795715986029446
 0.750000 -13.137805412001173
 0.760000 -14.263817233349934
 0.770000 -15.387825818870004
 0.780000 -16.391074140495235
 0.790000 -17.31056624963625
 0.800000 -18.169223970132485
 0.810000 -19.11227218298024
 0.820000 -20.03927951176183
 0.830000 -20.65836451066404
 0.840000 -21.364542810600245
 0.850000 -22.149033196046158
 0.860000 -22.852769393965513
 0.870000 -23.389342950087677
 0.880000 -23.863574167770423
 0.890000 -24.33209297577309
 0.900000 -24.66539235096907
 0.910000 -25.143282968362826
 0.920000 -25.51011957430416
 0.930000 -25.910158756644428
 0.940000 -26.047643132517628
 0.950000 -26.475108883707488
 0.960000 -26.956617812406975
 0.970000 -27.39125633758436
 0.980000 -27.810837370487132
 0.990000 -28.568645470494427
 1.000000 -28.97035378502763
 1.010000 -29.319779947199933
 1.020000 -29.66013326460561
 1.030000 -30.08334004900904
 1.040000 -30.448562652291088
 1.050000 -30.980258395695888
 1.060000 -31.238363892637544
 1.070000 -31.615749676000643
 1.080000 -32.01225132582655
 1.090000 -32.450785023149585
 1.100000 -32.930399016953054
 1.110000 -33.57255327944323
 1.120000 -33.974787786649465
 1.130000 -34.47846207769534
 1.140000 -34.63304104170837
 1.150000 -35.032404240610354
 1.160000 -35.424155305802046
 1.170000 -35.55760403838952
 1.180000 -35.4124122426068
 1.190000 -34.87602667941421
 1.200000 -33.95782373902649
 1.210000 -32.82717732889399
 1.220000 -31.468769704553974
 1.230000 -30.301037418905466
 1.240000 -29.133846629877823
 1.250000 -28.11614184046669
 1.260000 -27.006005332037056
 1.270000 -25.972525361688405
 1.280000 -25.602271103655557
 1.290000 -24.804788362965816
 1.300000 -23.891086193473598
 1.310000 -23.007265774765457
 1.320000 -22.032672979536514
 1.330000 -20.99500844226792
 1.340000 -19.606611979440622
 1.350000 -18.575366569526505
 1.360000 -17.090462014750184
 1.370000 -15.568989569626083
 1.380000 -14.134761743682764
 1.390000 -12.122747498671188
 1.400000 -10.609926354142612
 1.410000 -9.601411520973782
 1.420000 -8.241376216108248
 1.430000 -7.038287046125036
 1.440000 -5.871387331668101
 1.450000 -5.472490905569719
 1.460000 -4.4952065858646115
 1.470000 -3.5112035878918824
 1.480000 -3.1288689860769296
 1.490000 -2.2322436050006957
 1.500000 -1.6328474282215626
 1.510000 -1.20798527525535
 1.520000 -0.5306951743214045
 1.530000 -0.029738294460011413
 1.540000 0.43967313851802026
 1.550000 0.6920934460244822
 1.560000 0.5492084181684692
 1.570000 0.7194925009320844
 1.580000 0.8854645584899608
 1.590000 0.7599741685795306
 1.600000 0.923556412557076
 1.610000 0.5965894638652317
 1.620000 0.6013161066374427
 1.630000 0.5223207739868823
 1.640000 0.2776233009069227
 1.650000 -0.1968346973229063
 1.660000 -0.8989407019662401
 1.670000 -1.812987090069216
 1.680000 -2.5671582015961354
 1.690000 -3.3944775241962706
 1.700000 -3.9268568134612134
 1.710000 -4.503670802066841
 1.720000 -5.10324195854658
 1.730000 -5.4811812163062905
 1.740000 -6.39139590045252
 1.750000 -7.2481344552783815
 1.760000 -8.37463986948345
 1.770000 -9.266686740602887
 1.780000 -10.425275633632587
 1.790000 -11.819063866378016
 1.800000 -13.149281235278055
 1.810000 -14.446926847273938
 1.820000 -15.609320505528004
 1.830000 -16.686148562563236
 1.840000 -17.7530983172106
 1.850000 -18.788169278851075
 1.860000 -19.796937243761597
 1.870000 -20.788880905859582
 1.880000 -21.6241196037114
 1.890000 -22.301458400300152
 1.900000 -23.14726958584058
 1.910000 -23.49942380870258
 1.920000 -24.07591583844802
 1.930000 -24.548098776961837
 1.940000 -25.033572145429762
 1.950000 -25.578043269352627
 1.960000 -25.701418783545414
 1.970000 -26.3074676024756
 1.980000 -26.568906729688607
 1.990000 -27.108047971401266
 2.000000 -27.450262430198975
 2.010000 -27.813747156015474
 2.020000 -28.251259566304352
 2.030000 -28.70245798833208
 2.040000 -29.28018326399377
 2.050000 -29.673519307355427
 2.060000 -30.186105522721526
 2.070000 -30.606755748183122
 2.080000 -30.77358821052285
 2.090000 -31.035635534781893
 2.100000 -31.46415554489371
 2.110000 -31.644991350699797
 2.120000 -32.29700124487271
 2.130000 -32.64048971452711
 2.140000 -33.02148912893612
