0.0 2.14 1.0
Linear 1 explicit
 0.000000 7.62
 0.010000 7.14526753474195
 0.020000 7.4320362437519485
 0.030000 7.689651090458508
 0.040000 7.831122536726343
 0.050000 7.818046813000878
 0.060000 7.732758709456146
 0.070000 7.467308539593965
 0.080000 7.1753866699276685
 0.090000 7.027925806180766
 0.100000 6.768186255821533
 0.110000 7.121266238573064
 0.120000 7.408389257254014
 0.130000 7.463876999992767
 0.140000 7.597855601218277
 0.150000 7.872469782735593
 0.160000 7.982210668848134
 0.170000 8.065376919960558
 0.180000 8.401681625717156
 0.190000 8.644989363741029
 0.200000 8.967084906242624
 0.210000 9.059701424068015
 0.220000 8.82940340891687
 0.230000 8.706612243277313
 0.240000 8.468588124432353
 0.250000 8.114991098320727
 0.260000 7.618743897907862
 0.270000 7.196279077413621
 0.280000 6.158722733301175
 0.290000 5.607871842992771
 0.300000 4.810339357460314
 0.310000 4.293225759367549
 0.320000 3.7202965308187435
 0.330000 3.090143001452718
 0.340000 2.6875852431833374
 0.350000 2.302097542274278
 0.360000 2.0079656396310206
 0.370000 1.7216331901712143
 0.380000 1.781650792497629
 0.390000 1.3456053295690038
 0.400000 0.9209457044713584
 0.410000 1.0046532032925741
 0.420000 0.7075467788702088
 0.430000 0.4477681075694083
 0.440000 0.19048979145251985
 0.450000 0.24936271742554184
 0.460000 0.09250686867183244
 0.470000 0.2138234057052892
 0.480000 0.2409788332572718
 0.490000 0.31327454680969347
 0.500000 0.2598702960347793
 0.510000 0.09967254967193295
 0.520000 0.0412975886396952
 0.530000 -0.10114203279517524
 0.540000 -0.3006401662683916
 0.550000 -0.7923474021421794
 0.560000 -1.163791192588351
 0.570000 -1.6186213888806653
 0.580000 -2.2123495068487213
 0.590000 -2.7125633215059377
 0.600000 -3.5015036263282453
 0.610000 -4.078404541392331
 0.620000 -4.58154232301294
 0.630000 -5.462520617171116
 0.640000 -6.314522337893898
 0.650000 -7.071369959521926
 0.660000 -7.708227115525752
 0.670000 -8.032656222871724
 0.680000 -8.386752876106051
 0.690000 -8.776140942507492
 0.700000 -9.002366054648968
 0.710000 -9.637023353189043
 0.720000 -9.763873192656428
 0.730000 -9.72198124973946
 0.740000 -9.475709790967256
 0.750000 -8.884753631983918
 0.760000 -7.954109875130019
 0.770000 -7.094497063502817
 0.780000 -6.182172835450225
 0.790000 -4.953260011092147
 0.800000 -3.5024742628056216
 0.810000 -2.3019595623262568
 0.820000 -1.579091223620627
 0.830000 -0.4404785879342566
 0.840000 0.4019148475575529
 0.850000 1.1499858948861734
 0.860000 1.6536283607416693
 0.870000 2.2047675649692033
 0.880000 2.6108866920813543
 0.890000 3.0158471928005217
 0.900000 3.292628780683375
 0.910000 3.3084311961480037
 0.920000 3.8663246601455916
 0.930000 3.8413258798339136
 0.940000 4.28202981669673
 0.950000 4.209226029188124
 0.960000 4.49600152609798
 0.970000 4.381026231992361
 0.980000 4.521143609750395
 0.990000 4.601755647417927
 1.000000 4.73296571795139
 1.010000 4.945377682758686
 1.020000 5.308524865938424
 1.030000 5.901901185653035
 1.040000 6.456685473925059
 1.050000 7.05756343032824
 1.060000 7.5058578562245755
 1.070000 7.812105538960503
 1.080000 7.9715706772400186
 1.090000 7.997785360867451
 1.100000 7.9847212694849645
 1.110000 7.924483906920265
 1.120000 7.865619533195032
 1.130000 8.323356725559973
 1.140000 8.564849433941868
 1.150000 9.072945507802888
 1.160000 9.488733679585263
 1.170000 9.733356884633418
 1.180000 9.86452882727003
 1.190000 9.948889717011587
 1.200000 9.946471661865568
 1.210000 9.951861440905876
 1.220000 10.100550712616304
 1.230000 10.05548473673647
 1.240000 10.03723465000854
 1.250000 9.850187521654302
 1.260000 9.689623352652069
 1.270000 9.319373362443258
 1.280000 8.8545796435677
 1.290000 8.281798905409758
 1.300000 7.61241748229434
 1.310000 6.705180721952926
 1.320000 5.854948281155957
 1.330000 5.046751562403517
 1.340000 4.557790597029441
 1.350000 3.555644492378126
 1.360000 3.184495647750616
 1.370000 2.446378847634213
 1.380000 1.8671345806010122
 1.390000 1.5819110902209712
 1.400000 1.5405047525373337
 1.410000 0.859554259225823
 1.420000 0.6424367039800869
 1.430000 0.35295249814994195
 1.440000 0.438038351893664
 1.450000 -0.26551413186956924
 1.460000 -0.4316107523829024
 1.470000 -0.26761726807062863
 1.480000 -0.7225157000037046
 1.490000 -0.44117897103215903
 1.500000 -0.5114339127327822
 1.510000 -0.6355927786688957
 1.520000 -0.4299883004628844
 1.530000 -0.3425636401245404
 1.540000 -0.24775151367687676
 1.550000 -0.29222505356957823
 1.560000 -0.5127575287421609
 1.570000 -0.6582517418650317
 1.580000 -0.8189272716443361
 1.590000 -1.1972398533420712
 1.600000 -1.3623367992956024
 1.610000 -2.184664330120766
 1.620000 -2.659163533655208
 1.630000 -3.2744306427367396
 1.640000 -3.949304352937487
 1.650000 -4.5966596355592735
 1.660000 -5.365720085487814
 1.670000 -6.276579454757146
 1.680000 -6.943528855902622
 1.690000 -7.877457654563266
 1.700000 -8.660533063106294
 1.710000 -9.326131782833025
 1.720000 -9.874916575296371
 1.730000 -10.210570243770128
 1.740000 -10.515100055488146
 1.750000 -10.749495873217773
 1.760000 -10.81767165038073
 1.770000 -10.841954187821095
 1.780000 -10.621323516204312
 1.790000 -10.241930726951935
 1.800000 -9.441730086601376
 1.810000 -8.609605918907727
 1.820000 -7.47146388893538
 1.830000 -6.156552631616008
 1.840000 -4.839914752829732
 1.850000 -3.4391149201948443
 1.860000 -2.232870787486164
 1.870000 -1.2641624747257543
 1.880000 -0.4306588334809918
 1.890000 0.37641731429744313
 1.900000 0.8996504558948726
 1.910000 1.6943416094159407
 1.920000 2.232197917326048
 1.930000 2.6695800915790073
 1.940000 3.0822101458402407
 1.950000 3.240059632438267
 1.960000 3.828220766888973
 1.970000 4.093309764810228
 1.980000 4.298014508581255
 1.990000 4.346991227656632
 2.000000 4.4317279371247436
 2.010000 4.444709472626625
 2.020000 4.368133354617867
 2.030000 4.1981368265011065
 2.040000 4.283106214131549
 2.050000 4.175089581589113
 2.060000 4.455282571045192
 2.070000 4.761770245168736
 2.080000 4.976833102907324
 2.090000 5.384885043954158
 2.100000 5.815370703325236
 2.110000 6.112575648469825
 2.120000 6.4281190520104525
 2.130000 6.513652063248317
 2.140000 6.486667015125651
