0.0 2.14 1.0
Linear 1 explicit
 0.000000 6.68
 0.010000 7.67667938115922
 0.020000 7.938368282701675
 0.030000 8.104113832667405
 0.040000 8.163510138063959
 0.050000 8.1847216128262
 0.060000 8.217060823685111
 0.070000 8.276284513255742
 0.080000 8.117921339455345
 0.090000 7.712307138854699
 0.100000 7.199590391347835
 0.110000 6.272205851514215
 0.120000 5.170494634504898
 0.130000 4.515665310920974
 0.140000 3.0046698264784237
 0.150000 1.9671194746495742
 0.160000 0.8515744623536218
 0.170000 -0.3250271801243186
 0.180000 -1.42937625646899
 0.190000 -2.8407630988696453
 0.200000 -4.190019777240606
 0.210000 -5.8193957176996545
 0.220000 -7.535565710808359
 0.230000 -9.210546536254757
 0.240000 -10.84059777483995
 0.250000 -12.281899424147362
 0.260000 -13.634637215144977
 0.270000 -14.9031697357275
 0.280000 -16.388719101413866
 0.290000 -17.592754420825894
 0.300000 -18.901814532942197
 0.310000 -20.02456475688316
 0.320000 -21.08145762667893
 0.330000 -22.153097905916262
 0.340000 -23.01963050118197
 0.350000 -23.8416276219185
 0.360000 -24.50129525154705
 0.370000 -25.17632691415041
 0.380000 -25.882587128925014
 0.390000 -26.48054469135595
 0.400000 -27.374838279963395
 0.410000 -27.942666080955945
 0.420000 -28.34073105632245
 0.430000 -28.838978626341586
 0.440000 -29.442511116367328
 0.450000 -29.747544036855484
 0.460000 -30.284031759971292
 0.470000 -30.541459558347555
 0.480000 -30.94172391645847
 0.490000 -31.2420030010482
 0.500000 -31.586417383675297
 0.510000 -32.05744523456607
 0.520000 -32.381396309006284
 0.530000 -32.7876881721932
 0.540000 -33.168601731096466
 0.550000 -33.63617361373664
 0.560000 -34.11561014786348
 0.570000 -34.659425799433734
 0.580000 -35.129236317602285
 0.590000 -35.46794415099043
 0.600000 -35.94995267372765
 0.610000 -36.476033668679236
 0.620000 -36.74878125333679
 0.630000 -36.899406899048984
 0.640000 -36.94098820906465
 0.650000 -36.785329487417094
 0.660000 -36.35224841800627
 0.670000 -35.62708063672772
 0.680000 -34.601017940682844
 0.690000 -32.93770628885342
 0.700000 -31.503142931170974
 0.710000 -29.535600729589323
 0.720000 -28.054467764192758
 0.730000 -26.728822055279867
 0.740000 -26.02754769643157
 0.750000 -24.9835885189714
 0.760000 -23.694815218922276
 0.770000 -22.307006587747026
 0.780000 -20.77960231190573
 0.790000 -19.127962901180517
 0.800000 -17.5412950605844
 0.810000 -15.98345764313302
 0.820000 -14.290297124807736
 0.830000 -12.512471503367376
 0.840000 -10.84572361120643
 0.850000 -9.34376191290508
 0.860000 -7.690229041112749
 0.870000 -6.0243575226533315
 0.880000 -4.519054242212283
 0.890000 -3.0163344018353957
 0.900000 -0.9909088262573019
 0.910000 0.4400285805131188
 0.920000 1.5135184128321857
 0.930000 2.670391675649941
 0.940000 3.633438063113928
 0.950000 4.568625200354446
 0.960000 5.0408973550385605
 0.970000 5.893522387946682
 0.980000 6.399006781400231
 0.990000 6.694752825432589
 1.000000 7.262142926676806
 1.010000 7.752271790362378
 1.020000 8.160833882089845
 1.030000 8.356288823395815
 1.040000 8.508525506100485
 1.050000 8.420540636793646
 1.060000 8.483540347622816
 1.070000 8.490611331498993
 1.080000 8.573754802013841
 1.090000 8.61943021289055
 1.100000 8.597760111590771
 1.110000 8.534323073427117
 1.120000 8.481972218775766
 1.130000 8.034147858624786
 1.140000 7.739718775238487
 1.150000 6.829589142368187
 1.160000 6.064041919703459
 1.170000 5.168947078109028
 1.180000 4.046792450965895
 1.190000 2.7719420083560737
 1.200000 1.402044396124283
 1.210000 -0.030421785233874975
 1.220000 -1.4791482938581695
 1.230000 -3.123540562252704
 1.240000 -4.72230305228558
 1.250000 -6.425509593132378
 1.260000 -7.94991855300571
 1.270000 -9.455983375076125
 1.280000 -10.978557064131772
 1.290000 -12.417773957078078
 1.300000 -13.870182638208036
 1.310000 -15.293642516096913
 1.320000 -16.69831323336393
 1.330000 -18.056183765402245
 1.340000 -19.253678795166163
 1.350000 -20.467761780980844
 1.360000 -21.52844026036073
 1.370000 -22.339972358898088
 1.380000 -23.215268015358863
 1.390000 -24.018249319051336
 1.400000 -24.80518778728164
 1.410000 -25.826483480635908
 1.420000 -26.520265969771998
 1.430000 -27.20013240643036
 1.440000 -27.882696940171687
 1.450000 -28.772252635798417
 1.460000 -29.28954417892984
 1.470000 -29.834274744806272
 1.480000 -30.437722672118323
 1.490000 -30.90589190200888
 1.500000 -31.169646749872484
 1.510000 -31.79997495011435
 1.520000 -32.16440158472616
 1.530000 -32.628378088084055
 1.540000 -33.04991387808083
 1.550000 -33.511261829539606
 1.560000 -34.23370779215245
 1.570000 -34.59808566520414
 1.580000 -34.96199593333984
 1.590000 -35.50275441475485
 1.600000 -36.03559857832201
 1.610000 -36.627471699380415
 1.620000 -37.14192402690834
 1.630000 -37.5898693861835
 1.640000 -37.96590155074769
 1.650000 -38.305708096866844
 1.660000 -38.67025269470645
 1.670000 -38.97527244281511
 1.680000 -38.8326973541132
 1.690000 -38.84264181200513
 1.700000 -38.651331436987256
 1.710000 -38.286630764329146
 1.720000 -37.561745450314085
 1.730000 -36.41977253383038
 1.740000 -35.19997630867204
 1.750000 -33.66464426691291
 1.760000 -32.22119438675492
 1.770000 -30.352267437522244
 1.780000 -28.757647529578403
 1.790000 -27.42060959821215
 1.800000 -26.727223801588202
 1.810000 -25.582767095224945
 1.820000 -24.215779756062158
 1.830000 -22.76025380903854
 1.840000 -21.232537286803595
 1.850000 -19.70620980075739
 1.860000 -18.134915926677763
 1.870000 -16.548784068696776
 1.880000 -14.73632606981122
 1.890000 -12.815036660920564
 1.900000 -11.014902298004918
 1.910000 -9.078610389180605
 1.920000 -7.334138578954312
 1.930000 -5.6626248173252405
 1.940000 -4.143372637230003
 1.950000 -2.7843595080477286
 1.960000 -0.6698790897416756
 1.970000 0.3598809315153677
 1.980000 1.5884880220544295
 1.990000 2.364326418166454
 2.000000 3.3191010893794504
 2.010000 4.1309931049724815
 2.020000 4.8290527617203995
 2.030000 5.650434854357107
 2.040000 6.0366787132548385
 2.050000 6.765881591292659
 2.060000 7.092483966693657
 2.070000 7.486710210944943
 2.080000 8.02044723700764
 2.090000 8.310832855010252
 2.100000 8.302117659019336
 2.110000 8.426254952988522
 2.120000 8.112377157717214
 2.130000 8.215870302175887
 2.140000 8.23794522412512
