0.0 2.14 1.0
Linear 1 explicit
 0.000000 -21.04
 0.010000 -20.926261352113237
 0.020000 -20.375965733039646
 0.030000 -19.954112863779855
 0.040000 -19.918480790945605
 0.050000 -20.19930032574712
 0.060000 -20.09935978529566
 0.070000 -20.770106898392225
 0.080000 -20.92778313268196
 0.090000 -20.513249914572434
 0.100000 -21.090072162058966
 0.110000 -22.234630072826434
 0.120000 -21.512092024732297
 0.130000 -20.82448414940704
 0.140000 -20.147887836599768
 0.150000 -19.18291509287444
 0.160000 -18.525177153456863
 0.170000 -18.17829333185543
 0.180000 -17.792435598802776
 0.190000 -17.313878548648187
 0.200000 -16.933629871301335
 0.210000 -16.551256613962575
 0.220000 -16.212202099946154
 0.230000 -15.590337701028895
 0.240000 -14.210632345122713
 0.250000 -13.918206039665503
 0.260000 -12.387185067014286
 0.270000 -12.227148233413898
 0.280000 -10.296251033414102
 0.290000 -9.710584407044434
 0.300000 -8.807675128999694
 0.310000 -8.419769057638826
 0.320000 -7.944223746006469
 0.330000 -7.273007379026444
 0.340000 -6.954513451033364
 0.350000 -6.563622594025316
 0.360000 -6.184416163767388
 0.370000 -5.821459832536579
 0.380000 -5.994144296047335
 0.390000 -5.329343467527294
 0.400000 -4.716463380494078
 0.410000 -4.775150728663297
 0.420000 -4.342712490930107
 0.430000 -3.892046123319018
 0.440000 -3.494649685193524
 0.450000 -3.3772894518101717
 0.460000 -3.125841898655628
 0.470000 -3.153532460889032
 0.480000 -3.0997248153565122
 0.490000 -3.0711183930260817
 0.500000 -2.8631488473186915
 0.510000 -2.576886703667498
 0.520000 -2.521877698842748
 0.530000 -2.4065083610219915
 0.540000 -2.315473556186015
 0.550000 -1.876691883526305
 0.560000 -1.6084533365196765
 0.570000 -1.0975268422763889
 0.580000 -0.6516490867348996
 0.590000 -0.11767542554372322
 0.600000 0.9361848680225163
 0.610000 1.3341285005664996
 0.620000 1.7283690705892583
 0.630000 2.137062712410414
 0.640000 2.2252545513275135
 0.650000 2.1932135671202473
 0.660000 1.9131340039049616
 0.670000 1.3018316797588896
 0.680000 1.360383412752179
 0.690000 0.8813396786297668
 0.700000 0.9571417099795083
 0.710000 0.5046590962158962
 0.720000 0.3067311419215846
 0.730000 -0.029046180541507115
 0.740000 -0.7733717161618271
 0.750000 -0.9482861022656657
 0.760000 -1.2428612318504617
 0.770000 -1.2549034989737369
 0.780000 -1.3305046350832794
 0.790000 -1.3374755823941635
 0.800000 -1.6969779690224922
 0.810000 -2.1839081296428184
 0.820000 -2.589523302673051
 0.830000 -2.9761016230171937
 0.840000 -3.656714825642056
 0.850000 -4.525677512523899
 0.860000 -5.015420323874605
 0.870000 -5.604570914901736
 0.880000 -6.514605658905129
 0.890000 -7.050619312925644
 0.900000 -7.441412749260522
 0.910000 -7.6768430150179565
 0.920000 -8.681127315315443
 0.930000 -9.033888195935841
 0.940000 -9.841350677758593
 0.950000 -10.597264452957202
 0.960000 -12.384802610518642
 0.970000 -13.343167084766039
 0.980000 -15.017901837826182
 0.990000 -16.868807848335823
 1.000000 -18.241644254472753
 1.010000 -19.318550113730147
 1.020000 -20.1181942918299
 1.030000 -20.536819373481517
 1.040000 -20.657320918954635
 1.050000 -20.61530580804731
 1.060000 -20.258001989555268
 1.070000 -20.142223393169086
 1.080000 -20.15705106305508
 1.090000 -19.946553639902184
 1.100000 -19.655930988753024
 1.110000 -20.29231194870547
 1.120000 -21.178450013570842
 1.130000 -22.318846745159725
 1.140000 -21.5669364929421
 1.150000 -20.66898837767402
 1.160000 -19.9658939687212
 1.170000 -19.31326312263456
 1.180000 -18.37259724931963
 1.190000 -17.38532780997022
 1.200000 -16.794704800482126
 1.210000 -16.368801802735657
 1.220000 -15.923258330509384
 1.230000 -15.563531614047395
 1.240000 -15.191518812692037
 1.250000 -14.723156960585882
 1.260000 -13.846875557166609
 1.270000 -13.08586504900568
 1.280000 -12.077226765667836
 1.290000 -10.952495442016223
 1.300000 -10.069915851292771
 1.310000 -8.995643509710304
 1.320000 -8.269627975143049
 1.330000 -7.677141147362542
 1.340000 -7.704076685436753
 1.350000 -6.611770636991507
 1.360000 -6.643911612038648
 1.370000 -5.788984236655607
 1.380000 -5.486068260823813
 1.390000 -5.478717985009629
 1.400000 -5.63598190171708
 1.410000 -4.784708571148926
 1.420000 -4.788109090545496
 1.430000 -4.534915925378039
 1.440000 -4.653959117888409
 1.450000 -3.80809105265839
 1.460000 -3.5916257682675767
 1.470000 -3.6761367136337677
 1.480000 -3.167112465341728
 1.490000 -3.313469948106424
 1.500000 -3.0646617591643786
 1.510000 -2.8215176082840117
 1.520000 -2.779187142729505
 1.530000 -2.657327040939066
 1.540000 -2.6569563256098307
 1.550000 -2.5002958721423583
 1.560000 -2.2683499070030484
 1.570000 -2.0299126689370652
 1.580000 -1.9479250999264062
 1.590000 -1.4478094994386879
 1.600000 -1.3753294467190522
 1.610000 -0.5015362726517304
 1.620000 -0.19350705927993966
 1.630000 0.3019291759120424
 1.640000 0.894799369410907
 1.650000 1.5534460882183496
 1.660000 2.0381721599226843
 1.670000 2.3185973745470756
 1.680000 2.460355487005622
 1.690000 2.1068633484578765
 1.700000 1.719232453681419
 1.710000 1.5738399328472623
 1.720000 1.032777217629849
 1.730000 0.42290392990049125
 1.740000 0.5324361978910384
 1.750000 0.5546713828385225
 1.760000 0.6731995217211043
 1.770000 0.754370377141132
 1.780000 0.6800961631181754
 1.790000 0.5105370983112112
 1.800000 0.38967248345940547
 1.810000 0.21619724887238007
 1.820000 0.13829229005879887
 1.830000 -0.010767032935104942
 1.840000 -0.2663647789037144
 1.850000 -0.7443931042085526
 1.860000 -1.2352963483053798
 1.870000 -1.7975120308339165
 1.880000 -2.2522348590446244
 1.890000 -3.10561681371989
 1.900000 -3.9698530787331414
 1.910000 -5.038374125339155
 1.920000 -5.725654407909455
 1.930000 -6.5931778754024775
 1.940000 -7.317820704901134
 1.950000 -7.5915195845295145
 1.960000 -8.226046991685763
 1.970000 -9.265524404439281
 1.980000 -10.0121895342776
 1.990000 -11.234554112282671
 2.000000 -12.375571752506255
 2.010000 -13.696857539056898
 2.020000 -15.165488679092428
 2.030000 -16.246505402161684
 2.040000 -18.501244420298438
 2.050000 -19.597686536642417
 2.060000 -21.07166115345258
 2.070000 -21.786666107750076
 2.080000 -21.80436250593182
 2.090000 -21.50563187000411
 2.100000 -20.87820882372902
 2.110000 -20.256061426144637
 2.120000 -19.562211773999646
 2.130000 -19.60210020842066
 2.140000 -19.51451678734657
