0.0 1.15 1.0
Linear 4 explicit
 0.000000 -0.1314065157405418 0.9703726441418086 -0.20275418398189926 104.37387423151182
 0.010000 -0.13314445484384863 0.9703157086961375 -0.2018910092149889 104.16480876270494
 0.020000 -0.13410956716376823 0.9705634339401602 -0.20005310468330922 104.045621803384
 0.030000 -0.13499116564478433 0.9707856197809419 -0.19837506301043734 103.78243755558002
 0.040000 -0.1355093782937305 0.9712517871216815 -0.19572218680411937 103.34669754893682
 0.050000 -0.13457634006740418 0.9721468094208016 -0.19188483428092554 103.02535040476458
 0.060000 -0.1335597743617039 0.9732655907323987 -0.18685790475322583 102.31301540662702
 0.070000 -0.1321935027842079 0.9744136662402927 -0.18177701963062576 101.54198167098875
 0.080000 -0.1300341609906546 0.9757280627778572 -0.1761983668574332 100.76149675086089
 0.090000 -0.12901237841696045 0.976693466474273 -0.1715391464408848 99.36502504184624
 0.100000 -0.125594444601328 0.9781193645547716 -0.1658569991536497 98.60832470232569
 0.110000 -0.12124697127973992 0.9796613113966772 -0.15988397952275463 97.99695162577213
 0.120000 -0.11710614001398449 0.9810062567342485 -0.1546378873991847 97.13008784706619
 0.130000 -0.11265286802212433 0.9822982956459904 -0.1496642565790928 95.95926691700883
 0.140000 -0.10671663117986588 0.983844204239111 -0.14374332128739298 95.33776873979424
 0.150000 -0.10005262938502862 0.9852985329962644 -0.13847841791611937 94.35520701483898
 0.160000 -0.09314822889298234 0.9867196245394904 -0.13307062035906994 93.42677220259709
 0.170000 -0.08333344409548225 0.9886364008694579 -0.12511436356817499 93.06613926488028
 0.180000 -0.08835363287635697 0.9871212320653315 -0.13336157153907546 86.13007804903437
 0.190000 -0.07692497367095869 0.9891072096948813 -0.12549691691562903 85.94115590958369
 0.200000 -0.06521752789568223 0.9909254649360915 -0.11753040881562027 85.78621188842297
 0.210000 -0.05310033218666867 0.9926099652509187 -0.10911375534842292 85.6948445455923
 0.220000 -0.04146821116654569 0.9939211132415081 -0.10198631337296214 85.68681274698523
 0.230000 -0.02943653680361939 0.9950938587574872 -0.09445476464500487 85.68782301784027
 0.240000 -0.017541850240091004 0.9960107664858026 -0.08749192268157281 85.71472425520024
 0.250000 -0.007923768838529268 0.9958658517462919 -0.09048988458952908 82.31478284300452
 0.260000 0.00421582297462082 0.9964665816521977 -0.08388431609681718 82.6065353994117
 0.270000 0.01583011637723397 0.9968770724551457 -0.07736607673096543 82.9476354270358
 0.280000 0.02987916676889595 0.9971726529374523 -0.06894878988698804 83.01035592052581
 0.290000 0.03790361856107113 0.9971028823694608 -0.06594814379866984 83.50369722981382
 0.300000 0.04882054238533649 0.9970526180831514 -0.059183033166060744 83.80174428175118
 0.310000 0.060816962854025464 0.9968417885583153 -0.051066090638223705 83.91350485272523
 0.320000 0.06928686501850757 0.9963495141828926 -0.04986958916434883 83.97871554820071
 0.330000 0.07843799849589667 0.995851598309426 -0.04612021830520077 84.14602166513657
 0.340000 0.08946438266410074 0.995212965782476 -0.03933544169040961 84.30681726848081
 0.350000 0.09710595082100001 0.9945408597366272 -0.038195714805197435 84.436972195076
 0.360000 0.10711629704885661 0.9935948970828188 -0.035989990240675444 84.17746588951886
 0.370000 0.11649338932683083 0.9927206011872727 -0.030579375754377133 84.33140345100742
 0.380000 0.12669236024639532 0.991364538473982 -0.03384372484621498 83.31345348346933
 0.390000 0.1345289268104445 0.9903820232097179 -0.0323328927604031 83.406982676655
 0.400000 0.14243740559318674 0.9893121581847509 -0.03119357555190297 83.41416527110061
 0.410000 0.15004951332512317 0.9882020358321364 -0.03069006236739872 83.3331891347798
 0.420000 0.15703470535152045 0.9871305017764106 -0.03022372872120244 83.33018099175327
 0.430000 0.16458704121994802 0.9859196339800922 -0.02955640700464518 83.27817617120652
 0.440000 0.16929815090754477 0.9851053907284653 -0.030091614396771126 83.460293362182
 0.450000 0.17469544917573754 0.9841476388605997 -0.030576542682159473 83.4799069907517
 0.460000 0.1782291137444794 0.9834659071926204 -0.03208102871875512 83.61245146599177
 0.470000 0.18112582767753685 0.9829251028398358 -0.0324295660690289 83.81628675519505
 0.480000 0.18280351857677393 0.9825253302510277 -0.03502640448375812 83.97767284126937
 0.490000 0.18299271824361 0.9823741543615054 -0.03814034494248624 84.1390709900012
 0.500000 0.1830394719447877 0.9822828108484756 -0.04021232673933893 84.3173830664859
 0.510000 0.18049201495039208 0.9825562406558868 -0.04478690084521062 84.605619155547
 0.520000 0.17827213358237004 0.9827957181505153 -0.048286879926152236 84.87010984042611
 0.530000 0.17440432368849132 0.9832978497770174 -0.052042967850172026 85.16750286601037
 0.540000 0.17093685452633206 0.983670131417572 -0.056335284871741075 85.28782359772745
 0.550000 0.16515421162518373 0.9844497963550992 -0.059855533068111436 85.73091902681571
 0.560000 0.15932071150918894 0.9851825127005294 -0.06350061065278827 85.92766169263653
 0.570000 0.15281533615972936 0.9858769916327589 -0.06851299441368734 85.94616497506955
 0.580000 0.14590179413097185 0.9868161040689309 -0.07004743549610144 86.40281185050587
 0.590000 0.13947104679614383 0.9876465628021975 -0.07142894434746203 86.55874759556593
 0.600000 0.13342874067304827 0.9883584616451879 -0.07310487300284364 86.56747571654813
 0.610000 0.127589116343708 0.9891666961006071 -0.07259658887331338 86.72738876619242
 0.620000 0.12236743722267346 0.9897880782889914 -0.07311477541879292 86.6071393758766
 0.630000 0.1179954173450594 0.9902976105530515 -0.07340111728360808 86.40928361501611
 0.640000 0.11424234920003812 0.9906791386168071 -0.07418578003039204 86.01071959018498
 0.650000 0.11036314716339324 0.9909624237469279 -0.07624598658162349 85.49258784701183
 0.660000 0.10703881492313148 0.9910989274824585 -0.07915559388300966 84.82024692184267
 0.670000 0.09995539500700137 0.9915125461150693 -0.08313717523110145 84.71681496865642
 0.680000 0.0984402602379968 0.9910291967215231 -0.09039162798494205 82.7459253531199
 0.690000 0.09354218958103103 0.9910222761481824 -0.09552333194807541 81.5662204228168
 0.700000 0.08674889036871472 0.99127994106162 -0.09919026398123891 80.86402018223701
 0.710000 0.07975609360929539 0.9915319251688485 -0.1024861302964575 80.14064034122495
 0.720000 0.07209571634802547 0.9917843463759309 -0.10566938046535715 79.44272810989334
 0.730000 0.06352450081241798 0.9922092011085815 -0.10717060712715787 79.11407624234936
 0.740000 0.05347883710988808 0.992334257861779 -0.11141245287348414 78.70067441126079
 0.750000 0.04288746947205617 0.99279167189972 -0.11191675999975305 79.27285833376536
 0.760000 0.03192230477090252 0.9927350051195281 -0.1160093792261818 79.05282193351047
 0.770000 0.019590436931938234 0.9923009877512136 -0.12229049222560852 79.01967494591497
 0.780000 0.008873075846779833 0.9921622590768144 -0.12464076455401484 78.81779600388633
 0.790000 -0.0029194744026588668 0.9915352497533846 -0.1298049504668665 78.87226861326376
 0.800000 -0.01585022270123442 0.9905475285008064 -0.13625110722950268 78.93045589025509
 0.810000 -0.02830890661078574 0.9894539725898489 -0.1420543625963958 79.03852520394695
 0.820000 -0.0390166061913931 0.9889265489235207 -0.1431851433477689 80.09574047388304
 0.830000 -0.04652220778887909 0.9891073780081668 -0.13965056015733576 83.20345682212611
 0.840000 -0.05830756883911571 0.9875253725907542 -0.1462664209774882 83.36884569610287
 0.850000 -0.06994295048109353 0.9858260187717207 -0.1524960471313873 83.53794949524415
 0.860000 -0.07933233370945397 0.9845362489792141 -0.15618820465755734 84.51859327827279
 0.870000 -0.09067506149645205 0.9825078295486083 -0.1626542286517554 84.76185747904692
 0.880000 -0.10017775882867523 0.9810404186534744 -0.16590392883919172 85.67943625149537
 0.890000 -0.09167601162077278 0.9839337205940634 -0.15319902862365598 93.29854054304853
 0.900000 -0.10082376779373557 0.9822003120222785 -0.15848380015387592 93.5717031639303
 0.910000 -0.10946475958278294 0.9803914419456458 -0.16385996145862172 93.8086994573202
 0.920000 -0.11724975672802106 0.9787731425007651 -0.16809411074275307 94.26640050911662
 0.930000 -0.12282261905505903 0.9777249142028211 -0.17020163452664522 95.16753266637728
 0.940000 -0.129747017816158 0.9761720773095928 -0.17393615739370608 95.52086801647575
 0.950000 -0.13668615006299467 0.9746211344058898 -0.17728660623502518 95.78516401740681
 0.960000 -0.12188683443159765 0.9781417684673951 -0.1684704139358636 102.89331810981459
 0.970000 -0.1268117910417167 0.977051619230715 -0.1711400099667812 103.19816234154825
 0.980000 -0.1315234078038805 0.9760257497728011 -0.17342240045650287 103.37670548852068
 0.990000 -0.13625529993970775 0.9750196134430434 -0.1754173498822693 103.55486288476388
 1.000000 -0.13809926768886577 0.9745614773399037 -0.17651775873510073 104.17346651224447
 1.010000 -0.1404783663276939 0.9742474143723975 -0.17637404622733022 104.7472418820797
 1.020000 -0.1409238028027604 0.9742172732783408 -0.17618509088377282 105.58149422198953
 1.030000 -0.14321533094274017 0.9738370935297396 -0.17643889664274878 105.68491925100388
 1.040000 -0.14311010108357994 0.974072079978638 -0.1752229493358033 106.41739915072529
 1.050000 -0.14532451337744212 0.9738174868799717 -0.1748150109641213 106.46785105652363
 1.060000 -0.1446401263027192 0.9741417355624291 -0.1735716362155747 106.87449289031082
 1.070000 -0.1430300393448237 0.9748085272244681 -0.17114538584338637 107.59905380524542
 1.080000 -0.14289424049197794 0.9751760277534107 -0.16915363114429438 107.53803075486236
 1.090000 -0.14213578235540428 0.975724052049687 -0.16661330566901583 107.32428119923422
 1.100000 -0.14088997527135572 0.9764348320887735 -0.16347792986151255 107.07385695634149
 1.110000 -0.13919066514101397 0.9773562462553167 -0.15937605417163134 106.4972960855316
 1.120000 -0.13695054207964333 0.9784049558988647 -0.15481696062328698 105.89299175432083
 1.130000 -0.13387910069663894 0.9795951400947615 -0.14989912574589592 105.39916929546307
 1.140000 -0.13182253692244664 0.9805917811403233 -0.14512951980689015 104.2050929904744
 1.150000 -0.128366777744729 0.981759643403537 -0.14024968076824676 103.36792296862843
