0.0 1.15 1.0
Linear 4 explicit
 0.000000 -0.031534891797824996 0.9925393878769341 0.11777569406367534 92.98280152562373
 0.010000 -0.033535447664817045 0.9925582797802759 0.11706167173562745 92.78813177401176
 0.020000 -0.03522074644055765 0.9926319155589508 0.11593696232840432 92.22948509118261
 0.030000 -0.036274258612295184 0.9927393508036819 0.11468548089454338 91.65295288336465
 0.040000 -0.037581010442355116 0.9928791825588584 0.11304245439384474 91.00509113421296
 0.050000 -0.041407093421505344 0.9930565492092515 0.11010968480109354 90.87662655472451
 0.060000 -0.04349488935461668 0.9932924292073267 0.10713703691738721 90.43973653723687
 0.070000 -0.0450854970167722 0.9934480403588156 0.10501566105100671 90.03703116556433
 0.080000 -0.045665553906201306 0.9936753021525869 0.10258679777829587 89.73104885744416
 0.090000 -0.045257814004592195 0.99392501035033 0.1003234971062224 89.07114280947089
 0.100000 -0.04561435993741645 0.9941054887235246 0.09835449891724471 88.86663825472803
 0.110000 -0.04682031075909408 0.9942880748475162 0.09591184867596869 88.67994302076274
 0.120000 -0.04796732474134103 0.9944149310286867 0.09401106692496862 88.56558413656904
 0.130000 -0.051115036933928756 0.9945247272587736 0.09114724280034533 88.46450489537654
 0.140000 -0.052925177901263006 0.9946375438204025 0.08885427376911323 88.46297311530938
 0.150000 -0.056613385638871166 0.9946814403520668 0.08604508577276224 88.60785915487
 0.160000 -0.05915823809648992 0.9947389559800562 0.08363439675771395 88.67292549164326
 0.170000 -0.06243213679252671 0.9948180455537419 0.08024515272683083 88.5338716021018
 0.180000 -0.06229220411507376 0.9949716901571412 0.07842842018253257 87.89559048801019
 0.190000 -0.06431832620540125 0.9950746415232239 0.07542950822829952 87.81775919600457
 0.200000 -0.06669580318431416 0.9951511697428166 0.07228982775676694 87.6054257477323
 0.210000 -0.06990728097281743 0.995180659019421 0.06876356579365715 87.49041514635985
 0.220000 -0.072147330754011 0.9952260388258632 0.06572590286981718 87.2345547088381
 0.230000 -0.0755715939109291 0.9952085013299051 0.0620400924761232 86.9206863865608
 0.240000 -0.07950112460103598 0.9951372710948427 0.05814965920003457 86.62734027293428
 0.250000 -0.08358733079498716 0.9950328316422467 0.05406313054736856 86.09861457820203
 0.260000 -0.08848291329362444 0.9948318580121448 0.04980309567864845 85.8996203330837
 0.270000 -0.09295095303409351 0.9946148055973287 0.04584221653281723 85.68782060706198
 0.280000 -0.09741174570047519 0.9943535602131117 0.042094525666594954 85.70123632753588
 0.290000 -0.10072049516665667 0.9941627438232463 0.03867584061423621 85.3239523059987
 0.300000 -0.10243642782866096 0.9940787317228584 0.03625263286958511 84.4908435798137
 0.310000 -0.10546459260621101 0.9938881593290261 0.032612059916023 84.52327960949097
 0.320000 -0.1063432194502404 0.9938386305199025 0.031239336793260773 83.6252801581943
 0.330000 -0.10779860551417234 0.9937625582192736 0.02855588434429377 83.43643055929854
 0.340000 -0.110443600104583 0.9935537772604672 0.025555877746554424 83.45345127567653
 0.350000 -0.11122621198493625 0.9935121478790997 0.023713746733485013 83.08096215019806
 0.360000 -0.11180590030556244 0.9934849504339395 0.02207020430660794 82.33824075976244
 0.370000 -0.11361261808255127 0.9933452191812916 0.018906309584372956 82.27279868107227
 0.380000 -0.11122706024061309 0.9935990472569005 0.019735104773239847 79.39636356494076
 0.390000 -0.11295220431416331 0.9934660040914941 0.016343140917551853 79.42298147120364
 0.400000 -0.1143895338221405 0.9933452982605125 0.013422107721466616 79.32152677957644
 0.410000 -0.11546508935575067 0.9932615148123389 0.009968767866013584 79.07360042861096
 0.420000 -0.11634541073218396 0.993184362036275 0.006969103827372615 78.73637438754312
 0.430000 -0.11669595514858229 0.9931594772625169 0.0040381648807905285 78.0421693321625
 0.440000 -0.1178497273955163 0.9930312242744883 6.552623242678889E-4 77.86073948021436
 0.450000 -0.11426614126447676 0.9934378946491005 0.004939477268836012 73.12438984015414
 0.460000 -0.11518638318381105 0.9933424380362479 0.0017023293556969357 73.1304252750557
 0.470000 -0.11599681862187268 0.9932479467201074 -0.0018039971993235157 73.22351973287665
 0.480000 -0.1164501424394173 0.9931818684476564 -0.005398195315229197 73.2425515536175
 0.490000 -0.11659799071418397 0.9931445751539572 -0.008292249615215417 73.21146241880876
 0.500000 -0.11657780706924162 0.9931204706230992 -0.011015703712460325 73.32292633595092
 0.510000 -0.11580209117924804 0.9931811718674399 -0.013454944315450244 73.2454866369582
 0.520000 -0.11503285899383375 0.993237048841951 -0.015735506329214895 73.21216591238826
 0.530000 -0.1133526614031183 0.9934031253836424 -0.017361008923478326 73.21391280624572
 0.540000 -0.11154718333039765 0.9935767105281748 -0.01904064565781106 73.35660914897343
 0.550000 -0.10821517355732843 0.9939380270181155 -0.019408108081241115 73.54404109379568
 0.560000 -0.10415588990472495 0.994382525330739 -0.018839955281708506 73.85038291140489
 0.570000 -0.1004778432466315 0.9947728753796495 -0.018196961982972704 74.01779574100308
 0.580000 -0.09452349209739568 0.9953939440858495 -0.01600642117809388 74.59916721987663
 0.590000 -0.08913613517858408 0.9959191822878969 -0.01413264859932135 75.14795184102789
 0.600000 -0.084039001439047 0.9963862339334241 -0.0123255452250854 75.5223888950414
 0.610000 -0.07985400504863868 0.9967430401580673 -0.011253878182455214 76.1538609623381
 0.620000 -0.076080226355522 0.9970509646869974 -0.010058477738719693 76.60697658064537
 0.630000 -0.07321009109805982 0.9972752877706264 -0.009070995724191497 77.12715255887477
 0.640000 -0.07090273874047658 0.9974497454948721 -0.008173545822625498 77.74982681800736
 0.650000 -0.06863658651208508 0.9976158445325677 -0.00718649633276298 78.3926537201185
 0.660000 -0.06688433427169001 0.9977440400548923 -0.005772032915226596 79.06810933533846
 0.670000 -0.06352658385279043 0.9979748004217501 -0.0032666293273662344 79.43481006579117
 0.680000 -0.06305911445673304 0.9980068008354374 -0.0024440888176033753 80.7326889176857
 0.690000 -0.06198218291014769 0.9980768886058679 -8.564067507759712E-4 82.47591379302855
 0.700000 -0.0587049920802532 0.998272411456807 0.002432371079615324 83.05769913224714
 0.710000 -0.05575857015775705 0.9984275742799595 0.005775878409239496 83.7861373258329
 0.720000 -0.05345312266005721 0.9985320294954202 0.008749271378017981 85.0044228171726
 0.730000 -0.05002785936852229 0.9986620640497421 0.013087975966983937 85.39494186583491
 0.740000 -0.047412230507657666 0.9987267328591232 0.017233498508145963 86.06266185047608
 0.750000 -0.051491001545932884 0.998494637424731 0.018898036772416665 90.16330608551601
 0.760000 -0.0493638249798057 0.9985064056959583 0.02341304267927485 90.38758126683244
 0.770000 -0.04646758634664769 0.9985064711795543 0.028733089490530557 90.46313540739196
 0.780000 -0.04698852515306205 0.9983921136683921 0.03170592797412728 91.0924982282422
 0.790000 -0.04734165893727377 0.9982171165623278 0.03635045434460106 91.78836767551024
 0.800000 -0.044974167467279294 0.998108155027068 0.04192177392581975 91.90678975321721
 0.810000 -0.04325424992959794 0.9979572271556293 0.04701534463210571 92.07139093154494
 0.820000 -0.045918469934623146 0.9976378997007391 0.05108928654386497 93.69978096067422
 0.830000 -0.04748197890905164 0.9973270524566903 0.05553568327598519 95.26857335911185
 0.840000 -0.04517941456859479 0.9971188795663218 0.06093242578169792 95.26940609672657
 0.850000 -0.042983626091354074 0.996876448683993 0.06625521826414049 95.26026623366889
 0.860000 -0.043546611094318434 0.9965655711352609 0.07043262802175922 95.42575597565838
 0.870000 -0.041081497738599516 0.9962951015285108 0.07555382990853461 95.40572262937641
 0.880000 -0.04088785981494238 0.995982304049062 0.07967077846284222 95.41184576276895
 0.890000 -0.03978537107482854 0.9956139880044589 0.08467532780152291 95.65783263404074
 0.900000 -0.03854815661882682 0.9952932421125645 0.08891232662769785 95.6127022687641
 0.910000 -0.037247572107553015 0.9949531117659841 0.09317147503006418 95.55717420774427
 0.920000 -0.03793546993085205 0.9946552434997054 0.0960304467326243 95.49135631215344
 0.930000 -0.038734931503898035 0.9943595716805143 0.09873523833329381 95.40391808909571
 0.940000 -0.03831304853071291 0.994054738522126 0.10191804125860549 95.37738103946998
 0.950000 -0.037449761294888764 0.9937869083824132 0.10480980921021166 95.29321663470942
 0.960000 -0.03905672585187067 0.9935559873397543 0.1064005271935149 95.2795543492388
 0.970000 -0.03931626404338043 0.9933568048594393 0.10815031031447346 95.13284585323
 0.980000 -0.03950779685514478 0.9931391686246482 0.11006237200421913 95.04901783670202
 0.990000 -0.039638215690794336 0.9930076304279483 0.11119648271740123 94.9454745161235
 1.000000 -0.03985606740714899 0.9929108916093856 0.11197970894002103 94.48124960552931
 1.010000 -0.0392710816491426 0.9928748165238697 0.11250502592683734 94.1205589177764
 1.020000 -0.03891533160668172 0.992905583204373 0.11235701939587767 93.70073824140228
 1.030000 -0.040327706456570175 0.992887919307429 0.11201453381288048 93.6382624795892
 1.040000 -0.04082972738661857 0.9929247519004936 0.11150502421361004 93.26626155796917
 1.050000 -0.04319788077598368 0.9929804815124483 0.11010770378029976 93.20399274208495
 1.060000 -0.04475523530421301 0.9930452569450234 0.10889484180555535 93.01084793850623
 1.070000 -0.04615708913229631 0.9931642038548032 0.10721188042511005 92.63648453073773
 1.080000 -0.047854627267743734 0.9933105597014106 0.1050907542780796 92.46789776813668
 1.090000 -0.04897113142909825 0.9934975778681663 0.10278322361475495 92.15613775432843
 1.100000 -0.050932421484014404 0.9936845793796857 0.09998422447962478 92.02286822155722
 1.110000 -0.04953534588829197 0.9938640314017012 0.09889659546053892 91.70114820281843
 1.120000 -0.04916290212169035 0.9940806991260943 0.09688432628629141 91.3112908098482
 1.130000 -0.04911413094436571 0.9942928735764525 0.09470735819703088 91.16150089644715
 1.140000 -0.046261968369553125 0.9945465920398419 0.09347142100402123 90.6108755951329
 1.150000 -0.043569654426079324 0.9947763580001053 0.09231296104685607 90.45608888092855
