0.0 2.14 1.0
Linear 1 explicit
 0.000000 -1.46
 0.010000 -3.776709870463452
 0.020000 -2.159772962967351
 0.030000 -0.7309124374767447
 0.040000 -0.19528579375406396
 0.050000 -0.5765806545416928
 0.060000 -1.6298464995333903
 0.070000 -3.5246293830187754
 0.080000 -5.391882843417737
 0.090000 -6.9049705815254105
 0.100000 -7.929652862479967
 0.110000 -8.054927347256072
 0.120000 -7.906574775491106
 0.130000 -8.996934525854028
 0.140000 -10.055431655388785
 0.150000 -11.21681084449962
 0.160000 -12.165814968414558
 0.170000 -12.818349519737401
 0.180000 -12.986656110323144
 0.190000 -12.80356985846023
 0.200000 -12.415926580593293
 0.210000 -11.916495078324726
 0.220000 -11.538014780286064
 0.230000 -11.083565061105917
 0.240000 -10.658252259735544
 0.250000 -10.405208206877305
 0.260000 -10.03399003381455
 0.270000 -9.826481321864428
 0.280000 -9.394968716687984
 0.290000 -8.851371062885978
 0.300000 -8.317531809348651
 0.310000 -7.681729805155609
 0.320000 -7.077780398236586
 0.330000 -6.516678738549927
 0.340000 -5.996769136476963
 0.350000 -5.503750721033968
 0.360000 -5.091144609333127
 0.370000 -4.7111432379982805
 0.380000 -4.46629433297182
 0.390000 -4.110850282330603
 0.400000 -3.851751256035705
 0.410000 -3.6989408873532943
 0.420000 -3.6416001461593392
 0.430000 -3.6717093692372607
 0.440000 -3.6175875725131648
 0.450000 -3.74913104424856
 0.460000 -3.7696478340816997
 0.470000 -3.9059870035748125
 0.480000 -4.003523399551278
 0.490000 -4.1888908282352
 0.500000 -4.3615305068849946
 0.510000 -4.561779856058386
 0.520000 -4.888944049038178
 0.530000 -5.2506518893442715
 0.540000 -5.664866873788909
 0.550000 -6.297431088905537
 0.560000 -6.973147008185399
 0.570000 -7.688640529848154
 0.580000 -8.627634943364525
 0.590000 -9.66412574998943
 0.600000 -10.832574319269979
 0.610000 -12.123946419434638
 0.620000 -13.672190460249194
 0.630000 -15.505546801282684
 0.640000 -17.61348062120739
 0.650000 -20.012469053194817
 0.660000 -22.80068209453525
 0.670000 -25.853972722658042
 0.680000 -29.20800017279853
 0.690000 -32.88861018857662
 0.700000 -36.381703207094574
 0.710000 -39.9448623661882
 0.720000 -42.924680107604146
 0.730000 -45.476131038039455
 0.740000 -46.76190925099192
 0.750000 -48.08760720863328
 0.760000 -49.427225103309645
 0.770000 -50.599732182059675
 0.780000 -51.51492054200295
 0.790000 -52.12250224458436
 0.800000 -52.330603857554856
 0.810000 -52.273900203663665
 0.820000 -52.23209619281695
 0.830000 -51.61967438521834
 0.840000 -50.927423351848844
 0.850000 -49.91533677667445
 0.860000 -48.85026731371672
 0.870000 -47.51754761377685
 0.880000 -45.95674791024465
 0.890000 -44.23419735302269
 0.900000 -43.13964627293173
 0.910000 -41.35964036898883
 0.920000 -38.90678837486745
 0.930000 -36.58548569536175
 0.940000 -33.74205085126848
 0.950000 -31.14960502328593
 0.960000 -28.05638246761219
 0.970000 -25.329881904803333
 0.980000 -22.208852600068003
 0.990000 -19.2420399112155
 1.000000 -16.24838070200175
 1.010000 -13.233332276258926
 1.020000 -10.30321662068528
 1.030000 -7.469366319514524
 1.040000 -4.893190873501841
 1.050000 -2.632063894420146
 1.060000 -0.8211938050277919
 1.070000 0.090614754490447
 1.080000 -0.022071452782446863
 1.090000 -0.8609398123808804
 1.100000 -2.2523249342945713
 1.110000 -4.222293158444912
 1.120000 -5.910290077957542
 1.130000 -6.838504320380429
 1.140000 -7.806147141725401
 1.150000 -8.745313078920045
 1.160000 -10.504573057895461
 1.170000 -12.111150428281407
 1.180000 -13.263574403953738
 1.190000 -13.884804936376234
 1.200000 -14.127710884422559
 1.210000 -14.139857743669102
 1.220000 -13.829935544596669
 1.230000 -13.451392198755237
 1.240000 -13.038211404724768
 1.250000 -12.580144752641846
 1.260000 -12.1265772316641
 1.270000 -11.78873633108743
 1.280000 -11.400071970550743
 1.290000 -11.058526658672367
 1.300000 -10.588070743834738
 1.310000 -10.157093318984675
 1.320000 -9.60724331401788
 1.330000 -9.007685208051152
 1.340000 -8.357107928295495
 1.350000 -7.746291848910813
 1.360000 -7.092011324798057
 1.370000 -6.60342651611533
 1.380000 -6.127034708511512
 1.390000 -5.57721966142364
 1.400000 -5.275015274760072
 1.410000 -4.727781861289349
 1.420000 -4.384006298160792
 1.430000 -4.092335962902542
 1.440000 -3.938134752102335
 1.450000 -3.747203409230738
 1.460000 -3.65626111308949
 1.470000 -3.631553617889345
 1.480000 -3.7499692026865956
 1.490000 -3.748991877030962
 1.500000 -3.9991621806222555
 1.510000 -3.9800285583456403
 1.520000 -4.094725141390411
 1.530000 -4.15356700471589
 1.540000 -4.2462831963316745
 1.550000 -4.397441939555117
 1.560000 -4.565841667619412
 1.570000 -4.905529414710797
 1.580000 -5.323803541148475
 1.590000 -5.812253380073232
 1.600000 -6.245856226984162
 1.610000 -6.921405856379683
 1.620000 -7.621183462821839
 1.630000 -8.450838899133325
 1.640000 -9.393525625310316
 1.650000 -10.503786258373475
 1.660000 -11.74527485607387
 1.670000 -13.197752108941854
 1.680000 -15.003116777043358
 1.690000 -16.96563125165273
 1.700000 -19.37350135038694
 1.710000 -22.09235130624972
 1.720000 -25.147073956758422
 1.730000 -28.4372867701569
 1.740000 -31.886072085134682
 1.750000 -35.41841138828286
 1.760000 -38.80134614024714
 1.770000 -42.020442958059725
 1.780000 -44.77820175602935
 1.790000 -47.132576297839634
 1.800000 -48.14510937317066
 1.810000 -49.350146842129675
 1.820000 -50.48452501916381
 1.830000 -51.39142977756112
 1.840000 -52.08383630212083
 1.850000 -52.44730479807573
 1.860000 -52.56739537228538
 1.870000 -52.451004554344784
 1.880000 -52.228085571145854
 1.890000 -51.81104850686718
 1.900000 -51.256816398937
 1.910000 -50.22077209874955
 1.920000 -49.06746595037604
 1.930000 -47.69968763223299
 1.940000 -46.06748186730271
 1.950000 -44.22888618848969
 1.960000 -42.99222850814662
 1.970000 -40.86243602736552
 1.980000 -38.55426126402133
 1.990000 -35.97581825895632
 2.000000 -33.4065732660103
 2.010000 -30.703510429599458
 2.020000 -27.907274012975858
 2.030000 -25.187667284376396
 2.040000 -22.209227133750726
 2.050000 -19.443782042881026
 2.060000 -16.400695447937736
 2.070000 -13.426231758965017
 2.080000 -10.618960654989616
 2.090000 -7.877787817888972
 2.100000 -5.309325204396374
 2.110000 -3.09042207618306
 2.120000 -1.3422238311815613
 2.130000 -0.6493321948026687
 2.140000 -0.6879805333555024
