0.0 2.14 1.0
Linear 1 explicit
 0.000000 2.27
 0.010000 -0.44235575875102434
 0.020000 -1.5282704246333034
 0.030000 -2.2155528674284835
 0.040000 -2.9059358505372046
 0.050000 -3.5557750855964922
 0.060000 -4.4972398870772174
 0.070000 -5.458629720044603
 0.080000 -6.611984837326213
 0.090000 -7.934474785412144
 0.100000 -9.465696657794528
 0.110000 -11.207114740831456
 0.120000 -13.041870635471497
 0.130000 -15.297542542051076
 0.140000 -17.906721459114472
 0.150000 -20.955991760009653
 0.160000 -24.29657734845093
 0.170000 -27.85260269370142
 0.180000 -31.678828675803906
 0.190000 -35.29305653402698
 0.200000 -38.60662054786507
 0.210000 -41.43536701315328
 0.220000 -43.872796060530696
 0.230000 -45.88175902609927
 0.240000 -46.510806988434105
 0.250000 -47.50046574157159
 0.260000 -48.118745552136176
 0.270000 -48.84649507775693
 0.280000 -48.600069617202074
 0.290000 -48.59075311814102
 0.300000 -48.21252700345727
 0.310000 -47.83326675715968
 0.320000 -47.146387735771974
 0.330000 -46.08239423423374
 0.340000 -45.01606713388164
 0.350000 -43.81602608319103
 0.360000 -43.238406168717006
 0.370000 -41.82839937640577
 0.380000 -40.225540727157345
 0.390000 -38.163550014782665
 0.400000 -35.85868854233362
 0.410000 -33.736937923463636
 0.420000 -31.035181711076497
 0.430000 -28.251982019709818
 0.440000 -25.301810868901555
 0.450000 -22.289824900950308
 0.460000 -19.129143204021585
 0.470000 -16.0644747030738
 0.480000 -13.032095664654829
 0.490000 -10.067947272578918
 0.500000 -7.072316661670698
 0.510000 -4.156594878357095
 0.520000 -1.5794016197961984
 0.530000 0.5420714340756363
 0.540000 1.962779084717199
 0.550000 2.533752665561227
 0.560000 2.2177332335063324
 0.570000 1.2065486758489479
 0.580000 -0.296366270923065
 0.590000 -1.6953683100174812
 0.600000 -3.7081640052928595
 0.610000 -5.035619875209926
 0.620000 -5.815536172902486
 0.630000 -6.0909480874686075
 0.640000 -7.061660729258822
 0.650000 -8.611092059714096
 0.660000 -10.17285181698587
 0.670000 -11.486368228757131
 0.680000 -12.174977911832798
 0.690000 -12.460685635690464
 0.700000 -12.228154915904316
 0.710000 -11.65046118908887
 0.720000 -10.9752571227286
 0.730000 -10.330940131450056
 0.740000 -9.789012880555523
 0.750000 -9.240754775565359
 0.760000 -8.815954042899197
 0.770000 -8.369470254173164
 0.780000 -7.9498638845742
 0.790000 -7.2973395197316036
 0.800000 -6.687120424791575
 0.810000 -5.924028672324532
 0.820000 -5.194630165428866
 0.830000 -4.4318299208241
 0.840000 -3.7618402319126156
 0.850000 -3.0977033601637234
 0.860000 -2.37087016074512
 0.870000 -1.7436191377896813
 0.880000 -1.3591346655277508
 0.890000 -0.9635537459658597
 0.900000 -0.6777514128607747
 0.910000 -0.5346388950678314
 0.920000 -0.5091622298997553
 0.930000 -0.47093743689417616
 0.940000 -0.6916618131864725
 0.950000 -0.6671166101146104
 0.960000 -0.8186926536416381
 0.970000 -0.7739929126223076
 0.980000 -0.8607467126261293
 0.990000 -0.7742956398863705
 1.000000 -0.7813453926680549
 1.010000 -0.8880124679490147
 1.020000 -1.0161758473112188
 1.030000 -1.2318274319844105
 1.040000 -1.527983893566583
 1.050000 -1.854981844354091
 1.060000 -2.352277135132385
 1.070000 -2.927013405169238
 1.080000 -3.6811862377455986
 1.090000 -4.522380448796091
 1.100000 -5.4294337825805625
 1.110000 -6.325791945019294
 1.120000 -7.537113941501585
 1.130000 -8.906609959091455
 1.140000 -10.501218993199291
 1.150000 -12.349068678380194
 1.160000 -14.389282281939591
 1.170000 -16.82681985429728
 1.180000 -19.607880920328604
 1.190000 -22.687434764524482
 1.200000 -26.133559279248757
 1.210000 -29.74139257159709
 1.220000 -33.37317678843875
 1.230000 -36.6645824784742
 1.240000 -39.577270474358876
 1.250000 -42.09326955165365
 1.260000 -44.241298454032126
 1.270000 -46.018910120235454
 1.280000 -46.507821498213104
 1.290000 -47.10068914250911
 1.300000 -47.629992393944754
 1.310000 -47.895201402081724
 1.320000 -47.923154116346026
 1.330000 -47.7711267504
 1.340000 -47.75963704357778
 1.350000 -47.015826744656444
 1.360000 -46.55524546741216
 1.370000 -45.78592228970065
 1.380000 -44.87579184999105
 1.390000 -44.602398837188524
 1.400000 -43.45196960937323
 1.410000 -41.75978129289305
 1.420000 -40.10763724682046
 1.430000 -38.225810276812915
 1.440000 -36.30138033305206
 1.450000 -33.59615466951138
 1.460000 -31.150262478573282
 1.470000 -28.78905499702021
 1.480000 -25.72427968977316
 1.490000 -23.088382561126892
 1.500000 -19.850493827078502
 1.510000 -16.851277342677335
 1.520000 -13.993039555082486
 1.530000 -11.108055900401267
 1.540000 -8.32308269758016
 1.550000 -5.51099886249036
 1.560000 -2.8408879312970323
 1.570000 -0.748220113845732
 1.580000 0.8313407743411608
 1.590000 1.9403164759639993
 1.600000 1.9569424826790878
 1.610000 1.636170734308194
 1.620000 0.4988450876587316
 1.630000 -0.9671806268938455
 1.640000 -2.5799535938642038
 1.650000 -3.99469566742742
 1.660000 -4.829118816106941
 1.670000 -4.833410337952269
 1.680000 -4.5862126401287036
 1.690000 -5.16863062269217
 1.700000 -6.667149866282706
 1.710000 -8.20255338397454
 1.720000 -9.531460433124167
 1.730000 -10.557459975129301
 1.740000 -10.979108931116787
 1.750000 -11.104590112074352
 1.760000 -10.913709194390576
 1.770000 -10.375765564049548
 1.780000 -9.881330729047232
 1.790000 -9.380500870642319
 1.800000 -8.868661096678379
 1.810000 -8.508575713974201
 1.820000 -8.071863110390147
 1.830000 -7.670676369068881
 1.840000 -7.169476379109938
 1.850000 -6.592874297743957
 1.860000 -5.887952027763111
 1.870000 -5.166066954653158
 1.880000 -4.381164451361117
 1.890000 -3.6127235377884985
 1.900000 -2.8246886287360153
 1.910000 -2.2189614065016077
 1.920000 -1.6056152457278132
 1.930000 -1.1749896680190965
 1.940000 -0.8493883760136229
 1.950000 -0.6346805476560426
 1.960000 -0.4915101175310467
 1.970000 -0.4760833059281955
 1.980000 -0.604212288292377
 1.990000 -0.6287513516470621
 2.000000 -0.7026395351962668
 2.010000 -0.8438445683534509
 2.020000 -0.8993447471057463
 2.030000 -0.7529521275467882
 2.040000 -0.7299523961688497
 2.050000 -0.6796627077810152
 2.060000 -0.7346099563244892
 2.070000 -0.8252141901704081
 2.080000 -1.0368243767065375
 2.090000 -1.3109546266416465
 2.100000 -1.6437257629494335
 2.110000 -2.100659659097293
 2.120000 -2.472833543520832
 2.130000 -3.0353545258481325
 2.140000 -3.7143309781672147
