0.0 1.15 1.0
Linear 3 explicit
 0.000000 8.525893588287176E-4 1.3953767078143855 0.17650907082566195
 0.010000 -3.3678834872405417E-4 1.3934685322585838 0.16150057364227274
 0.020000 -0.0017281065961970987 1.3922482211983245 0.14643676205485492
 0.030000 -0.0029610336049788466 1.391358526466918 0.13110415272437614
 0.040000 -0.004132976402015737 1.3908242477960733 0.11586058551848562
 0.050000 -0.005281570778098016 1.39071275021627 0.10072203303008273
 0.060000 -0.006402845939757124 1.3909127292656231 0.08567334372307886
 0.070000 -0.007396426480127061 1.3911786227363288 0.07068634327905284
 0.080000 -0.008244710398808558 1.3915379722839423 0.05567170535172611
 0.090000 -0.008899462936805297 1.392066878256182 0.040693137751024455
 0.100000 -0.009457644985921748 1.3927781220631816 0.02562104851888676
 0.110000 -0.009960502879609201 1.3936161245666585 0.010706439587890242
 0.120000 -0.010392933185483344 1.3945216841198547 -0.004088257336140766
 0.130000 -0.010724230172325155 1.3956672218545787 -0.018592175522903126
 0.140000 -0.010971105007292231 1.397064926858059 -0.03303817425479223
 0.150000 -0.011112015801118091 1.3986377562814327 -0.04716004197218479
 0.160000 -0.011177188377124198 1.4004392928278708 -0.061182018834305504
 0.170000 -0.011230710645142916 1.4023749074058194 -0.07488844035663123
 0.180000 -0.011108932710653913 1.4044860056492006 -0.08799530816857334
 0.190000 -0.011119976392988618 1.4067315459410552 -0.10145920887416238
 0.200000 -0.011051346293794673 1.4089913711191313 -0.11477220502948351
 0.210000 -0.01104251854492011 1.4113133997829435 -0.12779981667117837
 0.220000 -0.010949836144352715 1.4135592795186969 -0.14091190092743364
 0.230000 -0.010885892856152102 1.4156061619119664 -0.1537885218771063
 0.240000 -0.010768168178146159 1.4174843093663199 -0.1665712784727403
 0.250000 -0.01063933992053448 1.4190831962500465 -0.17888875843825408
 0.260000 -0.010505792512949197 1.4204957830398155 -0.19154350277171578
 0.270000 -0.010289083865613141 1.421608527015077 -0.20421524105659922
 0.280000 -0.010086124604847951 1.4220628080187185 -0.21671757914206086
 0.290000 -0.009781635824806123 1.4226660471230488 -0.22964115815962108
 0.300000 -0.009501058306440296 1.423046899082037 -0.24222197960920686
 0.310000 -0.009206402327203017 1.4228756879062279 -0.2547627924483773
 0.320000 -0.008784501480090773 1.422617667048407 -0.267646400238783
 0.330000 -0.008309079441443268 1.4219786667310348 -0.28050581616583564
 0.340000 -0.007859141634417699 1.4211449321467913 -0.29303113025269517
 0.350000 -0.007299813760975132 1.4200153265338247 -0.30606510827377276
 0.360000 -0.00673912110049224 1.41882943113156 -0.3187227209891277
 0.370000 -0.006058709554272651 1.4174903691214285 -0.33143774037455787
 0.380000 -0.005261943536752051 1.4159897292237427 -0.3441532256693975
 0.390000 -0.004430683318928458 1.41446811132252 -0.3569791836907876
 0.400000 -0.003511691612592932 1.4129838621980637 -0.369864500295317
 0.410000 -0.0025128186906376027 1.4115146510571834 -0.38267255668925015
 0.420000 -0.001416096237491976 1.4100612237064758 -0.3955556451517862
 0.430000 -2.3451562782172974E-4 1.4086530028917232 -0.4083805077191573
 0.440000 0.0010775318935652978 1.4075219891687523 -0.421452193109513
 0.450000 0.0024230805013406576 1.4063861253409844 -0.43433137704780467
 0.460000 0.003820476444644366 1.4053776985430746 -0.447495479504387
 0.470000 0.005232691971728071 1.4044224542157495 -0.4606527953400218
 0.480000 0.0067549630156771845 1.4036881909942969 -0.4740184926816797
 0.490000 0.008254662700465543 1.403113486886046 -0.48749969500093615
 0.500000 0.009822976123718713 1.4026289667799503 -0.5009772300895848
 0.510000 0.011467577901349002 1.4019847640976846 -0.5147706326629611
 0.520000 0.01314396524695896 1.4015825373009136 -0.5285536679614954
 0.530000 0.014833143599746773 1.4017538323898215 -0.5424763917515275
 0.540000 0.016569058650766688 1.4022345725936574 -0.5564423595180921
 0.550000 0.018236201777058397 1.403274713972251 -0.5705069372784134
 0.560000 0.01979868437005064 1.404942692104877 -0.5844652893940029
 0.570000 0.021230315396178173 1.4068868749124936 -0.5983227207928375
 0.580000 0.022625122651967366 1.4087124479074338 -0.6120767450240819
 0.590000 0.02392438631150967 1.4106650096988331 -0.6254277908706992
 0.600000 0.025122908243716213 1.412507927404958 -0.6385096617510663
 0.610000 0.026253259956837915 1.4143907283385806 -0.6512217690787852
 0.620000 0.027325305017865037 1.4162132095112505 -0.6636689820963391
 0.630000 0.02826749732631134 1.4179770780310068 -0.6757792981926815
 0.640000 0.029127933727299687 1.4197729101022816 -0.6876810506089541
 0.650000 0.029940787439909355 1.4215148524212486 -0.6994795339177676
 0.660000 0.03067151519025743 1.423196143794272 -0.7110862203860974
 0.670000 0.031316297367715656 1.4247087615235394 -0.7229474843675364
 0.680000 0.03182263144534497 1.4260875584531352 -0.7341429491328814
 0.690000 0.03227202279869801 1.4274842993994823 -0.7456190090767372
 0.700000 0.032689896970556964 1.428770270518791 -0.7572400715544189
 0.710000 0.033084800183068475 1.4299840993240258 -0.7687585530871959
 0.720000 0.0334539912365914 1.4310163565194292 -0.7803754393034058
 0.730000 0.03376657465579766 1.4318932925055414 -0.7920296078939475
 0.740000 0.033987754502277034 1.4324699379041836 -0.8037988409929807
 0.750000 0.03410144022541453 1.4328254906114952 -0.8157706898596139
 0.760000 0.03420806704202434 1.4329403817424007 -0.8275643707833289
 0.770000 0.034284613557958504 1.4327420601852903 -0.839526055444825
 0.780000 0.034241613993746756 1.4324299447270894 -0.8511862410050711
 0.790000 0.03415317878189808 1.4318145439722185 -0.8630488141393236
 0.800000 0.03401414360209862 1.4308082541976335 -0.8750523090481792
 0.810000 0.033804005864768116 1.4296506385234096 -0.8870180757484153
 0.820000 0.033502522310506516 1.4283880315824 -0.899156081689683
 0.830000 0.03313366824490027 1.426798498997601 -0.9116079420028257
 0.840000 0.03273562494229443 1.4250637826868635 -0.9236984305615887
 0.850000 0.032249047173581985 1.4231051510508759 -0.9358598241279154
 0.860000 0.031683739484500734 1.4212381010441781 -0.9480087782603848
 0.870000 0.031073728824672603 1.4191375121689458 -0.9603387194514529
 0.880000 0.030361312968835125 1.4170897166980705 -0.9726457259832522
 0.890000 0.029496597428270627 1.414832127338843 -0.9858230503257202
 0.900000 0.028695606853069683 1.4125819072346908 -0.9982204936611764
 0.910000 0.027892276111225467 1.410342491787088 -1.0108278675452136
 0.920000 0.026936863460034183 1.4080831683520556 -1.023222561811516
 0.930000 0.025917433618250607 1.4059612148978424 -1.0357443160848503
 0.940000 0.024880045264224576 1.4038130592856728 -1.0484380642598008
 0.950000 0.023835220283213082 1.401846988373299 -1.0614147956255657
 0.960000 0.022481290469353266 1.3998933499623922 -1.0747887358616042
 0.970000 0.021273660656390053 1.3981670700822368 -1.0877766202741532
 0.980000 0.020017080563157957 1.3965217810929142 -1.1009391903429653
 0.990000 0.018741187473174437 1.3949888541887172 -1.1142533943923456
 1.000000 0.017400450177447485 1.3935402549744778 -1.1276156235897417
 1.010000 0.01605311523318778 1.3921431754844176 -1.1413015330157097
 1.020000 0.014655865392693507 1.3907780491877464 -1.155099074937831
 1.030000 0.013249477992006792 1.389441385142971 -1.1690177831076407
 1.040000 0.011784116938172134 1.3881946750199596 -1.1830382022853887
 1.050000 0.010300209557980639 1.3869397400981391 -1.1971797571307328
 1.060000 0.00877484265204534 1.385805416853795 -1.2116557541497115
 1.070000 0.007245813581378685 1.3848933205200589 -1.2262502190359603
 1.080000 0.005823052894552372 1.3844828960802165 -1.2408603622381715
 1.090000 0.004502149943499095 1.3843196695257602 -1.2555412109918846
 1.100000 0.0032668681976616154 1.3844511785035258 -1.2702953750241552
 1.110000 0.002099490855422659 1.3849392839970913 -1.2850694538708818
 1.120000 0.0010851620921121519 1.3856814593549254 -1.2998884889613551
 1.130000 1.5112454237284356E-4 1.3864859093912019 -1.3146882336407426
 1.140000 -6.772770581531806E-4 1.3876112840073243 -1.3293821929751246
 1.150000 -0.0013373296024448422 1.3887754610849206 -1.3443093927496683
