0.0 1.15 1.0
Linear 4 explicit
 0.000000 -0.01989266855405011 0.9996403469494912 -0.01798495172358615 86.52254885162327
 0.010000 -0.021781103593708075 0.9996321401738448 -0.016160688651746476 86.34497428071874
 0.020000 -0.023680610745935464 0.9996305787462041 -0.013339217002080942 86.20641559159361
 0.030000 -0.025258605672458065 0.999629707996642 -0.01012174540441265 85.98428192238394
 0.040000 -0.02668843017463968 0.9996177722111612 -0.0072136796718760485 85.80457085596356
 0.050000 -0.028547848618309488 0.9995796866759412 -0.005046813261168933 85.69825460357458
 0.060000 -0.029590364504200925 0.9995595468132294 -0.0022633389140576856 85.60577694335109
 0.070000 -0.03087627275379679 0.999523214224309 -2.7457592382761427E-6 85.4807582909269
 0.080000 -0.032208858773746255 0.9994795853556887 0.0017742248204341397 85.29089099180733
 0.090000 -0.03365410879806395 0.9994290183055434 0.003006381517012479 85.07488531409749
 0.100000 -0.03504761452139749 0.9993787910364686 0.00370091108323259 84.79871166289514
 0.110000 -0.03643761878380702 0.999328989436876 0.0037243534255464437 84.51663942176792
 0.120000 -0.037943129575444885 0.9992737882738792 0.0034949945337988523 84.21902457072845
 0.130000 -0.03913170671141182 0.999229698283176 0.002952896673618648 83.96296436202718
 0.140000 -0.040450825954614175 0.999179521418214 0.0020036611635756933 83.68437753581418
 0.150000 -0.04165205344976235 0.9991320857259173 4.2628206218149384E-4 83.45934336595985
 0.160000 -0.0426291219115804 0.9990899345071972 -0.001435524800257273 83.21585656148751
 0.170000 -0.04317082629073386 0.9990622198500466 -0.003310683565766485 83.03691334905595
 0.180000 -0.043313443493379476 0.999046554847906 -0.005470544696425867 82.93027698179505
 0.190000 -0.04353814476129049 0.9990213278321544 -0.007798492625128884 82.76684653591721
 0.200000 -0.043519365829568515 0.9989995989055146 -0.010289129429311648 82.62455644749016
 0.210000 -0.04288089891583727 0.9989963992359436 -0.012939197107583834 82.54815154754343
 0.220000 -0.042538266028927296 0.9989726115733556 -0.015627451793611136 82.43641429119181
 0.230000 -0.041846124753386615 0.9989591325169437 -0.018153605815911245 82.36944432655447
 0.240000 -0.040904765029375595 0.9989480565144402 -0.020726325866263176 82.31283212024836
 0.250000 -0.03986832760374945 0.9989387367368904 -0.023063319374834298 82.34953259323872
 0.260000 -0.03876767252449732 0.9989242543947704 -0.025444086717452918 82.3190854706065
 0.270000 -0.037671164451759664 0.9989026986243794 -0.027825924059783867 82.2815101617777
 0.280000 -0.037807729717649105 0.9988198305958761 -0.03048805638315904 82.28486854134641
 0.290000 -0.035691712122713035 0.9988659201444672 -0.03151150995582718 82.17386009905724
 0.300000 -0.0350176751803587 0.9988283843630136 -0.03340091339671755 82.17208648054557
 0.310000 -0.03511071039030804 0.9987346063810869 -0.03600588886145213 82.18759514942535
 0.320000 -0.03460929065308006 0.9987097653015815 -0.03716183111407107 82.11152194848587
 0.330000 -0.03467419472372114 0.9986423449810548 -0.03887373188930404 82.05064823953455
 0.340000 -0.0344644169491312 0.9985878186282284 -0.04042984605057041 82.08398707520952
 0.350000 -0.0346442144475155 0.9985444302411284 -0.04133762498904403 81.99517042103261
 0.360000 -0.034773188414372054 0.9985009335897949 -0.04226950422948634 82.0147075073858
 0.370000 -0.03478797219909434 0.9984715777341233 -0.04294537748589077 82.03920587497403
 0.380000 -0.035044225412368984 0.9984446417996554 -0.043361267587616825 82.10706180699798
 0.390000 -0.03489086668064433 0.9984472949296898 -0.04342380303311416 82.12916718809379
 0.400000 -0.034523473020110884 0.9984653579027088 -0.04330195005822597 82.14404303268341
 0.410000 -0.034308700573809775 0.9984679444541725 -0.04341286632320026 82.21233948264972
 0.420000 -0.03407871756880963 0.9984785687383966 -0.04334961105925246 82.27618287023692
 0.430000 -0.033944756224758434 0.9984861740862958 -0.04327948339979463 82.40035188422506
 0.440000 -0.03334778071493828 0.9984969407492815 -0.043494652955438994 82.48374084484465
 0.450000 -0.03272344004487637 0.9985008556419418 -0.043877303403233585 82.68739822114382
 0.460000 -0.03134508542427355 0.9985456817342436 -0.04386350544176336 82.78911140737307
 0.470000 -0.029980892609853566 0.998575044540241 -0.04414778023606607 82.9275642250061
 0.480000 -0.02797268702199527 0.9986078967374532 -0.044719093845575784 83.04776431538204
 0.490000 -0.02568482287905644 0.9986421092676807 -0.0453235862556039 83.17576282895033
 0.500000 -0.02318054156115222 0.998662994715224 -0.04620482095357767 83.32648003536711
 0.510000 -0.020944394361967003 0.9986935519823517 -0.04661031617232823 83.43195296327998
 0.520000 -0.018964866215211214 0.9986924279721543 -0.047473868185798386 83.58289267037264
 0.530000 -0.017157148105643293 0.9986527501639392 -0.048972613355649196 83.71121286886952
 0.540000 -0.016236462592728686 0.9985636205428187 -0.05105950460876766 83.84028837229074
 0.550000 -0.014511288216135863 0.9984923875231636 -0.052937459068230594 83.92212609050212
 0.560000 -0.012549613050654463 0.9984050670865345 -0.05504388456687351 84.02549688409334
 0.570000 -0.010746161806336923 0.9983055748509211 -0.05718827876413082 84.13308667747764
 0.580000 -0.00934180275889915 0.9982433917691816 -0.05850522635093289 84.19383521499643
 0.590000 -0.008038211396509173 0.9981820597083022 -0.059732426989336396 84.34021715071562
 0.600000 -0.007664374623917726 0.998117578962871 -0.060848631265798835 84.52618881738994
 0.610000 -0.00749663124727754 0.9980615270448465 -0.06178178334146318 84.78063477782635
 0.620000 -0.007639115544370519 0.9980182782397207 -0.062459268432501526 85.07474454968744
 0.630000 -0.007978981304404855 0.9979973261586671 -0.06275087917706793 85.40973820764768
 0.640000 -0.00840557544924325 0.9979768239198572 -0.06302067295897025 85.76096058905719
 0.650000 -0.009185021952431635 0.9979734167424742 -0.0629658228492681 86.11052345842099
 0.660000 -0.010271543708168575 0.9979732346531278 -0.06280062345091918 86.47978052488386
 0.670000 -0.012056830633337654 0.9979796660336044 -0.06237963624881417 86.77617028215263
 0.680000 -0.01309723381697074 0.9980283479547312 -0.06138305258859081 87.17299338540357
 0.690000 -0.014320962271291383 0.9980650913996426 -0.060506060597657264 87.47672495111314
 0.700000 -0.01573080503412017 0.998124772575326 -0.059156404086392264 87.72275531849682
 0.710000 -0.017160522955442122 0.9981699978987538 -0.05798423705368239 87.98370072921045
 0.720000 -0.018588782494332233 0.9982253546250864 -0.056573832723256945 88.19126514379404
 0.730000 -0.020215639944131288 0.9982630337848563 -0.05533753952159656 88.36622478583786
 0.740000 -0.02169776232517903 0.9983178381146789 -0.05376524167260653 88.49654872479044
 0.750000 -0.022864915092245322 0.9983778971840932 -0.05214182651281719 88.52188147264434
 0.760000 -0.024424371364675984 0.9984149883828617 -0.05070464530879344 88.62637645950105
 0.770000 -0.025895928837320746 0.9984625290811919 -0.04900998766009303 88.68383934848727
 0.780000 -0.027082488698911292 0.9985045801094514 -0.047488338635095655 88.81947725940245
 0.790000 -0.028105485748576655 0.9985563246665764 -0.04577497284778456 88.88898253852392
 0.800000 -0.02942287975371161 0.9985958137835144 -0.04405331816151226 88.91695771862148
 0.810000 -0.03067171398935031 0.9986210008009484 -0.04260683889081372 88.97734815247517
 0.820000 -0.03204349034122795 0.9986075651748191 -0.04190638975587108 88.99617437712206
 0.830000 -0.033372309967479225 0.9986005829759317 -0.04102638916068059 88.95184831144242
 0.840000 -0.03474890986911363 0.9985885064915057 -0.04016849469388256 89.00847990816902
 0.850000 -0.036275041040968875 0.9985567564409651 -0.039604615432740964 89.0504751964421
 0.860000 -0.03714760535528995 0.9985492440640742 -0.03898028470180158 89.13365967254671
 0.870000 -0.03800100836142643 0.9985379842239621 -0.0384423909956329 89.15362421460217
 0.880000 -0.03873204223311282 0.9985246734564251 -0.03805660787816063 89.21808169504456
 0.890000 -0.039846876047717576 0.9984959908478596 -0.037656111456028415 89.11169029978578
 0.900000 -0.04041550962090696 0.9984920426893413 -0.03715141004253976 89.16661183840664
 0.910000 -0.0411573694247341 0.9984579444822893 -0.03725324203660269 89.20593510557217
 0.920000 -0.04137526423492824 0.9984718546903202 -0.03663390370629431 89.29755167152108
 0.930000 -0.04243688975589819 0.9983934572373949 -0.03754483897165707 89.37692797781773
 0.940000 -0.04286788123758022 0.9983894243498708 -0.037160491177249226 89.42734523488338
 0.950000 -0.04331657255253574 0.9983814826000857 -0.036852269177833984 89.43612250356597
 0.960000 -0.04346783850403626 0.9984212915038239 -0.03557346887250855 89.40692519091462
 0.970000 -0.04311754969820152 0.9984814023142896 -0.0342894464888671 89.44698279864106
 0.980000 -0.04273744660427657 0.9985450150012543 -0.032884094542676115 89.45313271125197
 0.990000 -0.04201662580345311 0.9986336800989133 -0.031070502541700656 89.4436195046142
 1.000000 -0.040856045906975544 0.9987711310965772 -0.028053719912177727 89.47170055380101
 1.010000 -0.040400881401048507 0.9988514599934923 -0.025759069293886088 89.45489801188461
 1.020000 -0.03983942109550465 0.9989483158447641 -0.02269543561345896 89.43076209435888
 1.030000 -0.03933775046465494 0.9990229549063693 -0.020141423944866132 89.39701381418799
 1.040000 -0.038014946200517305 0.9991330552940934 -0.016970612365555637 89.36032169970166
 1.050000 -0.035324145846347625 0.9992935040087338 -0.012833454958532815 89.31148273206054
 1.060000 -0.03453237238560297 0.9993534936248496 -0.010005500348788804 89.25315605828958
 1.070000 -0.03360830967345886 0.9994104238483487 -0.007020414813739284 89.17847160973012
 1.080000 -0.03290945634809398 0.9994510886244508 -0.0038064590202929556 89.09736114861362
 1.090000 -0.0324381796718388 0.9994733627436948 -8.727344315958041E-4 89.00471044486378
 1.100000 -0.03273561948164193 0.9994631504384318 0.001337958459004007 88.88417730246285
 1.110000 -0.03231532354785512 0.9994689886179717 0.004178594855484037 88.7259588057243
 1.120000 -0.03259632329540846 0.9994529322098689 0.0055960704710009464 88.54982574528671
 1.130000 -0.03364653702567798 0.999415752564413 0.006005336983697602 88.36199778659672
 1.140000 -0.034217741144555065 0.9993916797884864 0.006739180997100056 88.15128968328328
 1.150000 -0.03532181209068467 0.9993539633031614 0.0066351805472018525 87.82432975105871
