0.0 1.15 1.0
Linear 4 explicit
 0.000000 0.09634996214810491 0.9900217039157866 0.1028285493904358 71.13203462837271
 0.010000 0.09954981670451862 0.9895698144064177 0.10412212257606335 71.36776617079016
 0.020000 0.11393017511073739 0.9879945294640518 0.10433946975303131 71.42743256320111
 0.030000 0.1319588339567249 0.9857257173412617 0.10455465705953304 71.07836993833521
 0.040000 0.14838267378403444 0.9830882287454624 0.10733180620305523 70.96577105856049
 0.050000 0.15718212447978977 0.9815863546386031 0.10854495903227551 71.17844108139133
 0.060000 0.17034911542925804 0.9792052934446173 0.11017337320110689 71.01008343359372
 0.070000 0.17782379721981903 0.9772349757887702 0.11571732470743622 71.31486446858484
 0.080000 0.18055635092070563 0.9762830320926554 0.11946064368724209 71.70120727801513
 0.090000 0.1789525002150458 0.9767288209099897 0.11822357239808523 72.55414657645193
 0.100000 0.18087241192676867 0.9763554301163676 0.11838599869104474 72.95945414210155
 0.110000 0.182073843939962 0.9756428686840263 0.12235239327013725 73.5488614401906
 0.120000 0.18182960802370476 0.9757332154455255 0.1219946143167056 74.41258805466263
 0.130000 0.17884857706731508 0.975872384415384 0.12524486343331445 75.83583403434436
 0.140000 0.17633557569847763 0.9751150451963613 0.13437415441514278 76.73571774996503
 0.150000 0.16953698268593204 0.9744239021439605 0.14749667939410455 78.4649509314981
 0.160000 0.16234639694960418 0.9739804516895779 0.15813199272774459 79.9498752537399
 0.170000 0.16110146534306125 0.9734425701976339 0.1626526372099241 80.54148116497613
 0.180000 0.14721339814064516 0.9734012946484399 0.17555094697729418 82.7896073716475
 0.190000 0.1356371253869067 0.9738515627405978 0.1822517598391636 83.56723491429642
 0.200000 0.1225575733635179 0.9745209392919496 0.18785254880565844 84.63063589711567
 0.210000 0.11461007050596676 0.9748802894767346 0.19097893320566955 85.2624057124995
 0.220000 0.10034993036269176 0.9757810999330573 0.19437370318444783 86.22380630241108
 0.230000 0.08981788922484409 0.9765445020041671 0.19568746096934053 87.17286107825036
 0.240000 0.08031014183235896 0.9773825399502781 0.19563652961348843 87.94201989797949
 0.250000 0.07240683631011138 0.9780350281769835 0.19546031237672754 88.83594057203892
 0.260000 0.06379490247996283 0.9790861406278546 0.1931852469730155 89.09491553839727
 0.270000 0.05599714751197939 0.9804440049281515 0.18866338455293424 89.27293354979165
 0.280000 0.054788755946920814 0.9809984121122529 0.18611906848850035 89.40840948158902
 0.290000 0.04445920707758975 0.9830149254262367 0.178059078104101 89.45717769979348
 0.300000 0.03443219453842411 0.9867202781193459 0.15873725689751794 89.0220999684516
 0.310000 0.03306330085512058 0.9873072047290531 0.1553425299995703 89.02642571049107
 0.320000 0.024119702397469998 0.9894133375258717 0.14310655988518853 88.95257967113628
 0.330000 0.021837702189591763 0.9902438808023044 0.1376232948910553 88.9720768504611
 0.340000 0.020609924264124353 0.9909601055257286 0.1325643250586818 88.85734263382773
 0.350000 0.018401307515232744 0.9921206038674255 0.12392779859040803 89.06110472193845
 0.360000 0.017636831284953643 0.9934509995129805 0.11288956439319765 89.16992860111273
 0.370000 0.01770946752835153 0.9941889448551854 0.10618246883358523 88.94729543212202
 0.380000 0.019396249901975998 0.9950503152417259 0.09746104671653184 89.26548333952175
 0.390000 0.019601411407566802 0.995741038412296 0.09008645343465194 89.17928289129473
 0.400000 0.01938353717726995 0.9963331247936941 0.08333416421450994 89.15742717596447
 0.410000 0.018178463393161075 0.9967802854941155 0.07809357155959248 89.17156325073645
 0.420000 0.015363150682725294 0.9971116896162379 0.07437911018391635 89.12134290118183
 0.430000 0.01300893261494348 0.9971868900991813 0.07381784260287849 89.06440227460989
 0.440000 0.008387784570324913 0.9974576358098827 0.07076658699245908 88.90645075717667
 0.450000 0.006262982657335349 0.99742189779384 0.07148659209647959 88.791279967353
 0.460000 0.002905300367659399 0.9976406159197779 0.0685912581673485 88.72441063142612
 0.470000 0.0018194574574635816 0.9978176246621743 0.066005132286033 88.61688987012866
 0.480000 7.319786131381311E-4 0.9978553623811522 0.0654533419657808 88.62594660908888
 0.490000 0.0011081750047542717 0.9978050955484711 0.06620999354829542 88.67989394104781
 0.500000 0.00160957282375501 0.9977326849764642 0.06728223097505438 88.76625155928063
 0.510000 0.0037894935059850383 0.9976736953563283 0.06806494937202438 88.9254971929257
 0.520000 0.004049990679239572 0.9975425586002606 0.06994598885385413 89.02180890012198
 0.530000 0.0011612423409718875 0.9970572437479832 0.07665183758984787 89.08668506953775
 0.540000 0.0013456801024883803 0.9967294953563244 0.08079914746944218 88.97815551833877
 0.550000 0.004614012741934594 0.9952803282450354 0.09693182704804351 89.22257860856544
 0.560000 0.007967540127806597 0.9940056773248802 0.10903775378380651 89.35721797065682
 0.570000 0.012323529429917988 0.9930649307522871 0.11691951903914621 89.28726044258092
 0.580000 0.026173762804088785 0.9912929442756817 0.12904740512666446 89.52301187946331
 0.590000 0.03355135207193366 0.9904364850040718 0.13382778465970432 89.55038862064625
 0.600000 0.041551523008768035 0.9896323106923458 0.13748221910261801 89.60178838883684
 0.610000 0.05026269816004309 0.9883669293304568 0.14354258664088618 89.58466367379842
 0.620000 0.05916433090623108 0.9872963078586467 0.14746383433609161 89.53756679702526
 0.630000 0.06885707593594154 0.9859900476757022 0.15192869701941886 89.40622465929542
 0.640000 0.0802705819143037 0.9843185451614623 0.15707843687266923 89.2077654934043
 0.650000 0.0936684160778122 0.9823873882095268 0.16168255105712068 88.8894340780036
 0.660000 0.10911827205263544 0.9802054167608215 0.1651984977443537 88.40300217008921
 0.670000 0.11962377045299234 0.978804125512436 0.16623067533534613 88.08726354603948
 0.680000 0.14450053622751946 0.974939863761584 0.16915039780769994 86.67643534855897
 0.690000 0.1586372624458042 0.9724600241390824 0.17075046241552727 85.289590777861
 0.700000 0.1738924696792404 0.9703272062804099 0.16800750501364303 84.50408833066815
 0.710000 0.18947258440983425 0.9677351465842118 0.1660988435320735 83.41827174762874
 0.720000 0.20409773175293336 0.9649015888105936 0.16525446984605205 82.12711105514502
 0.730000 0.2145349453525209 0.9633652349714895 0.16094154613062947 81.61894516902208
 0.740000 0.22618190854027656 0.9613768343892432 0.1568321604416503 80.75176534091283
 0.750000 0.23383882180942672 0.9597675406034943 0.1554531228978665 79.51774506193046
 0.760000 0.2374047310895904 0.9595399403885856 0.15140045064447102 79.10770822493457
 0.770000 0.2387138561435703 0.9595239412026259 0.1494305897199324 78.90888777026473
 0.780000 0.23950302340076515 0.9603234169558493 0.1428888960981031 78.25558512733207
 0.790000 0.23543841900871454 0.9619327039204565 0.13875959059811463 77.74286172223508
 0.800000 0.23279445247895914 0.9628325863246889 0.1369677100864736 77.60602381218459
 0.810000 0.22952467294072898 0.9638874212653399 0.1350535584051924 77.4625343695861
 0.820000 0.224341837433226 0.9652792099174068 0.13381624295395225 76.34328098958024
 0.830000 0.22263623931247847 0.9656742534668744 0.1338145774420401 75.7758063915228
 0.840000 0.21760875349126754 0.9669764289793236 0.13267635886762932 75.74485721899897
 0.850000 0.2116179114894431 0.9684748502636479 0.1314318224162293 75.7963373103185
 0.860000 0.20083658057978648 0.9712649001355039 0.12770732816008887 75.1645128912321
 0.870000 0.19383989721508416 0.9727312191606101 0.12735803672308438 75.27073948725672
 0.880000 0.18179831170100602 0.9749761842288724 0.1279484820119859 74.93087687328673
 0.890000 0.170252789012236 0.9771444473764438 0.1272898927446297 74.6177877031921
 0.900000 0.16097107004465924 0.9787639078051072 0.12692331301519405 74.7943146165412
 0.910000 0.15224276615083962 0.9801890043880365 0.1266951294704357 75.05396400518855
 0.920000 0.1407174776456964 0.9818233224570466 0.1273638683632029 75.08754605428821
 0.930000 0.12635996596929927 0.9837172156938282 0.12780296768001737 74.93910635319784
 0.940000 0.11858408367390298 0.9847606956982026 0.12721708732404177 75.17111152539546
 0.950000 0.11192445883711853 0.9856063578301515 0.12670052454035663 75.3716453647661
 0.960000 0.10859473433537174 0.9863444736984098 0.12382149603052374 75.4694238971243
 0.970000 0.10532833587465171 0.987003800623961 0.12136490108648756 75.4425461756053
 0.980000 0.10176777870922729 0.9874628812406456 0.12066638881027403 75.62095471464447
 0.990000 0.09906820278122667 0.9878642164006759 0.11962349749433188 75.7274027686507
 1.000000 0.10016930944227122 0.988392641972568 0.11421950245183819 75.56398731985017
 1.010000 0.10051926436213006 0.9883980667651848 0.11386456475542144 75.5446360707992
 1.020000 0.10302406427398136 0.988230245560936 0.11307972381927167 75.1819891653709
 1.030000 0.10398958570454594 0.9881147360662715 0.1132052756442015 75.11211916501246
 1.040000 0.1067646625225012 0.9879884648236339 0.11171436886943255 74.39218195894207
 1.050000 0.10626019503607552 0.9879775184514978 0.11229066740079204 74.40544533893852
 1.060000 0.11028991381474981 0.9878791007775537 0.10922919553703161 73.8141780103969
 1.070000 0.1287208399604468 0.9856812623573108 0.10891921041568087 73.15665942795047
 1.080000 0.13903933106112834 0.9849055548688058 0.10309758681290067 72.8707330318874
 1.090000 0.1541189483426336 0.9829522428803201 0.10026084967876848 72.8370453617704
 1.100000 0.1628754487054157 0.9814339238236566 0.10128692599299635 73.11562252814896
 1.110000 0.17960520555060105 0.9784911201777909 0.10147461688687583 73.14793876017261
 1.120000 0.1881709920605166 0.9765099138551883 0.10497650160628247 73.27304917502985
 1.130000 0.19345215375424418 0.9750732406559224 0.10866664421340064 73.64609620880846
 1.140000 0.19097719369376667 0.9755533575932968 0.10873526556411463 74.39117413855371
 1.150000 0.1926367036890317 0.9749599854338749 0.11110412771181326 74.91560456358425
