0.0 1.15 1.0
Linear 4 explicit
 0.000000 -0.9155819974408855 -0.3701155287000716 0.1572389944550173 20.446148505836202
 0.010000 -0.911533721932248 -0.3767257959352173 0.16487555445644478 20.641681565674237
 0.020000 -0.9088044457874015 -0.379865011012103 0.17256028722110073 20.81116660528534
 0.030000 -0.9026145699353215 -0.39109478456918395 0.1798104769563173 20.89703466233331
 0.040000 -0.8924830282696283 -0.40983324041761215 0.18844298686731156 20.945727568262665
 0.050000 -0.8830851698870246 -0.4261452860126642 0.19636898414665627 20.799059994960494
 0.060000 -0.8669207815254778 -0.45435699786999545 0.20495872034587795 20.979845624555008
 0.070000 -0.8448415925933996 -0.4905385899626138 0.21357568958507214 20.978624558536666
 0.080000 -0.8201014674349107 -0.5278784641495607 0.22085721676732015 20.938767782275278
 0.090000 -0.7755868084230703 -0.5889848506255718 0.22707256182482394 21.17278091110642
 0.100000 -0.7434262211898897 -0.6275979365463569 0.23116722018936067 20.984004429124646
 0.110000 -0.707967329783106 -0.6661734459170278 0.23451055395186726 20.649778609935378
 0.120000 -0.6580884459382375 -0.7151738470691358 0.23546967063918864 20.48996306568037
 0.130000 -0.594728293940666 -0.7694047006747071 0.23305506423609265 20.494793800746585
 0.140000 -0.5342973391410978 -0.8127913619724446 0.23215631649757307 20.086387845850762
 0.150000 -0.46293218143319326 -0.8573306603524067 0.22511760085166863 19.892853795960644
 0.160000 -0.38644385041545476 -0.896010816905922 0.21869102968265472 19.64413643238419
 0.170000 -0.31300476315807796 -0.9265852240741614 0.20848942603353204 19.331118722959182
 0.180000 -0.20505320931608936 -0.9402919588082704 0.2716693091787838 16.323267111693625
 0.190000 -0.09279586700327781 -0.959519051688494 0.26591749945034265 16.123877800688057
 0.200000 0.02206738626567402 -0.9658014970239914 0.25834182551344337 15.978188331078602
 0.210000 0.14019224268162564 -0.9590757776240177 0.24600769879575315 16.12948132150881
 0.220000 0.2722420396345965 -0.9331861059390736 0.23462302431317997 16.399578199319027
 0.230000 0.39325532086980436 -0.8921908916018625 0.2221388429569688 16.74414541692002
 0.240000 0.5099720007880921 -0.8342654987451168 0.20959397895872797 17.299958139280932
 0.250000 0.7422353600537038 -0.5902712048404039 0.31727996315904744 15.478711191896767
 0.260000 0.8045122904054197 -0.518722538243856 0.28928688685192266 17.22074919631009
 0.270000 0.8514471781074269 -0.45149741057212134 0.2668104029822848 19.060524214119564
 0.280000 0.8735750428472723 -0.4235563324356142 0.23972208443962292 20.58994048136941
 0.290000 0.9040664135724119 -0.36117471081908387 0.22850984249057596 23.103027530726266
 0.300000 0.9335520321279865 -0.27622849556570706 0.22842596513359215 24.691830213460833
 0.310000 0.9410788491856057 -0.2620830882293437 0.21373594568922202 26.433371909163913
 0.320000 0.9541597797039163 -0.20598811856364324 0.21713592472454718 29.067988656311837
 0.330000 0.9590682566156872 -0.1896202534281803 0.21031461823177924 31.404159604889053
 0.340000 0.9626187499875306 -0.18265230650824316 0.20000819258136143 33.096918067537565
 0.350000 0.9651244056868642 -0.17313300891535677 0.19636660299422617 35.75724486860113
 0.360000 0.9666760462250482 -0.16364076809703418 0.19687336201558855 37.90335717208104
 0.370000 0.9685795748235881 -0.15946324006883317 0.1908535624538017 39.550790381204735
 0.380000 0.9694214219554685 -0.08478290751312047 0.23029104465319317 41.81719009731819
 0.390000 0.969990985472439 -0.09247569802506046 0.22486825782440792 43.87351696693092
 0.400000 0.9703523338930493 -0.1013472771083885 0.2194198658531803 45.65524788734416
 0.410000 0.9702070133328131 -0.1121807908169369 0.21474128958239255 47.38915821422313
 0.420000 0.9702672697756808 -0.12047927181308928 0.20991943755982678 48.949747282405966
 0.430000 0.9703068173772965 -0.1307005843209663 0.2035240462680019 50.20049470628783
 0.440000 0.9706864004686687 -0.13418867392475956 0.19940238648394853 51.66402615460042
 0.450000 0.9697834625923968 -0.15834182973416017 0.1856014564564069 52.786486848816416
 0.460000 0.9700019002990664 -0.16059650552454807 0.18249678306617897 53.930254415657
 0.470000 0.9707585018500289 -0.16016607150784734 0.17881487808241953 54.57975726969353
 0.480000 0.9710241762294731 -0.1617288925281484 0.17594264548281568 55.43970886717179
 0.490000 0.9711663404819867 -0.1635635165802835 0.1734442710461121 56.14325628733654
 0.500000 0.9718008154172856 -0.16259493447139614 0.17078074375801672 56.3204853564904
 0.510000 0.9721787529504466 -0.16289568662892445 0.1683254811055224 56.939017402365515
 0.520000 0.9727814135790303 -0.16318059113241232 0.16452481901786178 57.04729112602932
 0.530000 0.9735172752602713 -0.16186043844912687 0.16144755567946387 56.925862965744756
 0.540000 0.9739467286129718 -0.16060810568859413 0.16010248658659776 56.5167366245676
 0.550000 0.9752285110988096 -0.1571353079702335 0.15568508640553544 55.97137926246355
 0.560000 0.9759044409542983 -0.15483842519556582 0.15373868806723864 55.02686762943379
 0.570000 0.9759540805761363 -0.15336272340885934 0.1548983785435026 54.094900473512396
 0.580000 0.9774694767599483 -0.14936061163839814 0.14914700698852879 52.68091757602274
 0.590000 0.9780008212816907 -0.14812995027555081 0.14687379413530952 51.15189881511983
 0.600000 0.9783012316482269 -0.14562977435312116 0.14737255164182195 49.53741521184644
 0.610000 0.9789844583150601 -0.14328406413694528 0.14511756386450325 47.723753202377196
 0.620000 0.9789826187760544 -0.14220811170961953 0.14618442153103345 45.80110555389946
 0.630000 0.9788596840602969 -0.14260061421140213 0.1466246355422805 43.699620285935154
 0.640000 0.9780080736538852 -0.14775561616830038 0.14720219345696844 41.43343287748159
 0.650000 0.976472260517966 -0.15646822156498627 0.14839009427594513 39.23341457505716
 0.660000 0.974031167969314 -0.17051921835115263 0.14895126718912477 36.98477057695965
 0.670000 0.9733538743128348 -0.17111387147592738 0.15265083802165555 35.5483439206907
 0.680000 0.9622901858450912 -0.22144503747584363 0.15798637157534132 32.98861217450385
 0.690000 0.9582073917583058 -0.22887530870891992 0.1716236797273073 30.653887332681393
 0.700000 0.9509795619500716 -0.2544222034296941 0.17580447990659676 28.487965391192464
 0.710000 0.9399951934961072 -0.2904147807317222 0.17907621655809505 26.391329646384108
 0.720000 0.9223870865045489 -0.34169632168876474 0.1801268619446248 24.360474461428613
 0.730000 0.9086294685303185 -0.37455930810213245 0.1846559331090197 22.180543870315873
 0.740000 0.8843755535141884 -0.426077283370917 0.19062536279764117 20.44791374950182
 0.750000 0.8146851615737392 -0.5567117318121209 0.16235804622598712 19.542412095027668
 0.760000 0.7767362724626345 -0.6053188448564388 0.173982352847979 17.9094594194552
 0.770000 0.7410386959782012 -0.6434766327712607 0.19183189031098866 16.61642273001961
 0.780000 0.6708330236926993 -0.7129729034565423 0.20408991464562493 15.023186621252384
 0.790000 0.5988306471516516 -0.7702365619274492 0.21940258590572043 13.783626796332618
 0.800000 0.523238836998119 -0.8163168549271085 0.24463832859707432 12.795788831897998
 0.810000 0.42852897553487934 -0.862300699072834 0.2698155323652227 11.846460522743072
 0.820000 0.3204682745255157 -0.898938172694331 0.29868084420601204 10.316152131891132
 0.830000 0.1402510922487487 -0.9582664079446418 0.2491086560678019 10.546590374518768
 0.840000 0.005164137559544325 -0.9625113164653176 0.27119236228084925 10.274347358108068
 0.850000 -0.12701517501248483 -0.9481872747402259 0.29121819540896005 10.209011169704052
 0.860000 -0.29225944574672225 -0.903914978851805 0.31228533007357134 9.509570463037237
 0.870000 -0.4160801952850601 -0.8513127983603411 0.31959942183838713 9.835382053712694
 0.880000 -0.5446294303649452 -0.7693004183105001 0.33399947599905716 9.798839513452219
 0.890000 -0.6135376469140263 -0.7553460128433227 0.2302693134156059 11.908347658100631
 0.900000 -0.6734045605820498 -0.6989584493903356 0.24079739162448205 12.49037268252953
 0.910000 -0.7227095077712329 -0.6459904611675695 0.24573825802583746 13.174608270009463
 0.920000 -0.7710925301577548 -0.5851361419782394 0.25106175592019914 13.738990414829104
 0.930000 -0.8260371828630577 -0.5024449835660646 0.2553656418098577 14.038049716429322
 0.940000 -0.8514174029072687 -0.4567666974949517 0.257783998894805 14.707711207024136
 0.950000 -0.8690825149917643 -0.41993296167996713 0.26144194351764016 15.41128765979495
 0.960000 -0.9174536500516152 -0.3194363041343641 0.23714815539646647 16.055421571378375
 0.970000 -0.9274096902928061 -0.28666515323897285 0.24027974585777612 16.681131069039782
 0.980000 -0.9325822256912096 -0.265758082500185 0.24426017667776834 17.287566595873844
 0.990000 -0.9368066874026357 -0.2459079757608518 0.24884231532217516 17.900542663353615
 1.000000 -0.9494428099700631 -0.19562918938326485 0.24553527416116244 18.294025783876
 1.010000 -0.9563849345131226 -0.15211685353013418 0.24937586071715517 18.611242037799148
 1.020000 -0.9647170086826368 -0.09409333142656905 0.24590148055567937 18.89524769263677
 1.030000 -0.9643923132696604 -0.08661529132876952 0.24989049084434087 19.21394620761882
 1.040000 -0.9673953775941087 -0.04346356264007027 0.2495137313499692 19.443424940585594
 1.050000 -0.9659521438017109 -0.040142634165929246 0.2555876069121883 19.72796680421527
 1.060000 -0.9662141999462159 -0.02185269198970445 0.25681234330751507 19.752648090263122
 1.070000 -0.9653844005797954 -0.004476189011745071 0.26079287346306157 19.804017748486682
 1.080000 -0.9634377944011373 -0.013156372178895977 0.26760890529009307 19.77926572014191
 1.090000 -0.960989642127531 -0.029900775204528326 0.2749633636791788 19.663674197025315
 1.100000 -0.9580371679487999 -0.043214812467317724 0.28336772013067685 19.381926552479396
 1.110000 -0.9531470544628343 -0.07882152349341631 0.2920579737021393 19.279489203534123
 1.120000 -0.9455346679176895 -0.11801993748203801 0.30337350926295514 18.91508982438833
 1.130000 -0.9378615405253113 -0.14857271015146292 0.3135950902066854 18.45350731102849
 1.140000 -0.9170049183446125 -0.23021547650979107 0.3257342691630103 18.20834378740791
 1.150000 -0.8981222642906436 -0.28565255248935817 0.33433369205295765 17.781049851563072
