0.0 1.15 1.0
Linear 4 explicit
 0.000000 -0.015198908601144208 -0.9541280458477458 -0.2990128179595249 169.11927500787112
 0.010000 -0.014158423989110087 -0.9547523920996419 -0.2970646542592306 169.30727002144775
 0.020000 -0.01229168722613579 -0.9558705630015909 -0.29353088630015817 169.7975568252341
 0.030000 -0.01018607676680841 -0.9572152559437829 -0.28919750626272506 170.18585482622598
 0.040000 -0.007525133973018967 -0.958596685911725 -0.2846678171443796 170.40747210364
 0.050000 -0.006674075260455172 -0.9600368793126094 -0.27979393681622916 170.52111528541533
 0.060000 -0.005241405978731182 -0.9621885002973718 -0.2723340183650597 170.90776764213504
 0.070000 -0.003507731149611028 -0.9643172015986172 -0.2647263313748632 171.25080954147788
 0.080000 -0.0025445073791229627 -0.9664595275826601 -0.2568063609549013 171.54813755977614
 0.090000 -5.399881678502347E-4 -0.9684517530410478 -0.24920054262481017 171.78525168441462
 0.100000 6.42401578014318E-4 -0.9706686049952723 -0.24042056192585623 171.91342397508484
 0.110000 0.0013197630773563562 -0.9724584000415062 -0.23307277493120795 172.09499757188192
 0.120000 0.00274811673582779 -0.9744939585831182 -0.2243969084889769 172.04378751102854
 0.130000 0.004373310713466611 -0.9758575438447238 -0.21836421015071675 171.63936380621405
 0.140000 0.005355423938907687 -0.9777562289465348 -0.2096761221281193 171.57873331990217
 0.150000 0.006687150011415978 -0.9792164432924844 -0.20270776800690574 171.0909148845168
 0.160000 0.007842014527849061 -0.9807887276537997 -0.19491530087549752 170.8017246476466
 0.170000 0.0080155959416023 -0.9818388340781717 -0.18954749831563936 170.97137234175227
 0.180000 0.012442916176137256 -0.9836929502268225 -0.17942506377617345 169.54637753945988
 0.190000 0.012384362013703534 -0.9850598414868659 -0.1717665167236741 169.7545698767254
 0.200000 0.012349116864867095 -0.9862027380511168 -0.16508076439469874 170.10087978693775
 0.210000 0.012338074994918005 -0.987285695204321 -0.15847626936024345 170.31696832826054
 0.220000 0.012294023728802096 -0.9882987212469317 -0.15203451766699305 170.7219984214923
 0.230000 0.012262193189980168 -0.9891475043696686 -0.14641329590384897 171.1713282942079
 0.240000 0.012254215165017419 -0.9899033013663631 -0.14121362595254316 171.58128142076978
 0.250000 0.012519463862067705 -0.9905934381962765 -0.13626409368240008 172.0905483542169
 0.260000 0.012547637013363583 -0.9912162562551078 -0.1316544345663656 172.3809080922372
 0.270000 0.012575946140678937 -0.9918201959195024 -0.12702182704113002 172.71666591190967
 0.280000 0.01267216908556527 -0.9924622388703288 -0.12189389052434639 172.76624412180723
 0.290000 0.012628010832863495 -0.9930000155901643 -0.11743722740399919 173.3434607295353
 0.300000 0.01256882217205276 -0.9935975260581537 -0.11227635957904938 174.8216143317778
 0.310000 0.012124828872895265 -0.9940995212928957 -0.10779206969920636 174.8606652198178
 0.320000 0.012610354613420326 -0.99468168168607 -0.1022219696283323 176.21287619685225
 0.330000 0.012267989736068225 -0.9951636636669838 -0.0974616793654919 176.50789391603834
 0.340000 0.012062186204735915 -0.995597103627304 -0.09295650011099577 176.5617555025029
 0.350000 0.01201493998023752 -0.9960235684764582 -0.08827622701890626 177.06401955263576
 0.360000 0.01219748170575383 -0.9964067780598884 -0.0838138060008611 177.9311693865945
 0.370000 0.01156484850021884 -0.9967149320395744 -0.08015983114075143 178.04375483069632
 0.380000 0.014405873912634043 -0.9970975139417606 -0.07475973841563223 178.88178793593065
 0.390000 0.013637981604781616 -0.9974282924730816 -0.07036197006892556 178.71720437484362
 0.400000 0.01299881551674699 -0.9976936599611652 -0.06662125538036974 178.7174355236567
 0.410000 0.012046247231055334 -0.9979546719914542 -0.06278025627597769 178.80862576945006
 0.420000 0.011249859204625703 -0.9981593952273112 -0.059592469216541426 178.9894869290985
 0.430000 0.010568260283216755 -0.9983872825882634 -0.05577764642407709 179.29044125777443
 0.440000 0.00954964551400814 -0.9985490401620223 -0.052996402350167615 179.35686127791516
 0.450000 0.014796766915632973 -0.9988939485515471 -0.0446311016662544 177.15806176568316
 0.460000 0.013429311542656633 -0.9990367475097471 -0.04177595859625738 177.19966536050563
 0.470000 0.011910244109102347 -0.9991545017917881 -0.03935006524092841 177.1435460201201
 0.480000 0.010274332035721137 -0.9992470197671995 -0.03741432329455713 177.16119890510228
 0.490000 0.008869307571478233 -0.9993267834496261 -0.03559937167179499 177.21682477914587
 0.500000 0.007444192142015846 -0.9993956514999336 -0.033954613329799134 177.12758925831054
 0.510000 0.005910049388972352 -0.9994701183668907 -0.03200865207867325 177.17419541380386
 0.520000 0.004450652759520576 -0.9995390721626171 -0.030030566266868564 177.11242423330395
 0.530000 0.0029413401894029956 -0.9995957738336397 -0.028277861514217836 177.0012734341723
 0.540000 0.0013559987922249935 -0.9996224806346368 -0.02744189273958144 176.8515803775278
 0.550000 -3.682741259794247E-4 -0.9996939407775054 -0.02473639316694284 176.54235771250623
 0.560000 -0.002008882838902108 -0.9997569111442096 -0.021956388799809302 176.20001419140334
 0.570000 -0.0031439194676386143 -0.9997408229466881 -0.022547787125567566 176.01667250905595
 0.580000 -0.004789681047858386 -0.9997848368249976 -0.020182641310610462 175.37661761616133
 0.590000 -0.00625098629944635 -0.999801906744426 -0.018896360509212742 174.82567373367073
 0.600000 -0.007440439355598186 -0.9997851445708273 -0.019346952154934937 174.43849259609138
 0.610000 -0.00865174537778217 -0.9997573152533157 -0.020259760595829887 173.76493760266106
 0.620000 -0.009553088609275178 -0.9997139683758457 -0.021925326274468252 173.27423003955366
 0.630000 -0.010159577881484529 -0.9996428403909038 -0.024717901053206346 172.6846835604822
 0.640000 -0.010568728819918456 -0.9995283095228248 -0.028835055636760212 171.9671838861595
 0.650000 -0.010938083178167307 -0.9993760288451763 -0.033584390809315155 171.25162741857193
 0.660000 -0.010947609927692255 -0.9991944203368166 -0.03860906894298509 170.52890353687127
 0.670000 -0.010931130930848859 -0.998988893860323 -0.043608489085281095 170.11880158222093
 0.680000 -0.011165244643815544 -0.9986663453369812 -0.0504070233531122 168.9425374527623
 0.690000 -0.012201403255011236 -0.9982652718847067 -0.057598374174636154 168.3600839779062
 0.700000 -0.012288932649317737 -0.9978697829378373 -0.06406932521834421 168.13481173744736
 0.710000 -0.012451191837702474 -0.9974203083860446 -0.07069438620504884 167.8544305871008
 0.720000 -0.013483046711494102 -0.9968319662773905 -0.07838519285507416 167.7087691150986
 0.730000 -0.013071707971819559 -0.9962205271768043 -0.08587078480059156 167.42429019705145
 0.740000 -0.012852376065743368 -0.9954787482335962 -0.09411098896907459 166.98090862421012
 0.750000 -0.02014708381851277 -0.9941584101286314 -0.10603372380578603 168.79225643888927
 0.760000 -0.01970286194164046 -0.9931343307889382 -0.11530827481025116 168.44031553218633
 0.770000 -0.018683753705445564 -0.992246818244703 -0.12287053768392855 168.26878575691973
 0.780000 -0.018780775548385482 -0.9907933533974324 -0.1340739099648839 167.37258397211593
 0.790000 -0.017871412284215456 -0.9894632490463883 -0.1436770385605596 166.48337105931154
 0.800000 -0.0166052360261419 -0.9883166087771658 -0.15150758050909133 166.2722094571084
 0.810000 -0.015546660533029982 -0.9869934236998953 -0.16000713396417568 165.99825842541279
 0.820000 -0.01616981194711813 -0.9851305709423165 -0.1710447174760458 164.53971920945028
 0.830000 -0.022622107584892786 -0.9832197983688367 -0.18101676260490854 166.6757681708522
 0.840000 -0.021584418167322157 -0.9817978995966408 -0.1886981643789961 166.5572459398804
 0.850000 -0.020500183912483413 -0.9803575583645722 -0.1961601392154095 166.45733627598733
 0.860000 -0.019876617133823576 -0.9782597479827287 -0.20642864522174098 166.03013949275186
 0.870000 -0.01877057276101195 -0.9769098203570888 -0.21282591122347846 165.9656784389198
 0.880000 -0.018112856768690358 -0.9748834134294538 -0.22197804990542083 165.7856199178209
 0.890000 -0.017446734911114974 -0.9734967008293749 -0.2280346134148581 165.72049538325294
 0.900000 -0.016377179624968537 -0.9720945433001617 -0.23401706534691333 165.67937560078732
 0.910000 -0.015218561740489467 -0.9707423032315181 -0.23964093159416283 165.65536877041254
 0.920000 -0.014362574424855503 -0.9692499682287199 -0.24565873797712967 165.61499511926996
 0.930000 -0.013932592275492987 -0.9673511960601865 -0.2530564094296198 165.60743222211326
 0.940000 -0.01271056494028235 -0.966518524526882 -0.256281843456141 165.59822488802538
 0.950000 -0.011857940399920967 -0.9655440465468518 -0.2599693894046045 165.64541533640227
 0.960000 -0.014322011865706474 -0.9643976287184418 -0.26406835042913596 166.89334423389812
 0.970000 -0.013472021553930383 -0.9637356575074655 -0.26651845542833175 167.0044537875285
 0.980000 -0.012314274076867826 -0.9634260992697633 -0.26769107175960893 167.06932393062644
 0.990000 -0.011565140127618464 -0.9632355214064597 -0.26840934751728396 167.16826864238223
 1.000000 -0.010662614921577869 -0.963024770151215 -0.26920178438902237 167.69317818820122
 1.010000 -0.009921479786849907 -0.9632485450227751 -0.26842839780907285 168.11916266894127
 1.020000 -0.0091636052585081 -0.9637073426113083 -0.2668036471559499 168.57503133610558
 1.030000 -0.008391523417144598 -0.9641704012739779 -0.2651509374713124 168.6370460037884
 1.040000 -0.007276091845558443 -0.9648743031424871 -0.2626111909701392 168.97958066151955
 1.050000 -0.006474688661434505 -0.9657787554162529 -0.2592864709030748 169.05970539718794
 1.060000 -0.005609998925816788 -0.9664467957164146 -0.25680560539351 169.1618344859408
 1.070000 -0.0038142074095598214 -0.9675259599047613 -0.25274289056708793 169.16277210404564
 1.080000 -0.0029897778078055728 -0.9688407381593519 -0.24766647999174649 169.2832999464671
 1.090000 -0.0021332059792974504 -0.9702767860137737 -0.24198844591226146 169.53512412742904
 1.100000 -0.002025591570928296 -0.9713861991532753 -0.23749684013338232 169.6924143976939
 1.110000 -4.543356853684681E-4 -0.9738197498597668 -0.22732111288251738 170.06066465680786
 1.120000 2.758035150361874E-4 -0.9753846818785488 -0.22050996868419187 170.41193084990618
 1.130000 5.283553293020185E-4 -0.9769208972248354 -0.21360075235370427 170.61828448417924
 1.140000 0.0019760686452908118 -0.9791153879231151 -0.20329572618448444 170.97327035296271
 1.150000 0.0025589744272403033 -0.9810628152265531 -0.19367293107099567 171.0894493714218
