0.0 2.14 1.0
Linear 1 explicit
 0.000000 95.61000000000001
 0.010000 95.60582848284868
 0.020000 95.81296257456171
 0.030000 95.86166410609643
 0.040000 95.8637119743382
 0.050000 95.9979276480454
 0.060000 96.06654775640176
 0.070000 96.29130318708596
 0.080000 96.56828948402898
 0.090000 96.61273567237812
 0.100000 96.73082620761717
 0.110000 99.19469213382757
 0.120000 99.36241691500119
 0.130000 99.38969724134303
 0.140000 99.56549260913263
 0.150000 99.64479628386968
 0.160000 99.72924894564613
 0.170000 99.84489222876918
 0.180000 100.1019775173247
 0.190000 100.33408002636492
 0.200000 100.7719189891837
 0.210000 101.09069076835715
 0.220000 101.19990344478319
 0.230000 101.33860846643869
 0.240000 101.47716213539194
 0.250000 101.49350159621031
 0.260000 101.53081916992281
 0.270000 101.52722522048461
 0.280000 101.28975871282019
 0.290000 101.22482470079
 0.300000 101.04979543668038
 0.310000 100.99346301110494
 0.320000 100.91239654559979
 0.330000 100.66195192648111
 0.340000 100.58351839018493
 0.350000 100.51414068077221
 0.360000 100.41255150771119
 0.370000 100.28102812781108
 0.380000 100.25782690838342
 0.390000 100.11914056155965
 0.400000 95.73300431387493
 0.410000 95.74871545434287
 0.420000 95.78401976069884
 0.430000 95.77497310507906
 0.440000 95.67446346754119
 0.450000 95.64239100835401
 0.460000 93.8568343439021
 0.470000 93.87089429240238
 0.480000 93.9054093786989
 0.490000 93.99366134255328
 0.500000 94.06608835513612
 0.510000 94.01999774896179
 0.520000 93.96143322887032
 0.530000 93.86393109568722
 0.540000 93.75768149305856
 0.550000 93.43865663464848
 0.560000 93.20992788110816
 0.570000 92.98904923330534
 0.580000 92.83306605511679
 0.590000 92.81374385926695
 0.600000 92.707881509734
 0.610000 92.70996689045327
 0.620000 92.7616616158224
 0.630000 92.88967916043988
 0.640000 93.05184733518786
 0.650000 93.16325853145824
 0.660000 93.25722282445814
 0.670000 96.00397662831536
 0.680000 95.94022101490731
 0.690000 95.89569050786159
 0.700000 95.93718533591576
 0.710000 96.17007812041251
 0.720000 96.39176936313086
 0.730000 96.57437934606307
 0.740000 96.9659238452224
 0.750000 97.12061375976339
 0.760000 97.41168247932436
 0.770000 97.52545273348078
 0.780000 97.59753191439613
 0.790000 97.66518241701581
 0.800000 97.73723003313043
 0.810000 97.7231961721639
 0.820000 97.69444013036883
 0.830000 97.62059917322924
 0.840000 97.53875763186754
 0.850000 97.08014354721539
 0.860000 96.98793274149362
 0.870000 96.81163290675329
 0.880000 96.44523121835083
 0.890000 96.14438283961337
 0.900000 95.87471877006843
 0.910000 95.80393174540806
 0.920000 95.70577968311196
 0.930000 95.67185573515509
 0.940000 95.4952909805162
 0.950000 95.47148660776803
 0.960000 95.3586517942289
 0.970000 95.36283069603013
 0.980000 95.39549559951611
 0.990000 98.67523349897388
 1.000000 98.8366554071603
 1.010000 98.93036731800927
 1.020000 98.98931478580475
 1.030000 99.08958064328723
 1.040000 99.18212114370324
 1.050000 105.50684133579641
 1.060000 105.49398420976301
 1.070000 105.48680123902142
 1.080000 105.4736648063546
 1.090000 105.45111104565883
 1.100000 105.43122656537223
 1.110000 105.44302687725973
 1.120000 105.49879229653098
 1.130000 105.60265423072052
 1.140000 105.61340433723056
 1.150000 105.64307972603848
 1.160000 105.67210208224822
 1.170000 105.72142025678885
 1.180000 105.81441806177786
 1.190000 105.94659118413664
 1.200000 106.1231541092049
 1.210000 106.31789639436575
 1.220000 106.67146774142715
 1.230000 106.87715157855436
 1.240000 107.06445494554073
 1.250000 107.12509582401758
 1.260000 107.14649703526283
 1.270000 107.12028777224353
 1.280000 107.06297667152941
 1.290000 106.88972360607103
 1.300000 106.75166287673423
 1.310000 106.47925452722549
 1.320000 106.14796060875089
 1.330000 102.84359989415267
 1.340000 102.8566673629816
 1.350000 102.64562814116249
 1.360000 102.63145737558725
 1.370000 102.6432364840286
 1.380000 102.6482015994657
 1.390000 102.6165185092536
 1.400000 102.60611030287676
 1.410000 96.16156536410385
 1.420000 96.24507065445084
 1.430000 96.30511549800178
 1.440000 96.30871719665804
 1.450000 96.15336613161574
 1.460000 96.058227085546
 1.470000 96.039758442903
 1.480000 95.86237599978931
 1.490000 95.83442570999229
 1.500000 95.75263991093605
 1.510000 95.52492805532226
 1.520000 95.43296736114945
 1.530000 95.27175218322294
 1.540000 95.13722989183404
 1.550000 94.9479561282241
 1.560000 94.50600564002882
 1.570000 94.2910195866803
 1.580000 94.16604431302619
 1.590000 93.85877415705636
 1.600000 93.84135994320296
 1.610000 93.56499427459495
 1.620000 93.53159611109288
 1.630000 93.5050665902315
 1.640000 93.53071753811723
 1.650000 93.65262768330774
 1.660000 93.89391855827694
 1.670000 94.10760324019107
 1.680000 94.15048062978563
 1.690000 94.20517098823116
 1.700000 94.2748644285125
 1.710000 94.30461689810406
 1.720000 94.35225796828196
 1.730000 94.77259043258628
 1.740000 94.96536036145505
 1.750000 95.20138421188058
 1.760000 95.3770328199338
 1.770000 95.78567190628794
 1.780000 96.1807576719745
 1.790000 96.3829440773693
 1.800000 96.75775523960155
 1.810000 97.00307204563946
 1.820000 97.26591003011758
 1.830000 97.50231449541315
 1.840000 97.66396105558478
 1.850000 97.77248149773912
 1.860000 97.76433666122328
 1.870000 97.84181927294809
 1.880000 97.7807712112839
 1.890000 97.65889766733393
 1.900000 97.57505942890022
 1.910000 97.27932912950071
 1.920000 97.11228288931277
 1.930000 96.83444555407956
 1.940000 96.51025337449622
 1.950000 96.4321232713539
 1.960000 96.02100610291826
 1.970000 95.54045853944255
 1.980000 95.31205723146633
 1.990000 95.29307280870987
 2.000000 95.15156757092856
 2.010000 95.08863809362626
 2.020000 95.10104127459749
 2.030000 95.11940781336705
 2.040000 95.35844560919695
 2.050000 95.43115069879352
 2.060000 96.0648678606895
 2.070000 97.00340965592167
 2.080000 97.18903166272788
 2.090000 97.41000538536643
 2.100000 101.21612598446082
 2.110000 101.29251543287633
 2.120000 101.67794784957651
 2.130000 101.72119884790585
 2.140000 101.74258463280877
