0.0 2.14 1.0
Linear 1 explicit
 0.000000 91.85
 0.010000 91.83263957125122
 0.020000 92.34651955653463
 0.030000 92.53454577577122
 0.040000 92.7143934935721
 0.050000 92.98922701382209
 0.060000 93.04074725932755
 0.070000 93.18387348211519
 0.080000 93.4432875793043
 0.090000 93.50582019754208
 0.100000 93.66847872110954
 0.110000 95.62860477727847
 0.120000 95.39096669111359
 0.130000 95.3866910333858
 0.140000 95.54018121095562
 0.150000 95.4811802180316
 0.160000 95.36991831989262
 0.170000 95.29647859154421
 0.180000 95.28106943170225
 0.190000 95.26122413104977
 0.200000 95.29401916703227
 0.210000 95.35506604833436
 0.220000 95.29971121057517
 0.230000 95.19336073170714
 0.240000 95.08093836242249
 0.250000 95.03142372523266
 0.260000 94.95910009998646
 0.270000 94.93012093230534
 0.280000 95.08150614669351
 0.290000 95.12929441912878
 0.300000 95.43165538711166
 0.310000 95.52682691666452
 0.320000 95.6287260479273
 0.330000 96.06476370707787
 0.340000 96.2155024931343
 0.350000 96.34204321173002
 0.360000 96.52438411290531
 0.370000 96.77285336840708
 0.380000 96.80846492550975
 0.390000 97.06131177352113
 0.400000 100.3652733722825
 0.410000 100.36438754723835
 0.420000 100.39904569950956
 0.430000 100.4676492360417
 0.440000 100.58068262332768
 0.450000 100.61238192448917
 0.460000 101.21360852614457
 0.470000 101.27864706184809
 0.480000 101.41784062075327
 0.490000 101.46932793052588
 0.500000 101.4761701038735
 0.510000 101.4271476622862
 0.520000 101.34604280506525
 0.530000 101.213621391796
 0.540000 101.08781347226768
 0.550000 100.84127689961625
 0.560000 100.69463944765684
 0.570000 100.55893076543408
 0.580000 100.43797784224272
 0.590000 100.40502408002594
 0.600000 100.26264504512153
 0.610000 100.22260057549992
 0.620000 100.18690210904336
 0.630000 100.12754924633398
 0.640000 100.07357819851576
 0.650000 100.07044352323715
 0.660000 100.13051681129762
 0.670000 99.00628918283022
 0.680000 99.06936426352466
 0.690000 99.29670312471443
 0.700000 99.38594076901035
 0.710000 99.57951611187373
 0.720000 99.63440457500435
 0.730000 99.63770458354276
 0.740000 99.4518108900175
 0.750000 99.32886473295169
 0.760000 99.00597477190507
 0.770000 98.836797374864
 0.780000 98.69669962707013
 0.790000 98.49310121378694
 0.800000 98.1660612709886
 0.810000 98.12533559404619
 0.820000 98.11295427709041
 0.830000 97.92021690080743
 0.840000 97.66272427100517
 0.850000 104.6781883973077
 0.860000 104.46425947328008
 0.870000 104.03094462295984
 0.880000 103.10052341079937
 0.890000 102.59838134749097
 0.900000 102.22270900463988
 0.910000 102.13472235664801
 0.920000 95.36770626485664
 0.930000 95.3801483932611
 0.940000 95.28312140294626
 0.950000 95.25640573929994
 0.960000 94.88320142120304
 0.970000 94.8346419758027
 0.980000 94.53376427055815
 0.990000 89.22923978778287
 1.000000 89.55426954123712
 1.010000 89.77763898204398
 1.020000 89.98911244842196
 1.030000 90.21177686879926
 1.040000 90.36803539986161
 1.050000 89.85775675147352
 1.060000 90.08324496913275
 1.070000 90.27581949304238
 1.080000 90.359490719435
 1.090000 90.46105789175459
 1.100000 90.57550608577097
 1.110000 90.8146328034385
 1.120000 90.91519465058056
 1.130000 91.0887271398664
 1.140000 91.12855486299644
 1.150000 91.23140729853752
 1.160000 91.36581335377625
 1.170000 91.51777970291533
 1.180000 91.72334938022469
 1.190000 91.92111798774334
 1.200000 92.07226662513439
 1.210000 92.15616855970109
 1.220000 92.33510113909998
 1.230000 92.37803558821778
 1.240000 92.41496376863074
 1.250000 92.38179133638461
 1.260000 92.41627924282041
 1.270000 92.40103489998837
 1.280000 92.46616042333386
 1.290000 92.79431828075613
 1.300000 93.14558423642895
 1.310000 93.88385614261205
 1.320000 94.76455679881612
 1.330000 100.1339371872593
 1.340000 100.18365512999513
 1.350000 100.95241318856276
 1.360000 101.03269637501296
 1.370000 101.43106461962068
 1.380000 101.74203554632172
 1.390000 101.92321798737524
 1.400000 101.93717506108446
 1.410000 105.41921741675758
 1.420000 105.40517476195289
 1.430000 105.36797949675544
 1.440000 105.33196344660918
 1.450000 105.17558002979621
 1.460000 105.21704489445645
 1.470000 105.22542199942616
 1.480000 105.33584828797255
 1.490000 105.33526074389009
 1.500000 105.31624750515486
 1.510000 105.35673802996544
 1.520000 105.36443947307441
 1.530000 105.33546022473298
 1.540000 105.26151097606878
 1.550000 105.1305603216896
 1.560000 104.86843457564218
 1.570000 104.72105734293105
 1.580000 104.59875388747952
 1.590000 104.28717437716098
 1.600000 104.26622473873876
 1.610000 103.92138504671186
 1.620000 103.85287029722608
 1.630000 103.79553483524445
 1.640000 103.75959012862944
 1.650000 103.79296864031073
 1.660000 103.9574438306185
 1.670000 104.09085957983893
 1.680000 104.11638469088707
 1.690000 104.14164336191648
 1.700000 104.17208515352277
 1.710000 104.2226097212109
 1.720000 104.31558903503958
 1.730000 104.4316806795881
 1.740000 104.48436792831859
 1.750000 104.5735126186888
 1.760000 104.63405298864669
 1.770000 104.67247848412991
 1.780000 104.60238607221149
 1.790000 104.5552194098981
 1.800000 104.46605418718974
 1.810000 104.43420275513192
 1.820000 104.35541414436737
 1.830000 104.19841832860479
 1.840000 104.06672069268659
 1.850000 104.05925424443886
 1.860000 104.25514002167381
 1.870000 112.23703027231
 1.880000 112.14548760632145
 1.890000 111.86444207177298
 1.900000 111.67304117430699
 1.910000 110.99883451147117
 1.920000 110.66521716718893
 1.930000 109.84831191694585
 1.940000 104.58737714703797
 1.950000 104.58487054679091
 1.960000 104.39762647130703
 1.970000 99.7659594780395
 1.980000 99.6419843241275
 1.990000 96.56416462787031
 2.000000 96.5765126295248
 2.010000 96.51909038556042
 2.020000 96.41537907589382
 2.030000 96.41264053537022
 2.040000 96.33127911107907
 2.050000 96.41690344728836
 2.060000 96.00035026946968
 2.070000 94.68830770996331
 2.080000 94.61173888076529
 2.090000 94.50932468634542
 2.100000 91.5974629184174
 2.110000 91.77645068088233
 2.120000 91.88070747397781
 2.130000 91.90672616943776
 2.140000 91.93591333497277
