0.0 1.15 1.0
Linear 4 explicit
 0.000000 -0.21541999814441637 0.9610973599233965 -0.17287593571037238 71.19885428206992
 0.010000 -0.22969391980643614 0.9544272400809903 -0.19055011570539124 72.37187946552515
 0.020000 -0.2534258896134195 0.9409098890941084 -0.22464171268613362 74.14770481752753
 0.030000 -0.27620052609558565 0.9263487416177976 -0.256107942648495 75.82474886597986
 0.040000 -0.29857028475023145 0.9093310006879947 -0.2897808072525439 77.70284690444886
 0.050000 -0.31300801901411357 0.8971402439309306 -0.31171359090102374 79.5586975401024
 0.060000 -0.3461864204321801 0.8631046009735986 -0.3677028828912807 82.30897561109389
 0.070000 -0.3713940040350611 0.8323546065959809 -0.41140284715258674 85.01396567180866
 0.080000 -0.391011518101298 0.8069271161697529 -0.4426947276646567 87.18804810717016
 0.090000 -0.410675070867164 0.7785206478955127 -0.4746067708836453 89.55563225050302
 0.100000 -0.42538757439855085 0.7561587028240375 -0.4972619306671146 91.48024248538611
 0.110000 -0.43369003949505297 0.7455763295922105 -0.5059929706968139 92.40240780192768
 0.120000 -0.43602454952856395 0.7479876869046324 -0.5003968549536162 92.39530697510797
 0.130000 -0.4366289734066514 0.7519191303739747 -0.4939359887267776 92.02290910730251
 0.140000 -0.43523742281173633 0.7558139043582474 -0.4891970234608341 92.0073032522542
 0.150000 -0.428901378717392 0.7673136977789157 -0.4767318916699062 91.6417136754844
 0.160000 -0.4220451967798533 0.7784541143971532 -0.4646364639728558 91.31392005392064
 0.170000 -0.4186036449249357 0.783079571678409 -0.4599536638353017 91.33142662232497
 0.180000 -0.4023968295263472 0.8058019686834476 -0.43446516414210234 90.23040883629842
 0.190000 -0.38865187232701554 0.8219484415076221 -0.4163537938339173 89.722082079273
 0.200000 -0.37240216877305593 0.839981814360758 -0.39464816765865435 88.98010386146049
 0.210000 -0.3593532909094387 0.8529564488679777 -0.37859015920528805 88.32684723162998
 0.220000 -0.33783258596746896 0.8732358305006614 -0.3511813323460583 87.73353252396562
 0.230000 -0.31706619437157746 0.8909157965912384 -0.32517391004034174 87.05688354620074
 0.240000 -0.29529715371128684 0.907652673291874 -0.2982720497735703 86.36658515928221
 0.250000 -0.27246522660083766 0.9233263230997489 -0.2706126408068407 85.74162503264071
 0.260000 -0.24842092957298187 0.9377032249653454 -0.2428985459810051 85.18469128906082
 0.270000 -0.22326522985489217 0.9509873075900063 -0.21395274698061917 84.55190889961469
 0.280000 -0.2000428582083153 0.9613822771177578 -0.1890157986088001 84.16744799486963
 0.290000 -0.1707187385120443 0.9727881885690111 -0.1566469039000723 83.4885548546955
 0.300000 -0.1422157167353545 0.9819883892313218 -0.12439249707407425 82.9935838520679
 0.310000 -0.11372479270630041 0.9889314796559687 -0.09529533078469998 82.5958432366345
 0.320000 -0.08455257405444772 0.9941501786901413 -0.06720330669786301 82.32123366083152
 0.330000 -0.05405246539750242 0.997834261255111 -0.0374849042938446 82.01389215574727
 0.340000 -0.022213631518353764 0.9997271948712976 -0.007217368601740399 81.47582026989477
 0.350000 0.007434919660315236 0.999790662159768 0.019061842192644906 80.91908348802232
 0.360000 0.036460440369735767 0.9984445647820976 0.042179228835203954 79.48037329714802
 0.370000 0.07147354457390528 0.994760208809993 0.07310033785380939 78.55819555963983
 0.380000 0.10017738137442762 0.9907958833553684 0.09103850716602142 76.40513277222304
 0.390000 0.13302766968242025 0.9846167546340888 0.11328497514101009 74.42785832318651
 0.400000 0.16551556412804302 0.9770030062423352 0.13442367285867213 72.54258316349323
 0.410000 0.1968290346878718 0.9689273282782248 0.14979373691667355 70.42573623086355
 0.420000 0.22705742139366433 0.9596300448125075 0.16599730263834075 68.98413805290251
 0.430000 0.2504874486906033 0.9524185481739759 0.17365179855863397 67.9310558808259
 0.440000 0.2732648366549167 0.9426760460402328 0.19154164369638935 68.03026934338152
 0.450000 0.2853346748345251 0.9379328096556135 0.19714504282026102 68.58362416551029
 0.460000 0.29598786693396345 0.9324836931279527 0.2070394761351962 69.32422430501252
 0.470000 0.30352479008950134 0.9288899841990493 0.21221710358925838 69.47023409906167
 0.480000 0.30124161762958723 0.9307965064616539 0.20705398176970624 69.73896267867028
 0.490000 0.29294353332263073 0.93613352351692 0.19452021085802074 69.68249502738583
 0.500000 0.278950707742586 0.9438101450827281 0.1772255982888193 69.7662753956688
 0.510000 0.2606410945778855 0.9538049319466011 0.14940673214946243 69.15792403714607
 0.520000 0.22758447808666854 0.9697249993039299 0.08853660858092464 68.31767869359962
 0.530000 0.1995936313425446 0.9791162849916417 0.03864819260538013 68.21340417059591
 0.540000 0.18602248826323609 0.9822728667518689 0.02314409435297402 68.58233545879723
 0.550000 0.15201698493318858 0.9883051916091337 -0.011986848220296933 70.50261109511851
 0.560000 0.13658227324830716 0.9904172906450027 -0.020466387706114853 71.13234980000637
 0.570000 0.11704912077734682 0.992372297913526 -0.03868753880874415 71.51888299674702
 0.580000 0.1100592530028294 0.9935475758436536 -0.027389329375845085 72.38389379162159
 0.590000 0.10061329151065118 0.9944646111195724 -0.03028370522558784 72.70678835500524
 0.600000 0.09073369170865368 0.9952341442070578 -0.03572667621489725 72.73457730055561
 0.610000 0.08727187128522251 0.9957028649980664 -0.030974588246143235 72.60256393417133
 0.620000 0.0783920947258626 0.9962688094764233 -0.036099013129470565 72.54584013470506
 0.630000 0.07227974355829632 0.9966484959844751 -0.038306841726123975 72.2347988374962
 0.640000 0.06749747362099741 0.9969980883661872 -0.03793287293300043 71.8361629285574
 0.650000 0.06186795673655696 0.9973413386584978 -0.038504676756454026 71.54185034936482
 0.660000 0.05628710254625852 0.9976763645269816 -0.038387937573831854 71.2531348003334
 0.670000 0.04959205547300654 0.9978583617009757 -0.042653464307214534 70.73797306439239
 0.680000 0.04797595395627053 0.9983384841209546 -0.03191518392646727 71.05261485985338
 0.690000 0.043671017825965504 0.9985605001088185 -0.031141127540129276 71.23447396320948
 0.700000 0.03887760496198252 0.9988010244454575 -0.029749712588941483 70.88367558491049
 0.710000 0.03499177355876574 0.9990066554446709 -0.027591269642127207 70.68489570060595
 0.720000 0.0316986554257109 0.9991652438516907 -0.02576840551903616 70.70406598381693
 0.730000 0.025417627865347233 0.999300852431763 -0.027418069276491677 70.35354498109793
 0.740000 0.021753811003921 0.9994647462258758 -0.024433435256863173 70.14691700342352
 0.750000 0.0192241048841405 0.9995711908330143 -0.022087739768328753 70.25619507255944
 0.760000 0.01405406548155442 0.9996484469745504 -0.022482564462486674 70.11097183740212
 0.770000 0.008242687285115452 0.9996663334772251 -0.02448019237099875 69.82652126415223
 0.780000 0.006421471511306722 0.9997870114527441 -0.01961367976745061 69.97622824738961
 0.790000 0.004775413321314039 0.9998545529150609 -0.01637279580995424 70.00873733224584
 0.800000 -7.412292384476122E-4 0.9998290265839659 -0.018476151638678447 69.82706453903184
 0.810000 -0.006136364735924562 0.9997722355774872 -0.020440694612001375 69.72102129282199
 0.820000 -0.003966395231385824 0.9999094976603671 -0.012855512337552593 69.86816195043036
 0.830000 -0.0076508447180623565 0.999889901573328 -0.012714138066753538 69.89086010478137
 0.840000 -0.014124233037172708 0.9997706491747953 -0.016098294621485133 69.7512567375829
 0.850000 -0.02081981708625394 0.9995866174896972 -0.019827489805836415 69.74941636921557
 0.860000 -0.018700588169167157 0.9997873033364856 -0.008696901131170533 69.44805470413311
 0.870000 -0.02639677909611182 0.9995490071348152 -0.014317555278615458 69.50958988566762
 0.880000 -0.03011792270699231 0.999468773615103 -0.012453164262045126 69.09421167455068
 0.890000 -0.03404678791699308 0.9993424399325632 -0.012470123582642845 69.1156249403802
 0.900000 -0.041532859017295205 0.9989911461761571 -0.017079563328647976 69.10337789003405
 0.910000 -0.04992529427523627 0.9984851207933383 -0.023128522344577487 69.2257359348551
 0.920000 -0.05688376603619982 0.998055269034088 -0.025493472004278067 68.96259104025403
 0.930000 -0.06233325917005495 0.9977258683748684 -0.025644811889606763 68.68783943276661
 0.940000 -0.0713992620056711 0.9969367475512236 -0.031925957574258555 68.84177283629091
 0.950000 -0.0815087404096996 0.9959057921971421 -0.03908936306729779 69.03360734299386
 0.960000 -0.09111241426468432 0.9949336475305093 -0.042491940159245845 69.14873077290859
 0.970000 -0.10343680054482424 0.993320216788372 -0.05114464989177162 69.36694160836531
 0.980000 -0.11576978499253174 0.991407105939205 -0.06090408176824382 69.72740413128156
 0.990000 -0.12857287176967325 0.989149583650748 -0.07107825130411609 70.09772614176919
 1.000000 -0.14380803942194192 0.9860211688070539 -0.08415166345348365 70.58762800526925
 1.010000 -0.15848404175263173 0.9824118264442877 -0.09874113515728328 71.2033328331074
 1.020000 -0.17469694697181004 0.9777158663974498 -0.11641589802691421 71.89460563575302
 1.030000 -0.18893105359431794 0.9733393183769569 -0.13006009491470466 72.50289844678167
 1.040000 -0.20684432793889565 0.9659296304721584 -0.1555486193298617 73.76576507035243
 1.050000 -0.22082650646905955 0.9607010477539235 -0.16819378967483936 74.37487334990337
 1.060000 -0.2414802820819086 0.9501191884087562 -0.19738490616845103 75.84981807274262
 1.070000 -0.2609804732480152 0.9400295964847731 -0.21962137946000718 77.01990373297502
 1.080000 -0.28002450409362845 0.9280581123012465 -0.24554921563500126 78.63690640961188
 1.090000 -0.3035397500634452 0.9112611275430119 -0.2783285424825487 80.3898557726037
 1.100000 -0.3176760952314751 0.8996477998100741 -0.29952584999524745 82.15173366947694
 1.110000 -0.3520810737364139 0.8661263326934522 -0.3547732985042775 85.18923770023473
 1.120000 -0.37587938345330846 0.8402663150860352 -0.39072651410736936 87.21749867539904
 1.130000 -0.39121101498141303 0.8221145157537758 -0.41362019383021814 89.15738937397374
 1.140000 -0.41484405339647423 0.788440374752968 -0.4541653738683549 92.13543600234951
 1.150000 -0.4285588596785149 0.7685737842689798 -0.4750069914490844 94.2469297399104
