0.0 1.15 1.0
Linear 4 explicit
 0.000000 -0.28504989774887635 0.9013208552249345 -0.3261399572728672 76.28166699145365
 0.010000 -0.2964471875793575 0.893607270242176 -0.33702390352409095 77.50845536379451
 0.020000 -0.30917317944757877 0.885374020500569 -0.3471668027518376 78.80253793316473
 0.030000 -0.3222106095415223 0.8764054193615683 -0.3579020313054317 79.98987725672764
 0.040000 -0.33404183896945544 0.8674123666407993 -0.36879782539558426 81.20003606719034
 0.050000 -0.34394746522189423 0.8586139228805423 -0.3801082380100703 82.7956145665628
 0.060000 -0.35716576490185037 0.8474438380975983 -0.39277418149935445 83.63396712597311
 0.070000 -0.3689511392596589 0.8362397468856553 -0.40568231729718635 84.68107714719622
 0.080000 -0.3814843065504216 0.8235731353249793 -0.4197582811889806 85.74569613768539
 0.090000 -0.39438915937542407 0.8100032098513903 -0.43399538130905374 86.79102286275086
 0.100000 -0.4058171772190573 0.7972151528454772 -0.4469456552507459 87.83245638981217
 0.110000 -0.4155776235087971 0.7855796257241624 -0.45843199112394567 88.8274190028782
 0.120000 -0.42358245600162037 0.7758148612668817 -0.4676421751778645 89.9102361177465
 0.130000 -0.4294320139430406 0.7681693776295038 -0.47487256466669553 90.57507178189752
 0.140000 -0.43131677275288316 0.7645906036966034 -0.4789228020056065 91.22436014965439
 0.150000 -0.43000734722989076 0.7649400087369301 -0.47954193180769644 91.85326936177258
 0.160000 -0.42759203945619706 0.7670713563309638 -0.4782954966234425 92.32747122072625
 0.170000 -0.4252026662390665 0.7698870120294472 -0.47589566223234125 92.50664494022205
 0.180000 -0.4176431511710652 0.7779006898280331 -0.4695154044810169 92.70555000248632
 0.190000 -0.40955937800926034 0.7864391931630579 -0.4623575578940031 92.87292107022381
 0.200000 -0.40020718601207217 0.796442800218714 -0.45333549854834043 92.84149972562075
 0.210000 -0.3909058945593611 0.8065966824390667 -0.44338964069657405 92.43584336095603
 0.220000 -0.37756899086321677 0.8207227274702781 -0.42878416686286336 92.4031688522802
 0.230000 -0.36436845964150805 0.8341311946490526 -0.41407822417004625 92.12667351899324
 0.240000 -0.3500837415832801 0.8480673445279933 -0.39777274042383703 91.719096057641
 0.250000 -0.33446433642863815 0.862563305411214 -0.3796289659857788 91.25251345819078
 0.260000 -0.3174397599159507 0.8770318071654739 -0.3606205873831477 90.76946707720612
 0.270000 -0.29939180439835117 0.8913059179329517 -0.340497148470876 90.15307947291626
 0.280000 -0.2799265942597417 0.9056022071774579 -0.31863104710849915 89.5374689311164
 0.290000 -0.2584021871034294 0.9196068314158196 -0.29589117140178556 88.80470905075262
 0.300000 -0.23690588765729811 0.9327485697640272 -0.2717640631070805 88.16021969487085
 0.310000 -0.21200044215941077 0.9459413888887053 -0.24546018274156325 87.42280795574355
 0.320000 -0.18479604154876678 0.9583751767420605 -0.21764062955369928 86.73972121829414
 0.330000 -0.1561746902783688 0.9695851844920027 -0.18845168115478458 86.01969003330586
 0.340000 -0.1263540034114489 0.979013725544329 -0.15989618825260557 85.09784681966605
 0.350000 -0.09500917482378421 0.9868831807304068 -0.13051760145949268 84.07896421261488
 0.360000 -0.06190477392347202 0.9926894393536513 -0.10361214195844642 82.19366323718143
 0.370000 -0.026916592341234096 0.9969221240356323 -0.07363270784793292 80.89162796887517
 0.380000 0.010517270076248884 0.9988285654804735 -0.04723223274801289 78.29987339489189
 0.390000 0.04918970517930524 0.9985835842476432 -0.020278021982016153 75.96192963658524
 0.400000 0.08826755782511395 0.9960718765561288 0.007046628239257204 73.74310363334867
 0.410000 0.12978222725385183 0.9909446864097049 0.03442676234270704 71.30924897522448
 0.420000 0.16890418802124302 0.9836462133593658 0.06254200358691685 69.60316290857695
 0.430000 0.20401899674157067 0.974941457413196 0.08868711059447297 68.3356415459906
 0.440000 0.23015148389037113 0.9666663886756616 0.11218907017983147 68.2942442663466
 0.450000 0.24938223702988596 0.959458431040319 0.13133171345725678 68.74709555521481
 0.460000 0.26185878965214626 0.954127903015195 0.14515481035687253 69.42570917290861
 0.470000 0.269609631607744 0.9511048902761845 0.15069881962730697 69.54735572373814
 0.480000 0.26774428765430613 0.9522448109617787 0.14677471316563526 69.83613974263054
 0.490000 0.260174283113565 0.9559605676081092 0.13582612261536411 69.82945255369444
 0.500000 0.24647939476389033 0.9617371675997953 0.11962244109676656 69.98284858360202
 0.510000 0.23191860105079254 0.9677562936876659 0.09829302373289535 69.44077933982524
 0.520000 0.22168145288770547 0.9719979077091677 0.07795768630863961 68.40633534334744
 0.530000 0.21548901904539924 0.9741975724884744 0.06710866135168629 67.91443708897843
 0.540000 0.2052171880593742 0.9770417514531442 0.05723042584478712 68.192179560553
 0.550000 0.1855563506427518 0.9815781332970616 0.04553250453467515 69.72951463408806
 0.560000 0.16253846302806135 0.9864224674928077 0.023493906909586287 70.48760928398993
 0.570000 0.14095983797122852 0.9900140417352703 0.0015878432288722745 70.86607574698027
 0.580000 0.11983024874602045 0.9927312158984303 -0.011200199386216567 72.11770792992289
 0.590000 0.10504062416236193 0.994202328931796 -0.02298252427767952 72.58229779279156
 0.600000 0.09177889529773973 0.9951987850850316 -0.0340001844583789 72.7041069575187
 0.610000 0.07925281992819626 0.9958716162792868 -0.04425736574526397 72.83902464472803
 0.620000 0.06806943582148847 0.9962580068518344 -0.05325913715555985 72.85968304459092
 0.630000 0.05841206159339715 0.9963938906684303 -0.061540602036681664 72.66626206535634
 0.640000 0.04945656763650176 0.9964285525226723 -0.06844112532088 72.40574022700164
 0.650000 0.04084505299747018 0.9963964606582069 -0.07433555564756567 72.21509260768339
 0.660000 0.0320873179515723 0.9962814941335636 -0.07995991791934721 72.03761898888952
 0.670000 0.024327833739849 0.995944382768881 -0.08661952976459181 71.57726059608143
 0.680000 0.014101675139046123 0.9957932837631153 -0.09053661563447461 72.16030358120415
 0.690000 0.00678399789354688 0.995467435145066 -0.09486075552241867 72.44894857057898
 0.700000 -0.0010325664392045542 0.9950537979430014 -0.09933213480922039 72.20756390959029
 0.710000 -0.008002533024390836 0.9946499444353744 -0.10299246331601247 72.116421744866
 0.720000 -0.014153577164222535 0.9942356363833423 -0.10627876363068342 72.23535029081523
 0.730000 -0.02124563343307305 0.9936828613868487 -0.11019525419033478 71.9322828797066
 0.740000 -0.02803089591923474 0.993166000222103 -0.113294151997332 71.83288637408722
 0.750000 -0.03345283072354383 0.9926824923327419 -0.11602748610841238 72.04101916144823
 0.760000 -0.039913651556908014 0.9920585019302655 -0.11927627244037788 71.95487407141395
 0.770000 -0.046182465881695646 0.9913346172090974 -0.12297502416335697 71.71092151311689
 0.780000 -0.052300603400311146 0.9906917724192521 -0.1256760078326975 71.99930869317102
 0.790000 -0.05755161762968295 0.98997545566494 -0.12898220221876008 72.15652727635914
 0.800000 -0.0637192332066662 0.989059903129403 -0.13304272750214743 72.02806342248297
 0.810000 -0.07022260586864429 0.9879893288657301 -0.13764400340175142 71.9939266164974
 0.820000 -0.07527981830466679 0.9868932717439872 -0.14273969014420898 72.38394445321885
 0.830000 -0.08162557156664771 0.9856608854381055 -0.14768170158752914 72.52829434489898
 0.840000 -0.08890777664778929 0.9841454265329007 -0.15347047496480068 72.4727141907823
 0.850000 -0.09653277808074631 0.9824679744107704 -0.15949326635695713 72.5635322528505
 0.860000 -0.10373300264804125 0.9805842309212236 -0.16641523436949437 72.58819295796653
 0.870000 -0.1117304585397604 0.9785339399782697 -0.17316937646448644 72.745392394783
 0.880000 -0.12049595729005363 0.9757659047933346 -0.18265164472185483 72.58711942317224
 0.890000 -0.1281577351447489 0.9733564602556044 -0.19013888660988945 72.81396069690975
 0.900000 -0.13630200266746925 0.9708842006870625 -0.19699145393920245 72.9211988698391
 0.910000 -0.14493156861258077 0.9681551386772193 -0.20413345603401523 73.16055777148114
 0.920000 -0.15337151963307435 0.9652972047045403 -0.211372854347578 73.04920052237328
 0.930000 -0.16224987952051653 0.9618705168883263 -0.22018193689892465 73.01158848492258
 0.940000 -0.17099953597356185 0.9588503402196039 -0.22663888403708743 73.26813738866107
 0.950000 -0.18045906366090372 0.9554918023320037 -0.23338796459751127 73.56008575974549
 0.960000 -0.19112811561001436 0.9517525090455082 -0.24007749779799167 73.82712969926239
 0.970000 -0.20210210002226256 0.9476163625717087 -0.24734180914870657 74.1385111165548
 0.980000 -0.21305958730376393 0.9431349146159701 -0.25515122004465635 74.60371641858717
 0.990000 -0.22422485637691836 0.9383816023776467 -0.2629889391246531 75.07122158165497
 1.000000 -0.23619137891406786 0.9332982294220935 -0.2704959287757517 75.59434402286733
 1.010000 -0.2474409520830756 0.9279465637252288 -0.2787259408500777 76.2447108955984
 1.020000 -0.2585250613099986 0.9224664091213725 -0.2867412016390075 76.8881755692135
 1.030000 -0.27026144734948077 0.9161143775660509 -0.29613037212236615 77.57414792052901
 1.040000 -0.2799779539664927 0.9104679247055798 -0.3044018780741194 78.61259486929544
 1.050000 -0.2920026016400829 0.903378623540318 -0.31407251259195434 79.30961255898923
 1.060000 -0.3037266569698948 0.8956123783448883 -0.3250055162628852 80.49510857977242
 1.070000 -0.31652643325478474 0.8877324275864265 -0.3342785575871031 81.4279094620693
 1.080000 -0.32791303486823137 0.8797160384467196 -0.34434391712808826 82.69805777215986
 1.090000 -0.34072327738184977 0.8702504305213571 -0.35576935847197927 83.82447456000655
 1.100000 -0.3505784105397203 0.8613831187123829 -0.3675784281765896 85.37495851549939
 1.110000 -0.3636407590585407 0.8508641164588735 -0.37920397370543046 86.48321549158246
 1.120000 -0.3771632830149439 0.838385782968647 -0.3935189155065333 87.37789018741722
 1.130000 -0.38838125422803926 0.8265453473245241 -0.4074098552814316 88.77566581503228
 1.140000 -0.40032852392673635 0.8137357771071304 -0.4213919291900298 89.92072878259333
 1.150000 -0.4104093316879021 0.8022455140718766 -0.43355082241305926 91.26293825700873
