0.0 1.15 1.0
Linear 4 explicit
 0.000000 0.0530861543979613 0.9874861286639682 0.14850254512123542 110.84774993615142
 0.010000 0.04036379828943594 0.9895189765692195 0.13864688527714575 110.63532603002778
 0.020000 0.03325822150533244 0.9907076749160642 0.13187946604649425 110.9160186312408
 0.030000 0.030126682988150834 0.9916870043948232 0.1250970354826742 109.70321784397471
 0.040000 0.020981961328625308 0.9932572049156139 0.11401702584274984 108.66462457354085
 0.050000 0.005790504845275069 0.9950041876388632 0.09966512245897619 107.89130763864986
 0.060000 -0.0071475582426074845 0.9963059808943199 0.08557631007104391 106.48866985121538
 0.070000 -0.019134391740280084 0.9971738188572279 0.07265156597363868 105.8833419569938
 0.080000 -0.029025661181393696 0.9976617373163337 0.061875430406080976 105.52250436867901
 0.090000 -0.03872039112358766 0.9978522353233441 0.05283604613747888 105.30984731318622
 0.100000 -0.04522075700896496 0.997939914706049 0.04550834837719086 105.28963638938717
 0.110000 -0.050517658953523135 0.9979619409522816 0.03898628662248086 105.57111433266748
 0.120000 -0.054188870197301786 0.9979413097363498 0.03430318743847065 105.31906505093663
 0.130000 -0.058361343614561294 0.9978585510757112 0.02953414323432065 105.39331161030354
 0.140000 -0.06178931453248953 0.9978103826066481 0.023590696725185763 105.66736456435716
 0.150000 -0.06516154060386165 0.9977150864198543 0.01784880826145139 105.516912710103
 0.160000 -0.06831959761932496 0.9975857012320675 0.012457980512821995 105.4773579442358
 0.170000 -0.07209203314714248 0.9973722386090239 0.00716633858646289 106.18868953540718
 0.180000 -0.07486730609240275 0.9971917402411978 0.001876079208879792 105.39104346911314
 0.190000 -0.07604871331969763 0.9971011057352713 -0.0024450243183974517 105.49052036269676
 0.200000 -0.07666704344366522 0.9970390198717888 -0.005946200695397039 105.64489645433072
 0.210000 -0.07735841830679295 0.9969624511155909 -0.009030292501587975 106.04860074665089
 0.220000 -0.0783534633303211 0.9968432051577552 -0.012820261891150804 105.89599691206588
 0.230000 -0.07966730987121713 0.9966899443576798 -0.016194892842148503 105.83085862907672
 0.240000 -0.08085689672454185 0.9965386504725074 -0.019310110473799023 105.74506002211824
 0.250000 -0.08223525188964796 0.9963652012884433 -0.022220463723471057 105.58664098870545
 0.260000 -0.08374924074684388 0.9961603354460852 -0.025507856794920312 105.6479962677921
 0.270000 -0.08572459289304116 0.9959078553352336 -0.028615342998081345 105.69095648672076
 0.280000 -0.08916004700674186 0.995469887879595 -0.033018000283817746 106.09410018589428
 0.290000 -0.09093942483368041 0.9952074601811076 -0.03594624056543829 106.06290946285259
 0.300000 -0.09621346882609291 0.9945773286642658 -0.039482980175048574 106.21950157500652
 0.310000 -0.10059731140036227 0.9939459220511994 -0.0441778788174536 106.50580188428336
 0.320000 -0.10564488387915345 0.9931885082481956 -0.04915023493213571 106.86415991844275
 0.330000 -0.11065145065219141 0.9923604364200505 -0.054562081125748084 107.28641102692828
 0.340000 -0.11596227972108382 0.9914306942857309 -0.06014921537312547 107.4638458010089
 0.350000 -0.12120983943579818 0.9904250084122754 -0.06607932759564238 108.060694881592
 0.360000 -0.12737144237629067 0.989260280171122 -0.071698073493899 108.27987122181749
 0.370000 -0.13241907831371982 0.988127737666171 -0.07790225769051727 108.39079122018377
 0.380000 -0.13785125210460725 0.9868912373832299 -0.08392090245814464 108.55334027963212
 0.390000 -0.14272026450869954 0.9856235907514346 -0.09042711680030159 108.65367666186256
 0.400000 -0.1472745344111477 0.9843097859174615 -0.09718259546390345 108.6818110450524
 0.410000 -0.1528816893462185 0.9826968783041414 -0.1045659334293043 108.39182618355797
 0.420000 -0.15844405103477513 0.9809222006352873 -0.11263711196810126 108.18187864779418
 0.430000 -0.16355867181861355 0.9790856899040522 -0.12099492839800002 107.86399250830189
 0.440000 -0.1697671420092054 0.9768714640282722 -0.13000484706843224 107.63934731432259
 0.450000 -0.17622304185874246 0.9744096690622291 -0.1395393720642637 107.32237645911745
 0.460000 -0.18345992393410637 0.9716354877152953 -0.1492210954334278 107.15199388559182
 0.470000 -0.19126249714406396 0.9685782015166072 -0.15898089423912423 107.0263929070223
 0.480000 -0.20017863235875683 0.9649658112347057 -0.16961573716823508 106.79393748833455
 0.490000 -0.2095914788117195 0.9610270999598819 -0.18027291852137892 106.3819760846282
 0.500000 -0.21906320522806025 0.9567179529538687 -0.19157784478109072 106.22993161630106
 0.510000 -0.23050211932697975 0.9517065883071631 -0.20278891182337994 105.36799143905775
 0.520000 -0.24279225476732005 0.94586716858005 -0.2153769264042926 104.64296211092915
 0.530000 -0.25540096044209243 0.9392477157606257 -0.22931218424607008 103.8400758710696
 0.540000 -0.26894017241248697 0.9318644256285593 -0.2435156584507392 103.27488317584597
 0.550000 -0.2822852193358076 0.9239511635282283 -0.258126523936166 102.40978059460315
 0.560000 -0.2964658423133916 0.9151407129189475 -0.27317664596303215 101.87069523175535
 0.570000 -0.3118927414408085 0.9052155255842014 -0.28863085434141506 101.39799499657444
 0.580000 -0.3251679857836107 0.8959356716591544 -0.30259717987795137 101.27485397469876
 0.590000 -0.3392626566584326 0.885591986888941 -0.317218666782332 101.43695762216338
 0.600000 -0.35326718224146003 0.8746529394229398 -0.33194055719358895 102.07610771163009
 0.610000 -0.36637332295480085 0.863651256780322 -0.34623271781971693 102.6559435036443
 0.620000 -0.3780052027072884 0.8533351605619329 -0.35906986851441863 103.37350863299214
 0.630000 -0.38754641181261545 0.8444765189485305 -0.3696852548259652 104.13254671592018
 0.640000 -0.3953451922072877 0.837274688362834 -0.3777211606800735 104.8616287620287
 0.650000 -0.40071115805912094 0.8323533409438463 -0.3829079310050076 105.51575301760464
 0.660000 -0.4041541657720288 0.8293659549366331 -0.38576096624874096 105.87988727835622
 0.670000 -0.40560123738515147 0.8281653426559862 -0.38682011511182696 106.40615063243625
 0.680000 -0.40381428010821097 0.8301284984222661 -0.384474580808512 106.20712954643875
 0.690000 -0.39987885448036564 0.8334892918457506 -0.3813036875220849 106.3556541517134
 0.700000 -0.39534145486695943 0.8380630323369977 -0.37597272227356077 106.03635841871723
 0.710000 -0.38904051457503336 0.8439384367478626 -0.3693445451049292 105.66730083497002
 0.720000 -0.3797961489317822 0.8519803257269835 -0.36039479717489076 105.40048299955156
 0.730000 -0.37072842550929075 0.8600942755805188 -0.35042584327218923 104.84947896615897
 0.740000 -0.3598744931958788 0.8691385909505126 -0.3392468995695717 104.25544126605239
 0.750000 -0.3465994422373108 0.8793929882558531 -0.32639975313597575 103.81847382543981
 0.760000 -0.3333443481107144 0.8896526527771931 -0.3120892548441005 103.24790651661256
 0.770000 -0.32002257717738936 0.8991846668236672 -0.2984166299755305 102.7706998995793
 0.780000 -0.3037807530897554 0.9102839832380718 -0.2812477980579599 102.21576976775583
 0.790000 -0.2857222424997485 0.9218129277729272 -0.2619613069360035 101.86258574678357
 0.800000 -0.2670861558106553 0.93276863693123 -0.24209018016380102 101.41928487345106
 0.810000 -0.24743912598181683 0.9434267050250918 -0.22072591868390304 101.02524141835445
 0.820000 -0.22617771961102662 0.9536456902102063 -0.19850324101901975 100.95921227411328
 0.830000 -0.2034798154651058 0.9634519672021485 -0.17423051280587004 100.82699859311734
 0.840000 -0.1802599164593979 0.9722404949543499 -0.14918036897987494 100.61766658189002
 0.850000 -0.1557552622144892 0.9802014535792486 -0.12225141591664192 100.65596748793423
 0.860000 -0.13094588064512427 0.9867906181518139 -0.09538056547134631 101.08512965915806
 0.870000 -0.10564203411435748 0.9921046123161746 -0.06758845203992762 101.45561446869652
 0.880000 -0.07956130445306157 0.9960146246137058 -0.04030963147122485 102.08355895655299
 0.890000 -0.054000244094482015 0.9984671445964752 -0.012138154682563037 103.2798516094292
 0.900000 -0.028166463188454793 0.9994793420465743 0.015738334524344238 104.18450150471298
 0.910000 -0.003732958408727713 0.9990837703958426 0.0426343142685075 105.30736188922322
 0.920000 0.02030512048259769 0.9975156516208802 0.06745536934564814 106.34125437672652
 0.930000 0.04292171652814321 0.9949548649530784 0.09067823860485545 107.38509865495766
 0.940000 0.063162482889633 0.9916717551073578 0.11223916819679874 108.52550129860242
 0.950000 0.08122216739429335 0.9880128163911174 0.13127693693358955 109.48824292207254
 0.960000 0.10255720066251005 0.9835545368686841 0.14866907411192823 108.36581767948753
 0.970000 0.11677018944384103 0.9797905055950529 0.1624047043747201 108.26677923142519
 0.980000 0.12519350427548984 0.9770194752670904 0.1725095111466092 108.84080098546517
 0.990000 0.12979590893819723 0.9752782929697998 0.17884427104277226 109.15457443342957
 1.000000 0.13203699695873924 0.9743531635263517 0.18221455529212946 108.70182004686954
 1.010000 0.12608542674775564 0.9756336713132717 0.17955891668648252 109.12630578896263
 1.020000 0.11560837761688764 0.9781289318485424 0.17291181482368562 109.79316853705316
 1.030000 0.10485523979698733 0.9807931661452144 0.16446927959337018 109.37934181633591
 1.040000 0.08893248883689331 0.9842332731021002 0.1528917151058307 110.03348686631105
 1.050000 0.07685638971245194 0.9868233939369262 0.14238217774417516 109.59838291574705
 1.060000 0.0650685286828676 0.9890404049828555 0.13253363303854626 109.16699779732822
 1.070000 0.05991688379835001 0.9900451422458318 0.12736005398603412 109.33023973200082
 1.080000 0.06098356987133055 0.9903631996089933 0.12434523338667064 107.46342202240585
 1.090000 0.05428090179339873 0.9917348259652407 0.11625669300384095 105.97102570389765
 1.100000 0.03828215208581806 0.9940021904155307 0.102440823311828 105.44256083055724
 1.110000 0.023240696781313963 0.995775436850193 0.08883214158696352 104.49640208140434
 1.120000 0.010625434763250017 0.9970218533554153 0.0763840563718946 103.71076487763418
 1.130000 -0.001327149142963745 0.9978802170579104 0.06506389997233458 103.34908204460899
 1.140000 -0.01091615987700644 0.9984020973527493 0.05544447181794524 102.69124147703243
 1.150000 -0.01950141846310725 0.9987262071636769 0.04653662860997953 102.40905031035824
