0.0 1.15 1.0
Linear 4 explicit
 0.000000 -0.21541999814441637 0.9610973599233965 -0.17287593571037238 71.19885428206992
 0.010000 -0.22969391980643616 0.9544272400809903 -0.19055011570539127 72.37187946552515
 0.020000 -0.2534258896134195 0.9409098890941084 -0.22464171268613373 74.14770481752751
 0.030000 -0.2762005260955856 0.9263487416177976 -0.2561079426484949 75.82474886597987
 0.040000 -0.29857028475023145 0.9093310006879947 -0.2897808072525438 77.7028469044489
 0.050000 -0.31300801901411346 0.8971402439309306 -0.3117135909010237 79.5586975401024
 0.060000 -0.34618642043218006 0.8631046009735986 -0.36770288289128067 82.30897561109391
 0.070000 -0.3713940040350611 0.8323546065959809 -0.41140284715258674 85.01396567180866
 0.080000 -0.391011518101298 0.806927116169753 -0.44269472766465656 87.18804810717015
 0.090000 -0.41067507086716415 0.7785206478955128 -0.4746067708836453 89.55563225050302
 0.100000 -0.42538757439855085 0.7561587028240374 -0.4972619306671148 91.48024248538614
 0.110000 -0.43369003949505297 0.7455763295922104 -0.505992970696814 92.40240780192768
 0.120000 -0.43602454952856406 0.7479876869046322 -0.5003968549536164 92.39530697510793
 0.130000 -0.4366289734066513 0.7519191303739748 -0.4939359887267774 92.02290910730257
 0.140000 -0.43523742281173644 0.7558139043582474 -0.48919702346083405 92.00730325225423
 0.150000 -0.4289013787173918 0.7673136977789157 -0.4767318916699062 91.6417136754844
 0.160000 -0.42204519677985314 0.7784541143971533 -0.4646364639728557 91.3139200539207
 0.170000 -0.41860364492493585 0.783079571678409 -0.4599536638353016 91.33142662232498
 0.180000 -0.40239682952634725 0.8058019686834477 -0.43446516414210223 90.23040883629844
 0.190000 -0.3886518723270156 0.8219484415076223 -0.41635379383391724 89.72208207927298
 0.200000 -0.37240216877305593 0.8399818143607581 -0.3946481676586542 88.98010386146049
 0.210000 -0.3593532909094386 0.8529564488679777 -0.37859015920528805 88.32684723162998
 0.220000 -0.337832585967469 0.8732358305006614 -0.35118133234605825 87.7335325239656
 0.230000 -0.31706619437157724 0.8909157965912384 -0.3251739100403418 87.05688354620075
 0.240000 -0.2952971537112868 0.907652673291874 -0.2982720497735702 86.36658515928222
 0.250000 -0.2724652266008376 0.9233263230997489 -0.27061264080684083 85.74162503264068
 0.260000 -0.24842092957298187 0.9377032249653454 -0.24289854598100505 85.18469128906082
 0.270000 -0.2232652298548921 0.9509873075900063 -0.21395274698061906 84.5519088996147
 0.280000 -0.20004285820831516 0.9613822771177578 -0.18901579860880008 84.16744799486963
 0.290000 -0.17071873851204433 0.9727881885690111 -0.15664690390007227 83.4885548546955
 0.300000 -0.1422157167353545 0.9819883892313218 -0.12439249707407418 82.9935838520679
 0.310000 -0.1137247927063004 0.9889314796559687 -0.09529533078469996 82.59584323663448
 0.320000 -0.08455257405444774 0.9941501786901413 -0.06720330669786301 82.32123366083152
 0.330000 -0.054052465397502414 0.997834261255111 -0.03748490429384461 82.01389215574724
 0.340000 -0.022213631518353764 0.9997271948712976 -0.007217368601740394 81.47582026989473
 0.350000 0.007434919660315233 0.999790662159768 0.019061842192644913 80.9190834880223
 0.360000 0.03646044036973579 0.9984445647820976 0.04217922883520395 79.48037329714802
 0.370000 0.07147354457390526 0.9947602088099929 0.07310033785380937 78.55819555963983
 0.380000 0.10017738137442764 0.9907958833553684 0.0910385071660214 76.40513277222304
 0.390000 0.13302766968242025 0.9846167546340888 0.11328497514101006 74.42785832318654
 0.400000 0.16551556412804302 0.9770030062423352 0.13442367285867216 72.5425831634932
 0.410000 0.1968290346878718 0.9689273282782248 0.1497937369166736 70.42573623086355
 0.420000 0.22705742139366447 0.9596300448125075 0.16599730263834084 68.98413805290248
 0.430000 0.2504874486906033 0.9524185481739759 0.1736517985586339 67.93105588082592
 0.440000 0.2732648366549166 0.9426760460402328 0.1915416436963893 68.03026934338155
 0.450000 0.2853346748345252 0.9379328096556135 0.19714504282026105 68.58362416551029
 0.460000 0.29598786693396356 0.9324836931279528 0.20703947613519624 69.32422430501252
 0.470000 0.30352479008950134 0.9288899841990493 0.21221710358925838 69.47023409906167
 0.480000 0.3012416176295873 0.9307965064616538 0.2070539817697063 69.73896267867028
 0.490000 0.2929435333226308 0.93613352351692 0.1945202108580207 69.68249502738585
 0.500000 0.278950707742586 0.9438101450827281 0.1772255982888193 69.7662753956688
 0.510000 0.2606410945778856 0.9538049319466011 0.1494067321494626 69.15792403714606
 0.520000 0.22758447808666854 0.96972499930393 0.08853660858092469 68.31767869359965
 0.530000 0.19959363134254465 0.9791162849916417 0.03864819260538008 68.21340417059594
 0.540000 0.18602248826323614 0.9822728667518689 0.02314409435297399 68.58233545879723
 0.550000 0.15201698493318858 0.9883051916091337 -0.011986848220296935 70.50261109511851
 0.560000 0.13658227324830716 0.9904172906450027 -0.02046638770611487 71.13234980000637
 0.570000 0.11704912077734682 0.992372297913526 -0.03868753880874415 71.51888299674702
 0.580000 0.1100592530028294 0.9935475758436536 -0.027389329375845085 72.38389379162159
 0.590000 0.10061329151065118 0.9944646111195724 -0.030283705225587827 72.70678835500522
 0.600000 0.0907336917086537 0.9952341442070578 -0.035726676214897266 72.73457730055564
 0.610000 0.08727187128522254 0.9957028649980664 -0.03097458824614324 72.60256393417133
 0.620000 0.07839209472586262 0.9962688094764233 -0.03609901312947058 72.54584013470506
 0.630000 0.07227974355829628 0.9966484959844751 -0.03830684172612397 72.23479883749623
 0.640000 0.06749747362099741 0.9969980883661872 -0.03793287293300043 71.8361629285574
 0.650000 0.06186795673655695 0.9973413386584978 -0.03850467675645404 71.54185034936482
 0.660000 0.056287102546258516 0.9976763645269816 -0.03838793757383187 71.2531348003334
 0.670000 0.049592055473006554 0.9978583617009757 -0.04265346430721452 70.73797306439239
 0.680000 0.04797595395627054 0.9983384841209546 -0.031915183926467264 71.0526148598534
 0.690000 0.04367101782596551 0.9985605001088185 -0.031141127540129272 71.23447396320948
 0.700000 0.03887760496198249 0.9988010244454575 -0.02974971258894148 70.88367558491052
 0.710000 0.03499177355876574 0.9990066554446709 -0.027591269642127218 70.68489570060592
 0.720000 0.0316986554257109 0.9991652438516908 -0.02576840551903616 70.7040659838169
 0.730000 0.025417627865347233 0.999300852431763 -0.027418069276491677 70.35354498109793
 0.740000 0.021753811003921004 0.9994647462258758 -0.02443343525686317 70.14691700342354
 0.750000 0.0192241048841405 0.9995711908330143 -0.02208773976832875 70.25619507255941
 0.760000 0.014054065481554414 0.9996484469745504 -0.02248256446248667 70.11097183740212
 0.770000 0.008242687285115445 0.9996663334772251 -0.024480192370998743 69.82652126415226
 0.780000 0.006421471511306719 0.9997870114527441 -0.019613679767450605 69.97622824738961
 0.790000 0.004775413321314037 0.9998545529150609 -0.016372795809954238 70.00873733224587
 0.800000 -7.41229238447614E-4 0.9998290265839659 -0.018476151638678447 69.82706453903185
 0.810000 -0.006136364735924562 0.9997722355774872 -0.020440694612001375 69.72102129282203
 0.820000 -0.00396639523138582 0.9999094976603671 -0.012855512337552596 69.86816195043036
 0.830000 -0.007650844718062357 0.999889901573328 -0.012714138066753543 69.89086010478141
 0.840000 -0.014124233037172706 0.9997706491747953 -0.01609829462148513 69.75125673758292
 0.850000 -0.02081981708625393 0.9995866174896971 -0.019827489805836426 69.74941636921557
 0.860000 -0.018700588169167157 0.9997873033364856 -0.00869690113117053 69.4480547041331
 0.870000 -0.026396779096111815 0.9995490071348152 -0.014317555278615458 69.50958988566761
 0.880000 -0.03011792270699231 0.999468773615103 -0.012453164262045128 69.09421167455068
 0.890000 -0.03404678791699308 0.9993424399325632 -0.01247012358264284 69.1156249403802
 0.900000 -0.0415328590172952 0.9989911461761571 -0.017079563328647976 69.10337789003405
 0.910000 -0.049925294275236266 0.9984851207933383 -0.0231285223445775 69.22573593485507
 0.920000 -0.05688376603619982 0.998055269034088 -0.025493472004278053 68.96259104025403
 0.930000 -0.062333259170054944 0.9977258683748684 -0.025644811889606756 68.68783943276661
 0.940000 -0.07139926200567112 0.9969367475512236 -0.03192595757425857 68.84177283629091
 0.950000 -0.08150874040969962 0.9959057921971421 -0.03908936306729776 69.03360734299386
 0.960000 -0.09111241426468433 0.9949336475305093 -0.04249194015924585 69.14873077290862
 0.970000 -0.10343680054482424 0.993320216788372 -0.05114464989177165 69.36694160836534
 0.980000 -0.11576978499253177 0.991407105939205 -0.06090408176824388 69.72740413128156
 0.990000 -0.12857287176967327 0.989149583650748 -0.0710782513041161 70.09772614176919
 1.000000 -0.14380803942194192 0.9860211688070539 -0.0841516634534837 70.58762800526928
 1.010000 -0.15848404175263173 0.9824118264442877 -0.09874113515728326 71.2033328331074
 1.020000 -0.1746969469718099 0.9777158663974498 -0.11641589802691417 71.89460563575302
 1.030000 -0.18893105359431792 0.9733393183769569 -0.13006009491470463 72.50289844678167
 1.040000 -0.20684432793889562 0.9659296304721584 -0.15554861932986178 73.76576507035243
 1.050000 -0.22082650646905955 0.9607010477539235 -0.16819378967483936 74.37487334990337
 1.060000 -0.24148028208190858 0.9501191884087562 -0.19738490616845106 75.8498180727426
 1.070000 -0.26098047324801527 0.9400295964847732 -0.2196213794600071 77.01990373297504
 1.080000 -0.2800245040936284 0.9280581123012466 -0.24554921563500137 78.63690640961191
 1.090000 -0.30353975006344525 0.9112611275430118 -0.27832854248254874 80.3898557726037
 1.100000 -0.31767609523147516 0.8996477998100743 -0.2995258499952475 82.1517336694769
 1.110000 -0.35208107373641384 0.8661263326934523 -0.3547732985042774 85.18923770023476
 1.120000 -0.37587938345330857 0.8402663150860352 -0.39072651410736947 87.21749867539904
 1.130000 -0.3912110149814129 0.8221145157537759 -0.41362019383021814 89.15738937397374
 1.140000 -0.4148440533964742 0.788440374752968 -0.45416537386835504 92.13543600234955
 1.150000 -0.42855885967851504 0.7685737842689798 -0.4750069914490845 94.24692973991041
