0.0 1.15 1.0
Linear 4 explicit
 0.000000 0.12515162299229163 0.9742642977558115 0.187473063080462 113.74970684594895
 0.010000 0.10792060159328538 0.9786038744231179 0.17517876787957481 113.23676130510027
 0.020000 0.06028950565137999 0.987377886280717 0.14645847599963516 111.88091763711347
 0.030000 0.03745480680853574 0.9909162371241433 0.12915939164715776 109.95182931022578
 0.040000 0.017033702453831283 0.9935864852790968 0.11178438733314007 108.53859083918357
 0.050000 0.0029645663960269943 0.9951770414321514 0.09805033173036022 107.80651512770912
 0.060000 0.0027729542425276705 0.9958124513239828 0.09137763683138991 106.7729909248373
 0.070000 -0.004186468102901001 0.9966672896952474 0.08146647860533336 106.28982410314276
 0.080000 -0.00865454975180945 0.9972251820931531 0.07393940064587289 106.05304402920224
 0.090000 -0.010820118765058017 0.9975318572606402 0.06937664434121704 106.0127024998364
 0.100000 -0.013258626669869626 0.9978340011307764 0.06443225128904694 106.07097549276912
 0.110000 -0.016348746885579676 0.9981193354540996 0.05908054390353789 106.38224754261269
 0.120000 -0.015821937031099454 0.9982511947063216 0.056958042241507315 106.21436531053942
 0.130000 -0.01569155147123965 0.9983814542914254 0.054664860187910225 106.37142574586643
 0.140000 -0.01688411127436187 0.998612391900174 0.049882036144169986 106.66927554131742
 0.150000 -0.014219135481961276 0.9987584019520911 0.04774380290939153 106.63125102533543
 0.160000 -0.0143664876441172 0.9989224626469025 0.044130688327049285 106.62977670096957
 0.170000 -0.017572648046090968 0.9990962557681904 0.03870237396634466 107.31983721552739
 0.180000 -0.013133989655090727 0.9991860487981463 0.038141030438208864 106.65171867236138
 0.190000 -0.014037830026336146 0.9993259421861908 0.03392050415064629 106.72735426737152
 0.200000 -0.012052466150259362 0.9994203804875954 0.0318377311648724 106.91505897467553
 0.210000 -0.012704814501850598 0.9995135966743515 0.02848083130064074 107.29704913775134
 0.220000 -0.013612698116487474 0.9995981251309055 0.024865290763795327 107.11900739101307
 0.230000 -0.01264078599271003 0.9996585021218403 0.022871153556505354 107.07735502899209
 0.240000 -0.012639891602913164 0.9997095607063009 0.020518951549276087 106.99283713428454
 0.250000 -0.012057378466193406 0.9997490581872371 0.01887962600941155 106.85241275179459
 0.260000 -0.01389853674400945 0.9997855859078731 0.015349686877139562 106.88064951432821
 0.270000 -0.01522505989107697 0.9998049891548779 0.012577011263710143 106.91121317280212
 0.280000 -0.018111044085252388 0.9998028479455898 0.008139737221184464 107.28770999833566
 0.290000 -0.017701090609528215 0.9998222117990841 0.006497398280888995 107.27460033509834
 0.300000 -0.015413277916096408 0.9998557566692328 0.0071341936669353 107.54261721891852
 0.310000 -0.019248368592973995 0.999811725403955 0.0024523562701316524 107.79295761049833
 0.320000 -0.01696746323218582 0.9998552415071976 0.0012653940287970285 108.23718882746704
 0.330000 -0.02040926922321364 0.9997847354606222 -0.0037342294664339257 108.62897158465289
 0.340000 -0.02445426150285591 0.9996619073353098 -0.00883516367026991 108.76743766102825
 0.350000 -0.02466096706368448 0.9996160108599575 -0.01263596200964083 109.3834192114735
 0.360000 -0.02406129355912118 0.9996005729330264 -0.014823924724150044 109.6487185405714
 0.370000 -0.028186004979992966 0.9993887479926121 -0.020680413657057573 109.69835243313459
 0.380000 -0.03082227730672403 0.9992021793057024 -0.025396694516459203 109.82902139499726
 0.390000 -0.033974326576057055 0.9989384287442473 -0.031108852625543453 109.8730335240536
 0.400000 -0.037330267517151496 0.9986081301697051 -0.03725927382630262 109.83286647274525
 0.410000 -0.04196238364814122 0.9981600618167878 -0.043768131699589014 109.46262246462668
 0.420000 -0.045314449804864126 0.9977020771617364 -0.050370287531826756 109.1780993686975
 0.430000 -0.047163275236310635 0.9972875870486225 -0.05650747019394982 108.79268313042137
 0.440000 -0.053723876411991216 0.9964098279924608 -0.06543087790411899 108.4436158148015
 0.450000 -0.05886316234261283 0.9955332552978848 -0.07381507782982938 108.01348513638855
 0.460000 -0.06590181335476061 0.9943534246168569 -0.08317582551007689 107.71256236005199
 0.470000 -0.07398608454654117 0.9929181010786343 -0.092950007228999 107.44952000686932
 0.480000 -0.08351428377573272 0.9911020429231924 -0.10364412631162846 107.06549826108979
 0.490000 -0.09469456214270712 0.9888672947588426 -0.11477984691107201 106.49693636272644
 0.500000 -0.10576381429287784 0.9862712954722852 -0.12681856060388788 106.18234565616928
 0.510000 -0.12348759257971594 0.9823388830864694 -0.14057429798968915 105.15366238629785
 0.520000 -0.1414372829602761 0.9776420928402912 -0.15560023552575394 104.26171814388204
 0.530000 -0.1603415815937678 0.9719004440111597 -0.1723371815451317 103.29539536269357
 0.540000 -0.17755542150754083 0.96596769484958 -0.18809700901467877 102.57165381041327
 0.550000 -0.20940088012344668 0.9543081260935119 -0.21318365761806343 101.65181780980286
 0.560000 -0.24069818506406115 0.9408586865309464 -0.23843094531987524 101.1312639285381
 0.570000 -0.26377012801509114 0.9293495919643656 -0.25833051597240586 100.63421494868196
 0.580000 -0.32080708177805994 0.8984261927828899 -0.2998552857674625 101.18598625423617
 0.590000 -0.3535376784212894 0.8767180235982059 -0.32615428409656155 101.77847869874913
 0.600000 -0.3761604658426604 0.8594961348759887 -0.3460775896677924 102.69617920868683
 0.610000 -0.4089733666714225 0.8332134675340389 -0.3721506454022959 103.98223282748265
 0.620000 -0.4238867072412902 0.8190834954163162 -0.386551790787116 104.93071485063079
 0.630000 -0.4297532004596535 0.8121712807386161 -0.3945757182570679 105.64602221702111
 0.640000 -0.42628161278927507 0.8134393605890535 -0.3957276756081717 105.99744763846878
 0.650000 -0.4199762613130558 0.8175508516353991 -0.393993077253575 106.22770392416629
 0.660000 -0.41371233226031506 0.822058281369741 -0.39123175761581325 106.23232828894768
 0.670000 -0.411785094891318 0.8234583533446183 -0.3903195817946084 106.63413569839308
 0.680000 -0.3953204316805843 0.836423557087444 -0.37962796188513803 105.90732031498861
 0.690000 -0.3857756820171726 0.8437043809183189 -0.37328278929441894 105.87356911595656
 0.700000 -0.37092776959955664 0.8552173855414458 -0.3619610658724946 105.24529303201898
 0.710000 -0.35715111644668995 0.8656365279562211 -0.35087958260460417 104.69182265630944
 0.720000 -0.342377036071071 0.8764231101855122 -0.33861555945340455 104.33400725341157
 0.730000 -0.3243493455927875 0.8890495299864236 -0.3230919919225014 103.63725285154294
 0.740000 -0.3044390693044518 0.9019898204565627 -0.3061555435947175 102.9452714584293
 0.750000 -0.2845257269494103 0.9140576951131947 -0.2890391681213182 102.50970683739916
 0.760000 -0.2627943880601775 0.9265562713637528 -0.26913302584516924 101.95301149317272
 0.770000 -0.24631091817961553 0.9355480518287425 -0.253141806711099 101.58480576217006
 0.780000 -0.21685395324326953 0.9493856716067816 -0.22724702310592793 101.0920477249565
 0.790000 -0.19068179659686207 0.9605298765852891 -0.20254088138852905 100.92459879611155
 0.800000 -0.16921662752220012 0.968925540651843 -0.18041349628713138 100.72680159664253
 0.810000 -0.14576143528887006 0.9769140746825999 -0.1561809676931478 100.6035047828893
 0.820000 -0.11277251550364671 0.9855488517015146 -0.12639549302410208 100.85972128839516
 0.830000 -0.08727632790214047 0.9911385686423299 -0.10013580946670259 101.08247320441014
 0.840000 -0.06279871594929566 0.995284720205674 -0.0739232507417861 101.23550820267234
 0.850000 -0.03741009010599343 0.9982229928509402 -0.04638255816547165 101.65939509012281
 0.860000 -0.00879608860515244 0.9998072408527656 -0.017553061374880788 102.52477942727641
 0.870000 0.016003060311571185 0.9998260689567776 0.009577781324564192 103.28640694398963
 0.880000 0.04046246549132655 0.9985607681576851 0.035202005378912 104.27482771766535
 0.890000 0.06440889018140401 0.9960594749131206 0.06096734618956428 105.836811285617
 0.900000 0.08824722951439909 0.9923154502553068 0.0867321951044757 107.09465274597562
 0.910000 0.11078460814213491 0.9875882350131322 0.11133844197957797 108.5567594788335
 0.920000 0.13023029099533348 0.9825880845729335 0.13251689463070218 109.80458749484079
 0.930000 0.14444455526584454 0.9780804919450159 0.1499810712411673 110.8727369074611
 0.940000 0.16269978372401828 0.9720147753414364 0.16945812725890283 112.24411050280358
 0.950000 0.17896704615323322 0.9659680450798241 0.18675259643670108 113.41000007810564
 0.960000 0.19010789223305546 0.9611574546619928 0.200088322143958 112.08797623435228
 0.970000 0.20092416596490248 0.9563290279263996 0.21228346585793204 112.02089487271103
 0.980000 0.20825668599799874 0.9526966615470146 0.2213554241808952 112.67680351780336
 0.990000 0.21199073545537686 0.9505509653739498 0.22696429302368373 113.0302960843177
 1.000000 0.20967452043347537 0.9507795501741901 0.22815530336057657 112.38580533056681
 1.010000 0.19858759027072073 0.9546204958783293 0.2219519719206862 112.50205311943918
 1.020000 0.18789826598308157 0.9585136407386547 0.214349812592594 113.06614386727072
 1.030000 0.17733859039845895 0.9623195666864747 0.2061360616870398 112.55618424482302
 1.040000 0.16296454026865606 0.9672646932369244 0.1945291027900553 113.1356165881637
 1.050000 0.15082770652804361 0.9712596963529349 0.18413474735610116 112.57361733459035
 1.060000 0.12048254533163888 0.9790757048607941 0.16399609880039467 111.2601191761824
 1.070000 0.08457616004269658 0.98634248020599 0.14133430189988608 110.20743002906583
 1.080000 0.06292669057305546 0.9900968537172408 0.12549283594191163 107.52973638870654
 1.090000 0.03650618432412758 0.99375431681819 0.10544978099221088 105.40114109877973
 1.100000 0.02012456694066239 0.9956146971288004 0.09135850626284281 104.89573670845198
 1.110000 0.0161421762492143 0.9962971461343261 0.08444777528470811 104.2924021951705
 1.120000 0.007614358391978754 0.9971916189364018 0.07450433993584817 103.62867953243907
 1.130000 -0.0022847756543328828 0.9979173979287322 0.06446430571531456 103.32430599873162
 1.140000 3.39168627581107E-4 0.9980414389043112 0.06255534505103738 102.97439854464191
 1.150000 -0.004628643967618535 0.9984223146284527 0.05595942554194154 102.76875906222499
