0.0 1.15 1.0
Linear 3 explicit
 0.000000 0.26528046002919436 0.014431433047875072 0.4577547793072028
 0.010000 0.26472786099350615 0.016530843565943004 0.4563941848904307
 0.020000 0.26352766075369394 0.016928478060700733 0.456848339331698
 0.030000 0.2625978465439491 0.017953250262885412 0.4561929670617796
 0.040000 0.26102918672738185 0.01937737017789337 0.4544006966879216
 0.050000 0.25947946173907127 0.023255270765418917 0.44977251464933776
 0.060000 0.25654287015859945 0.02216000377132943 0.4495435775128567
 0.070000 0.2541598631663087 0.024411790497789077 0.44666660613419396
 0.080000 0.25302594314838267 0.029631357117923807 0.4414745304526453
 0.090000 0.2515400431315038 0.03576021742603394 0.4363463634130575
 0.100000 0.2507751516457715 0.04305826524236131 0.42755041113234116
 0.110000 0.25169423857930634 0.052131337112875736 0.41350986914465504
 0.120000 0.253973397104318 0.061627415076832864 0.39440495372814277
 0.130000 0.2563488390630874 0.07000379530446796 0.37216362174544865
 0.140000 0.25830743511101806 0.07629466370507174 0.3480798272035315
 0.150000 0.2608789476812174 0.08193855978965608 0.31993333212694813
 0.160000 0.2634842922032734 0.08590202988985388 0.2909435512354812
 0.170000 0.26550338817037594 0.08674110955803632 0.2627572917438611
 0.180000 0.2687098150556886 0.08885766920530985 0.22716335450461883
 0.190000 0.27090653690977595 0.08857120741568186 0.19337891677190944
 0.200000 0.27339865391071533 0.08754350394875968 0.1578058129871826
 0.210000 0.27584606729378264 0.08439982350805444 0.12232837277643305
 0.220000 0.2782966863803335 0.08135974058158375 0.08392036400815964
 0.230000 0.2804116976816634 0.07786924330381027 0.045245484226855065
 0.240000 0.28272578731026826 0.07372417047029946 0.005593888271803182
 0.250000 0.28503806856635966 0.06921287437900574 -0.03504361256538273
 0.260000 0.2869333500679284 0.06453314323855924 -0.07602084129719723
 0.270000 0.2889418069792396 0.05976268718014169 -0.11759559490710361
 0.280000 0.29042030672923025 0.054156656911873116 -0.15920462314767028
 0.290000 0.2921252363824912 0.04996945897850762 -0.20266814515101436
 0.300000 0.2939521971750833 0.04572196864949062 -0.2459609267047588
 0.310000 0.29511967499527697 0.04200784681965654 -0.2896514926266237
 0.320000 0.2957726476222248 0.038432449653812734 -0.33386431734713407
 0.330000 0.29672591003486837 0.03629622796296488 -0.37825603808283453
 0.340000 0.29765108060798207 0.035559150315206546 -0.42196283132074414
 0.350000 0.29854607325735194 0.03488827629071362 -0.4656455623872984
 0.360000 0.3007678070874986 0.0350929471366786 -0.5088701123293665
 0.370000 0.3026740278575596 0.03824283437673466 -0.5516373224570784
 0.380000 0.3066488198540175 0.03995883151021448 -0.593243581348966
 0.390000 0.3108307190264678 0.04409266518271092 -0.6333158790249649
 0.400000 0.31540526719726775 0.048961333454042605 -0.6712950193166181
 0.410000 0.32057189275554115 0.05388227372888445 -0.7076101023468384
 0.420000 0.32499867149432354 0.05992019026673988 -0.7415282307454236
 0.430000 0.3286350182366353 0.06508198679416043 -0.772775449387261
 0.440000 0.32999551836541696 0.07238372182682137 -0.800938552329711
 0.450000 0.32918664148013105 0.07713847698732365 -0.8263728824852277
 0.460000 0.32776214300689477 0.081407176979725 -0.8480244412655968
 0.470000 0.3266322473379488 0.0828137107304712 -0.8651646079367018
 0.480000 0.32372772707801534 0.0802728009358775 -0.8778295297005608
 0.490000 0.32091651424500767 0.0745451936614893 -0.8868387030289575
 0.500000 0.31728066224519436 0.06677520623468391 -0.8926857263752959
 0.510000 0.31412432993833933 0.055937686194636044 -0.8955194528727833
 0.520000 0.3101837166335254 0.040703450092999714 -0.8990561229456141
 0.530000 0.30771143117988076 0.03032423924729282 -0.9059478247356474
 0.540000 0.3060771192658249 0.026051560763737852 -0.9129103257810356
 0.550000 0.29978118875664156 0.01814014552085902 -0.9164909368566766
 0.560000 0.2963835585025108 0.01525053112242636 -0.9163118455102529
 0.570000 0.2934244039027105 0.011072240525241962 -0.9153737940819918
 0.580000 0.2913743529505933 0.011335600305101605 -0.9161001870814232
 0.590000 0.28961130570639704 0.009690951234687998 -0.9169666287581723
 0.600000 0.28884557483101614 0.007541734710738537 -0.9167936170275797
 0.610000 0.28887279633655893 0.007723855884835373 -0.9164427527245617
 0.620000 0.28848131128457893 0.006027452947636891 -0.9158033859088548
 0.630000 0.2887560716934427 0.0051568146775238565 -0.9153350241887218
 0.640000 0.2895877424797282 0.0048955958821259495 -0.9149231693102282
 0.650000 0.29025738736578277 0.0045370464122986166 -0.9145585441275932
 0.660000 0.29108357669603796 0.004336972852305939 -0.9141952248739098
 0.670000 0.2920224760783994 0.003746547270764974 -0.9137726252326563
 0.680000 0.29218626913115703 0.004953553077614302 -0.9135636773608957
 0.690000 0.2920580376528634 0.005114975074427995 -0.9133675259583525
 0.700000 0.29313255469764987 0.004955993736171447 -0.9130019518007999
 0.710000 0.2938267066338465 0.0050892473344530485 -0.9127721023834922
 0.720000 0.29386426172297536 0.005388469605161734 -0.9125999840080075
 0.730000 0.294728758657835 0.004970240853331609 -0.9120277001925008
 0.740000 0.2955792924608809 0.005135881361529156 -0.9115988737012468
 0.750000 0.2957059893262269 0.005484403603905896 -0.9113658990122846
 0.760000 0.2964801006055129 0.005325373953125118 -0.910890634767982
 0.770000 0.29738858901721743 0.00522751044676209 -0.9104232482780645
 0.780000 0.2976535311573131 0.0054646139301416565 -0.9101719949172833
 0.790000 0.2978292232205446 0.005813460460650186 -0.9100381639765396
 0.800000 0.29834453791699117 0.00554198831311316 -0.9096136674770411
 0.810000 0.29851773715091773 0.005289968767276605 -0.9091481654410627
 0.820000 0.2982722201453585 0.006376545039616574 -0.909338364089675
 0.830000 0.2981829171928753 0.006342255240306926 -0.9092223321243775
 0.840000 0.2982399637078589 0.005843126320784818 -0.9087431314355812
 0.850000 0.2981718642173079 0.005236567978846756 -0.9082840057416652
 0.860000 0.29891824648560716 0.006610309843323833 -0.9086374811646234
 0.870000 0.29839795926816703 0.005865766476737635 -0.9084431919688373
 0.880000 0.29865977600024696 0.006535736064631903 -0.9082134469774181
 0.890000 0.29826457398382383 0.0068385543924859085 -0.9080829316818262
 0.900000 0.29783174108998545 0.0066025669148905095 -0.9079431777912008
 0.910000 0.2971736475090132 0.006366967837501505 -0.9074897283845784
 0.920000 0.29739239513153326 0.006767572920181389 -0.9076648769860977
 0.930000 0.2975270755711572 0.007621063358064187 -0.9076953473512018
 0.940000 0.29707515056147854 0.007824131909643366 -0.9075324902903841
 0.950000 0.2968980020868981 0.008187663823257578 -0.9073574558178746
 0.960000 0.29713896908147897 0.009081549417639272 -0.9074477681792833
 0.970000 0.29730776695420574 0.009333785886400495 -0.9073915323451898
 0.980000 0.2971958372724903 0.010231321232670235 -0.9074132979931131
 0.990000 0.2972299952560007 0.01123164030234244 -0.907781802921205
 1.000000 0.2973073729120854 0.011468037992966827 -0.9077570471274314
 1.010000 0.29715890249619836 0.012566741451385456 -0.9081381118527511
 1.020000 0.29700832797994675 0.013190575617729045 -0.9084709161946893
 1.030000 0.2969437103370148 0.015086589599326058 -0.9094079280039915
 1.040000 0.2954573781475529 0.014483282594505188 -0.9096749386904616
 1.050000 0.29546098501405504 0.017316513104784256 -0.9115467042667474
 1.060000 0.2936133809739238 0.01717787648101278 -0.9110157712076037
 1.070000 0.29290386765239024 0.018481083769740933 -0.9125111642208744
 1.080000 0.29107908287315093 0.019682580307952918 -0.9139164365511104
 1.090000 0.288759125190933 0.02123200654674648 -0.9146828648745047
 1.100000 0.2862530689716754 0.02563757339119091 -0.9188163298948692
 1.110000 0.28290665800171716 0.025053464724286975 -0.9174718334857023
 1.120000 0.2806479813016043 0.029054223761152687 -0.9202646332472787
 1.130000 0.2784190969565251 0.03579263815023914 -0.9262779349423078
 1.140000 0.27497804383333463 0.041008319493426204 -0.928891064086091
 1.150000 0.2733151545917562 0.04891275868786815 -0.937455245313164
