0.0 1.15 1.0
Linear 3 explicit
 0.000000 0.19460887224861412 1.0340425660297372 0.21626427564226125
 0.010000 0.19461311488179928 1.0328470542919579 0.2018864665765823
 0.020000 0.19479385277959727 1.0325001122482933 0.18699231751277884
 0.030000 0.19510494798476452 1.0324810256677934 0.17186126063933393
 0.040000 0.1953332275885324 1.0327372347473462 0.1567416329606362
 0.050000 0.19550265888435198 1.0333967755587834 0.14189633159062331
 0.060000 0.19565439582650346 1.0342862671152613 0.12659733463859296
 0.070000 0.19579919116720526 1.035214168318599 0.1117373316780276
 0.080000 0.19587933843833838 1.0361664225905893 0.0972501834792421
 0.090000 0.1959688586477542 1.0372233494631433 0.08311219447503793
 0.100000 0.19589249803300274 1.0383593002477673 0.06924389796280031
 0.110000 0.19561775409034632 1.0395101309771952 0.055771515353271996
 0.120000 0.1953375886719265 1.0407136496425333 0.042593244397393815
 0.130000 0.19497299874228932 1.0420357039697847 0.029550685462615703
 0.140000 0.19456241430269125 1.043575358276385 0.016815941247543514
 0.150000 0.1940387909066956 1.0451678547331884 0.004381307400268625
 0.160000 0.19339790051556618 1.0468957739378761 -0.007887096525013237
 0.170000 0.1926838045823071 1.0486610254490911 -0.02021033066745609
 0.180000 0.19198633203640733 1.0504710916877498 -0.032227130695095654
 0.190000 0.19106668034024282 1.052412954796099 -0.044334544353332464
 0.200000 0.19011198065584878 1.0542940623703188 -0.05639866183202161
 0.210000 0.18891155991139041 1.056075729414177 -0.0685638516821212
 0.220000 0.18783717036765213 1.0578509495833015 -0.08058242599938809
 0.230000 0.18672544989258685 1.0593749573898064 -0.09268679006648506
 0.240000 0.18558257624063923 1.060671190098851 -0.10480463234933858
 0.250000 0.18459181536510805 1.0617015156991294 -0.11686081392159911
 0.260000 0.18350498895814935 1.0625311831262751 -0.129049524099862
 0.270000 0.18249380201735077 1.0630670639888253 -0.14123021354881166
 0.280000 0.181786409510916 1.063191767559104 -0.1528361071806673
 0.290000 0.1809648840964361 1.063180509481127 -0.16584265619633576
 0.300000 0.1803545261320949 1.0631564713188373 -0.17804976949884152
 0.310000 0.17975306601964336 1.0626623339695807 -0.1897628350921261
 0.320000 0.179532920544202 1.062145685661199 -0.20221831234504745
 0.330000 0.17935495923808326 1.0613053747255496 -0.2143142720764218
 0.340000 0.1792073567984747 1.0602215705726308 -0.2265120523683019
 0.350000 0.17941363892386325 1.0590255536608548 -0.23891746530580382
 0.360000 0.1796949637971902 1.057749155416302 -0.2512860694835649
 0.370000 0.18015752148167527 1.0563258228545134 -0.2638506017525873
 0.380000 0.18094494401435018 1.054824405448423 -0.27654450271647263
 0.390000 0.18172572007578092 1.0532578056395752 -0.28947182089156887
 0.400000 0.1825876665561758 1.0517038459359083 -0.30257323617199483
 0.410000 0.18354054971311948 1.0501649681580074 -0.3156286437455208
 0.420000 0.18464523407537708 1.048660814110462 -0.32880790515585456
 0.430000 0.18592028369065383 1.0472184572043766 -0.34207971313112046
 0.440000 0.18703999162538418 1.0459160571529216 -0.3555473451089314
 0.450000 0.1882263002003479 1.044568766053592 -0.36914167267429104
 0.460000 0.18927910585293956 1.0432392078970911 -0.38311267233375135
 0.470000 0.19027049277701755 1.0419248611384686 -0.39708517170309665
 0.480000 0.1910426989513554 1.0406529701534215 -0.41134637526696205
 0.490000 0.19169122928698934 1.0394750545077887 -0.4258356696299226
 0.500000 0.19224823756647533 1.0383039326822803 -0.4403750106104344
 0.510000 0.19310059683517222 1.0371014988061988 -0.4551553273149694
 0.520000 0.1939279709799513 1.0361355961092573 -0.4698168657560543
 0.530000 0.19456838529170026 1.0357048635725914 -0.4842721753209019
 0.540000 0.19532492631703263 1.0357041393931388 -0.4982520097919885
 0.550000 0.19578818469896814 1.0361235236379678 -0.5125446022224274
 0.560000 0.19599335516530328 1.037091582826883 -0.5267995727607441
 0.570000 0.19610239490983644 1.0383684101102115 -0.5408924814161514
 0.580000 0.19657953527556393 1.0397236402037633 -0.5548800877202781
 0.590000 0.19707720502384643 1.0412252485928881 -0.5687118339054804
 0.600000 0.19784652401133002 1.0428215096187374 -0.5820929926799548
 0.610000 0.198721584664561 1.0445109446881957 -0.5952936177792704
 0.620000 0.19975692123534405 1.04622895482337 -0.6083216741201852
 0.630000 0.20089183918893555 1.047969087234858 -0.6211967109324713
 0.640000 0.20198719648557284 1.0497590714083813 -0.6338872782724073
 0.650000 0.20327296087626218 1.05161075074534 -0.6464583239759457
 0.660000 0.2046318677368124 1.0534786762350112 -0.6588260499695078
 0.670000 0.20620676221207804 1.0553757935673402 -0.6710743740336313
 0.680000 0.2076459324888529 1.0570356060960515 -0.6834363542943954
 0.690000 0.20900084244201864 1.0587580509217978 -0.6956969350054699
 0.700000 0.21053780991534954 1.0604852885417588 -0.7080401996045428
 0.710000 0.21200011947119224 1.0621236945991384 -0.7202573505433791
 0.720000 0.21349941527011412 1.0636250610496292 -0.7325046049035677
 0.730000 0.21493345431693547 1.06500186730844 -0.7445577286472584
 0.740000 0.2163276895159384 1.0661029655172047 -0.7567698591654096
 0.750000 0.21747001555536066 1.0669392729672218 -0.7689991514205284
 0.760000 0.21871424722867688 1.0675896576659862 -0.7810815419290545
 0.770000 0.21996826669969302 1.0679536878530547 -0.7933161013692818
 0.780000 0.22097521460403244 1.068108195316466 -0.8055292503242699
 0.790000 0.22191543188274543 1.0679618660476402 -0.8178724866421484
 0.800000 0.22289154828559501 1.067502318771978 -0.830125048136325
 0.810000 0.22368664627254692 1.066835424747725 -0.8423634117904362
 0.820000 0.22413976123546123 1.0659906358609486 -0.854324104286215
 0.830000 0.22454190364427873 1.0648441044056938 -0.866483235406244
 0.840000 0.22497595156093073 1.0635509890451706 -0.8785709185155607
 0.850000 0.22525944667172004 1.0620293385579975 -0.8905213326807735
 0.860000 0.22527626455437888 1.0604518784034007 -0.9028471653773894
 0.870000 0.22517582545379583 1.0586309943199372 -0.9151307316496652
 0.880000 0.2248984798361742 1.0568075585065175 -0.9275193181427046
 0.890000 0.2245157900022122 1.05488500609832 -0.9401074082872033
 0.900000 0.22413015693786414 1.0528405743983884 -0.9526590453650523
 0.910000 0.22357492625555686 1.0507590954129002 -0.9650849230289205
 0.920000 0.22297273304485885 1.0486365544240035 -0.9779190844581711
 0.930000 0.22204465164923942 1.0466240468391617 -0.9899704208221783
 0.940000 0.22132799924086616 1.0446325563550263 -1.0028101870200625
 0.950000 0.2205591775420542 1.0428201035746918 -1.0157670561332874
 0.960000 0.21970528017359886 1.0410994117682881 -1.0294682847514192
 0.970000 0.21886037242381112 1.039481373136653 -1.0431851678631303
 0.980000 0.21798033645702164 1.0379602121472251 -1.0570246588114542
 0.990000 0.21709856148741385 1.0365359878655498 -1.0712390911037166
 1.000000 0.21645046645482596 1.0352804355187346 -1.0862232538576366
 1.010000 0.21575984561358671 1.0341398826521666 -1.1008639310768988
 1.020000 0.21525374284794319 1.033134260128072 -1.1159104643983722
 1.030000 0.21457007383491944 1.032095022980005 -1.1308349253456222
 1.040000 0.21375693549326863 1.0310578217774806 -1.1463696311447555
 1.050000 0.21278314972674905 1.029861607492042 -1.162825694144252
 1.060000 0.21196226115477523 1.029022011111669 -1.1784170743057174
 1.070000 0.21113849199079435 1.0284061806425764 -1.1941717171767325
 1.080000 0.2105777491944939 1.0283898923715116 -1.2099148853254365
 1.090000 0.21009126506647632 1.0286301807017408 -1.225500592296783
 1.100000 0.20968426068766405 1.0292190850687968 -1.2405236542117157
 1.110000 0.2092979342058381 1.0301109232079748 -1.2559151241512885
 1.120000 0.20878921067017955 1.031165773326814 -1.2705287877908225
 1.130000 0.2082572308788805 1.0322801000227697 -1.2844487130817512
 1.140000 0.20776402938626304 1.0336607022491224 -1.2984703355527532
 1.150000 0.2072486006883019 1.0350493535835292 -1.3118427014309724
