0.0 1.15 1.0
Linear 4 explicit
 0.000000 -0.01989266855405011 0.9996403469494912 -0.01798495172358615 86.52254885162327
 0.010000 -0.02178110359370809 0.9996321401738448 -0.016160688651746476 86.34497428071872
 0.020000 -0.023680610745935467 0.9996305787462041 -0.013339217002080945 86.20641559159357
 0.030000 -0.02525860567245806 0.999629707996642 -0.010121745404412649 85.98428192238394
 0.040000 -0.026688430174639687 0.9996177722111612 -0.00721367967187605 85.80457085596356
 0.050000 -0.028547848618309484 0.9995796866759412 -0.005046813261168931 85.69825460357458
 0.060000 -0.029590364504200932 0.9995595468132294 -0.0022633389140576856 85.60577694335109
 0.070000 -0.030876272753796785 0.999523214224309 -2.745759238283103E-6 85.4807582909269
 0.080000 -0.03220885877374625 0.9994795853556887 0.0017742248204341362 85.29089099180733
 0.090000 -0.03365410879806395 0.9994290183055434 0.0030063815170124743 85.07488531409749
 0.100000 -0.0350476145213975 0.9993787910364686 0.0037009110832325895 84.79871166289514
 0.110000 -0.03643761878380701 0.999328989436876 0.003724353425546442 84.51663942176792
 0.120000 -0.037943129575444885 0.9992737882738792 0.0034949945337988506 84.21902457072844
 0.130000 -0.03913170671141183 0.999229698283176 0.0029528966736186548 83.96296436202717
 0.140000 -0.040450825954614175 0.999179521418214 0.0020036611635756933 83.68437753581419
 0.150000 -0.041652053449762354 0.9991320857259173 4.2628206218149384E-4 83.45934336595982
 0.160000 -0.0426291219115804 0.9990899345071972 -0.001435524800257273 83.21585656148751
 0.170000 -0.043170826290733856 0.9990622198500466 -0.003310683565766478 83.03691334905598
 0.180000 -0.043313443493379476 0.999046554847906 -0.005470544696425867 82.93027698179505
 0.190000 -0.0435381447612905 0.9990213278321544 -0.007798492625128885 82.7668465359172
 0.200000 -0.04351936582956851 0.9989995989055146 -0.010289129429311653 82.62455644749016
 0.210000 -0.04288089891583727 0.9989963992359437 -0.012939197107583844 82.54815154754343
 0.220000 -0.04253826602892731 0.9989726115733556 -0.015627451793611143 82.43641429119178
 0.230000 -0.04184612475338661 0.9989591325169437 -0.018153605815911238 82.36944432655447
 0.240000 -0.04090476502937559 0.9989480565144402 -0.02072632586626318 82.31283212024834
 0.250000 -0.03986832760374946 0.9989387367368904 -0.0230633193748343 82.3495325932387
 0.260000 -0.03876767252449732 0.9989242543947704 -0.025444086717452918 82.31908547060645
 0.270000 -0.03767116445175966 0.9989026986243794 -0.02782592405978387 82.28151016177769
 0.280000 -0.037807729717649105 0.9988198305958761 -0.030488056383159025 82.28486854134647
 0.290000 -0.035691712122713035 0.9988659201444672 -0.031511509955827174 82.17386009905728
 0.300000 -0.0350176751803587 0.9988283843630136 -0.03340091339671755 82.17208648054559
 0.310000 -0.035110710390308025 0.9987346063810869 -0.03600588886145214 82.18759514942535
 0.320000 -0.03460929065308005 0.9987097653015815 -0.03716183111407108 82.11152194848587
 0.330000 -0.034674194723721144 0.9986423449810548 -0.03887373188930407 82.0506482395345
 0.340000 -0.0344644169491312 0.9985878186282284 -0.04042984605057043 82.08398707520949
 0.350000 -0.03464421444751551 0.9985444302411284 -0.04133762498904405 81.9951704210326
 0.360000 -0.03477318841437204 0.9985009335897949 -0.042269504229486346 82.01470750738576
 0.370000 -0.03478797219909435 0.9984715777341233 -0.04294537748589075 82.03920587497404
 0.380000 -0.035044225412369 0.9984446417996554 -0.04336126758761682 82.10706180699798
 0.390000 -0.03489086668064435 0.9984472949296898 -0.043423803033114175 82.12916718809376
 0.400000 -0.03452347302011088 0.9984653579027088 -0.043301950058225985 82.14404303268341
 0.410000 -0.034308700573809775 0.9984679444541725 -0.043412866323200267 82.21233948264971
 0.420000 -0.03407871756880963 0.9984785687383966 -0.043349611059252474 82.27618287023694
 0.430000 -0.033944756224758434 0.9984861740862958 -0.0432794833997946 82.40035188422506
 0.440000 -0.03334778071493828 0.9984969407492815 -0.043494652955438994 82.48374084484465
 0.450000 -0.03272344004487639 0.9985008556419418 -0.0438773034032336 82.68739822114382
 0.460000 -0.03134508542427354 0.9985456817342436 -0.043863505441763345 82.78911140737306
 0.470000 -0.029980892609853566 0.998575044540241 -0.04414778023606607 82.92756422500611
 0.480000 -0.027972687021995266 0.9986078967374532 -0.044719093845575784 83.04776431538204
 0.490000 -0.025684822879056435 0.9986421092676807 -0.045323586255603884 83.17576282895031
 0.500000 -0.02318054156115222 0.998662994715224 -0.04620482095357766 83.32648003536711
 0.510000 -0.020944394361967017 0.9986935519823517 -0.046610316172328206 83.43195296327998
 0.520000 -0.018964866215211214 0.9986924279721543 -0.047473868185798386 83.58289267037263
 0.530000 -0.017157148105643286 0.9986527501639392 -0.04897261335564919 83.71121286886952
 0.540000 -0.01623646259272868 0.9985636205428187 -0.05105950460876767 83.84028837229074
 0.550000 -0.014511288216135856 0.9984923875231636 -0.052937459068230594 83.92212609050215
 0.560000 -0.012549613050654457 0.9984050670865345 -0.055043884566873515 84.02549688409329
 0.570000 -0.01074616180633693 0.9983055748509211 -0.057188278764130816 84.13308667747764
 0.580000 -0.009341802758899157 0.9982433917691816 -0.058505226350932894 84.19383521499641
 0.590000 -0.008038211396509167 0.9981820597083022 -0.0597324269893364 84.3402171507156
 0.600000 -0.007664374623917729 0.998117578962871 -0.060848631265798835 84.52618881738994
 0.610000 -0.00749663124727754 0.9980615270448465 -0.06178178334146317 84.78063477782635
 0.620000 -0.007639115544370519 0.9980182782397207 -0.06245926843250151 85.07474454968742
 0.630000 -0.007978981304404852 0.9979973261586671 -0.06275087917706795 85.40973820764768
 0.640000 -0.008405575449243233 0.9979768239198572 -0.06302067295897025 85.76096058905719
 0.650000 -0.009185021952431642 0.9979734167424742 -0.0629658228492681 86.11052345842099
 0.660000 -0.010271543708168575 0.9979732346531278 -0.06280062345091918 86.47978052488386
 0.670000 -0.012056830633337654 0.9979796660336044 -0.062379636248814166 86.77617028215268
 0.680000 -0.013097233816970748 0.9980283479547312 -0.061383052588590836 87.17299338540359
 0.690000 -0.014320962271291378 0.9980650913996426 -0.06050606059765727 87.47672495111314
 0.700000 -0.01573080503412018 0.998124772575326 -0.05915640408639228 87.72275531849682
 0.710000 -0.01716052295544212 0.9981699978987538 -0.05798423705368239 87.98370072921045
 0.720000 -0.018588782494332243 0.9982253546250864 -0.05657383272325693 88.19126514379404
 0.730000 -0.02021563994413128 0.9982630337848563 -0.05533753952159659 88.36622478583786
 0.740000 -0.02169776232517902 0.9983178381146789 -0.05376524167260654 88.49654872479044
 0.750000 -0.022864915092245332 0.9983778971840932 -0.05214182651281719 88.52188147264437
 0.760000 -0.024424371364676 0.9984149883828617 -0.050704645308793435 88.62637645950103
 0.770000 -0.025895928837320746 0.9984625290811919 -0.04900998766009303 88.68383934848727
 0.780000 -0.027082488698911292 0.9985045801094514 -0.04748833863509565 88.81947725940243
 0.790000 -0.02810548574857665 0.9985563246665764 -0.04577497284778457 88.88898253852396
 0.800000 -0.02942287975371161 0.9985958137835144 -0.04405331816151226 88.91695771862145
 0.810000 -0.030671713989350296 0.9986210008009484 -0.04260683889081372 88.97734815247517
 0.820000 -0.03204349034122795 0.9986075651748191 -0.04190638975587107 88.99617437712206
 0.830000 -0.03337230996747922 0.9986005829759317 -0.04102638916068059 88.95184831144243
 0.840000 -0.034748909869113644 0.9985885064915057 -0.04016849469388255 89.00847990816902
 0.850000 -0.03627504104096889 0.9985567564409651 -0.03960461543274096 89.0504751964421
 0.860000 -0.03714760535528996 0.9985492440640742 -0.03898028470180158 89.1336596725467
 0.870000 -0.03800100836142644 0.9985379842239621 -0.0384423909956329 89.15362421460215
 0.880000 -0.03873204223311283 0.9985246734564251 -0.03805660787816063 89.21808169504453
 0.890000 -0.039846876047717576 0.9984959908478596 -0.03765611145602842 89.11169029978574
 0.900000 -0.04041550962090695 0.9984920426893413 -0.03715141004253975 89.16661183840664
 0.910000 -0.04115736942473409 0.9984579444822893 -0.037253242036602706 89.20593510557217
 0.920000 -0.04137526423492824 0.9984718546903202 -0.03663390370629432 89.29755167152108
 0.930000 -0.04243688975589819 0.9983934572373949 -0.03754483897165708 89.37692797781773
 0.940000 -0.04286788123758023 0.9983894243498708 -0.03716049117724922 89.42734523488338
 0.950000 -0.04331657255253574 0.9983814826000857 -0.036852269177833984 89.43612250356597
 0.960000 -0.043467838504036266 0.9984212915038239 -0.03557346887250855 89.40692519091459
 0.970000 -0.043117549698201536 0.9984814023142896 -0.03428944648886712 89.44698279864107
 0.980000 -0.04273744660427657 0.9985450150012543 -0.032884094542676115 89.45313271125194
 0.990000 -0.04201662580345311 0.9986336800989133 -0.031070502541700656 89.4436195046142
 1.000000 -0.040856045906975544 0.9987711310965772 -0.028053719912177727 89.47170055380101
 1.010000 -0.04040088140104851 0.9988514599934923 -0.025759069293886102 89.45489801188455
 1.020000 -0.03983942109550465 0.9989483158447641 -0.022695435613458975 89.43076209435888
 1.030000 -0.03933775046465493 0.9990229549063693 -0.02014142394486614 89.39701381418799
 1.040000 -0.038014946200517305 0.9991330552940934 -0.016970612365555637 89.36032169970166
 1.050000 -0.035324145846347625 0.9992935040087338 -0.01283345495853281 89.31148273206051
 1.060000 -0.03453237238560298 0.9993534936248496 -0.010005500348788809 89.25315605828958
 1.070000 -0.03360830967345886 0.9994104238483487 -0.007020414813739291 89.17847160973014
 1.080000 -0.032909456348093974 0.9994510886244508 -0.0038064590202929625 89.09736114861362
 1.090000 -0.0324381796718388 0.9994733627436948 -8.727344315958041E-4 89.00471044486373
 1.100000 -0.032735619481641935 0.9994631504384318 0.001337958459004014 88.88417730246285
 1.110000 -0.03231532354785512 0.9994689886179717 0.004178594855484038 88.72595880572432
 1.120000 -0.032596323295408465 0.9994529322098689 0.005596070471000952 88.54982574528673
 1.130000 -0.03364653702567797 0.999415752564413 0.006005336983697602 88.36199778659672
 1.140000 -0.03421774114455507 0.9993916797884864 0.006739180997100056 88.15128968328328
 1.150000 -0.03532181209068468 0.9993539633031614 0.006635180547201853 87.8243297510587
