0.0 1.15 1.0
Linear 4 explicit
 0.000000 0.2965366743015958 0.9074098326944017 0.29778078568582506 101.88588669195674
 0.010000 0.29428404513437706 0.9081906488279677 0.2976350889273357 101.64025662472399
 0.020000 0.2908175511224484 0.9092928803784321 0.29767702237867855 100.97085090591709
 0.030000 0.28682704392600095 0.9107563538187232 0.29707425141115257 100.23750104851781
 0.040000 0.2828383999542611 0.9121964674324604 0.2964794163429454 99.43225335244958
 0.050000 0.27809841670648505 0.9145622218209302 0.29366173234405285 99.12719537709616
 0.060000 0.2713295547805843 0.917777141526593 0.2899403235044175 98.38988600690992
 0.070000 0.2640436575681948 0.9210501954597445 0.2862647102623306 97.68287826552067
 0.080000 0.2568748526761303 0.9245540004329637 0.28145196809761286 97.04041075827239
 0.090000 0.25049624840346835 0.9273831207795458 0.2778707916082193 96.07312150933603
 0.100000 0.24213456530665708 0.9312869734184085 0.2721680095546437 95.50626385386832
 0.110000 0.2351912061431571 0.9345001170535765 0.26719773161420896 95.02972216323357
 0.120000 0.2265222646343309 0.9382721193459914 0.26140599396899034 94.58244791068797
 0.130000 0.2206483070522984 0.940776798400245 0.25739724199520764 94.28253025219294
 0.140000 0.21178424652717184 0.9445129974970702 0.25108291555185 93.96216735963631
 0.150000 0.20447062013787248 0.9475119610470654 0.24579025443084282 93.87953394075586
 0.160000 0.19637319873196538 0.9507001342903965 0.24001421099592885 93.68219486164274
 0.170000 0.19113550602935656 0.9527613579629649 0.23603604196704556 93.37559439973104
 0.180000 0.18207920340965608 0.9558274893788199 0.23074005771319192 92.42766773427833
 0.190000 0.17437264081379084 0.958703191080295 0.22468282877889004 92.09885770978802
 0.200000 0.16768551968623 0.9610548939215879 0.21967033790870424 91.67967385615262
 0.210000 0.16095960184800268 0.9633778649297787 0.2144646729330347 91.36946381127223
 0.220000 0.15444896183032966 0.9655030799647583 0.20964093294988684 90.92249019429123
 0.230000 0.14876462030015708 0.9672721838382566 0.20555682941639247 90.45520876514254
 0.240000 0.14345503644496418 0.9688744242549566 0.20174985140812446 90.02621102432826
 0.250000 0.13851836291950628 0.9702180586399127 0.1987198576466349 89.37663273268296
 0.260000 0.1336632846009084 0.9716155846660748 0.19518525042558474 89.06554080007561
 0.270000 0.12872301161521785 0.9729850592648751 0.19165192597006658 88.73897857756558
 0.280000 0.12313306152343147 0.9745569488487497 0.1872885544033118 88.62350407528405
 0.290000 0.11839372784679313 0.9757487004168497 0.1841124624824951 88.13277562537515
 0.300000 0.11245936841693117 0.9769788123441836 0.18128786690182425 87.16321076041451
 0.310000 0.10798930058945294 0.9783108351279705 0.17676600586485489 87.07566866907524
 0.320000 0.10130998450402272 0.9795259828022466 0.1739687789664791 86.03963911029658
 0.330000 0.09644478249563056 0.9807826876130212 0.16959871346195232 85.72556921252863
 0.340000 0.09166853995344286 0.9819847070578535 0.1652359340074239 85.63089784222615
 0.350000 0.08657910621970806 0.9830682525597517 0.16149572494438613 85.14302247742984
 0.360000 0.08155627152309187 0.983947937500375 0.1587294265850212 84.29558951238428
 0.370000 0.07811294249998839 0.9848657031874807 0.1547188252896933 84.13730534225358
 0.380000 0.07249515500143065 0.9849489395355849 0.15690774043700056 81.18189197991605
 0.390000 0.06834838862823515 0.9860442055944455 0.1518068588224613 81.10197929983117
 0.400000 0.06477751762054955 0.9869125108990892 0.14767386038759409 80.91182153319534
 0.410000 0.06145081773650167 0.987772304714572 0.14328178892789575 80.56997960464903
 0.420000 0.05869832042738042 0.9884380556392874 0.13980242252203443 80.15603288148408
 0.430000 0.055320163288716605 0.9891158154681949 0.13634362150242837 79.37620821187183
 0.440000 0.05313540191939197 0.9897277779397428 0.13272360241239617 79.12522646102745
 0.450000 0.04507975513461749 0.9893035287362636 0.1387311922639596 74.34447449760187
 0.460000 0.0425533364821115 0.9900317371304838 0.13426232914945624 74.27825387257914
 0.470000 0.04077108926147139 0.9906945645037603 0.1298537567540419 74.30521995685147
 0.480000 0.03974248530600671 0.991252062178509 0.12585660129113185 74.26526600732008
 0.490000 0.03865239365993096 0.9917347128182697 0.12234480722785794 74.18166743250306
 0.500000 0.037840271974736224 0.9922014574138026 0.1187618698185744 74.24384591598216
 0.510000 0.036740411434573614 0.9926842274749351 0.11501376739377536 74.1124174293433
 0.520000 0.03558904748271424 0.9931521415933264 0.11127552897138877 74.02716388679991
 0.530000 0.03479928702591299 0.9935815590216196 0.10763222191637575 73.98217763137755
 0.540000 0.035250872798036126 0.9938938958227963 0.10455763871263202 74.09076191702141
 0.550000 0.033431468268216254 0.9944743885037407 0.0995139565063214 74.22090716812724
 0.560000 0.03138802681249792 0.9950411672021165 0.09438149895963466 74.47396169681453
 0.570000 0.03332453193874443 0.9950859002160976 0.0932390838767861 74.6384998298589
 0.580000 0.0319381672747393 0.9955862299856483 0.08824971464030176 75.17710926521083
 0.590000 0.03176781821643715 0.9959099337453597 0.08458256080942848 75.69838099755123
 0.600000 0.033591773213375434 0.9959769787025284 0.08307497015927474 76.0686118002175
 0.610000 0.0361084878977876 0.9959991644190288 0.08174253224810035 76.70039365404999
 0.620000 0.0392420044122228 0.9958863196673479 0.08167314974418571 77.16557789090095
 0.630000 0.043561692047863115 0.9956019501449634 0.08294055614398173 77.71461295182999
 0.640000 0.04937563227713862 0.9951115467334825 0.08552810353871311 78.38572078735574
 0.650000 0.05585526612912684 0.9944947582086419 0.08865870031293747 79.08736396190542
 0.660000 0.06223461278545563 0.9937754565666819 0.09239694203342105 79.83212072600683
 0.670000 0.06849167120438647 0.9929830436693907 0.09640314289847107 80.26990988750362
 0.680000 0.07679394813077156 0.9919549450090123 0.10063834558783222 81.6678964534459
 0.690000 0.08496627925838346 0.9909409133902961 0.10400402664412615 83.51385464606564
 0.700000 0.09221374345746357 0.9897648887984751 0.10891322426272806 84.20108029630262
 0.710000 0.09941351275954789 0.988526334124402 0.11372176670883329 85.04160323391542
 0.720000 0.10756671160510982 0.9871494782114612 0.11817491367165414 86.38837335108484
 0.730000 0.1153699541192228 0.9854804983308565 0.12457110859302481 86.92371852797308
 0.740000 0.12376149952930295 0.9836196177663482 0.1310554797764728 87.7571579162787
 0.750000 0.13377226166970269 0.9820990481436679 0.1326138817887252 92.06567736420138
 0.760000 0.1428164280251303 0.9796985926973237 0.1406916321357672 92.50639914653283
 0.770000 0.14962855257565957 0.9775950979838078 0.14805107447142143 92.77029591838595
 0.780000 0.16073036314611017 0.9745397010024403 0.1563269699475873 93.68580190324653
 0.790000 0.16900681760694264 0.9718579972429295 0.16409975258157958 94.65171893552362
 0.800000 0.17560020505163243 0.9693881280627697 0.17161359257583256 94.99669416826632
 0.810000 0.18294552761072805 0.9666324045558613 0.17931181887925327 95.41464069504373
 0.820000 0.19191319733144663 0.9637557619219858 0.1853217635686479 97.37715402806347
 0.830000 0.19932280717226042 0.9613264374404406 0.1900576207865407 99.24009054380382
 0.840000 0.20552075897418234 0.9585663707772184 0.1972605648518435 99.4960969629436
 0.850000 0.2114469042226492 0.955796137271913 0.20431336390639784 99.74238450366737
 0.860000 0.2202050166302421 0.9519985340072818 0.21262300416196972 100.28188406776096
 0.870000 0.22507639353389067 0.9494605058150102 0.21878154623112606 100.49194351787345
 0.880000 0.232793147617523 0.9457826165935961 0.22650075622764956 100.84995336922452
 0.890000 0.2367668736458934 0.9434849927408818 0.23189979736232594 101.33164727033603
 0.900000 0.24121635616086418 0.9409270321384822 0.23763625504443325 101.52698511072677
 0.910000 0.24526527434218726 0.9384610841456302 0.24317840929256007 101.70247587639832
 0.920000 0.24989729243544173 0.9357896813197196 0.24869462312034965 101.90462378524781
 0.930000 0.2560488984601017 0.932438829337102 0.25494468251333147 102.14670980548004
 0.940000 0.2577910214853351 0.9309461096931029 0.25861772964904156 102.2720767274808
 0.950000 0.26035528921318823 0.9291679737125024 0.2624157007606815 102.35326141528965
 0.960000 0.26314240216722173 0.9273456511258737 0.2660566096145585 102.54228773634658
 0.970000 0.26467808105488994 0.9260516725257716 0.26902381534228903 102.52404249441926
 0.980000 0.2647537759643869 0.9254057311663995 0.271163549978571 102.5131114055061
 0.990000 0.26483002715056686 0.9249511952074916 0.2726359169362371 102.45676725422872
 1.000000 0.26524595090648845 0.9240676411356163 0.2752155157940236 102.05907914986729
 1.010000 0.26438829808333103 0.9240214327774886 0.27619417011305086 101.67811043259371
 1.020000 0.2629637656905241 0.924314609925174 0.2765728833648242 101.20278489089266
 1.030000 0.26093114463380884 0.9250320456762019 0.2760989899151956 101.0927154934683
 1.040000 0.2584427639823547 0.9258089744062519 0.27583524186369845 100.63525926700258
 1.050000 0.2548956581182459 0.9273141660567424 0.2740741521978214 100.46158675047516
 1.060000 0.25247574422089647 0.9282603281001499 0.27310943201490967 100.1889913966243
 1.070000 0.24879697241192425 0.9297024628466923 0.2715757667676827 99.67504911875665
 1.080000 0.244031489842524 0.9318519442798314 0.26851552265583456 99.31495808574384
 1.090000 0.23894241031976007 0.9340976663922468 0.2652698139463709 98.7860497948451
 1.100000 0.23503807508282185 0.9359994717444071 0.26203452473968497 98.48547210470404
 1.110000 0.22513587283060005 0.9401040785754156 0.2559651542899398 97.75012464868416
 1.120000 0.21907993168813128 0.9426572036299957 0.251796306517789 97.09556116776733
 1.130000 0.21277167770823346 0.945442678606794 0.24671107521559307 96.67605543864393
 1.140000 0.2033180474829035 0.9491536094566401 0.2403522357357465 95.72454652945105
 1.150000 0.19430158783042834 0.9528402233360772 0.233114567883324 95.19329189006295
