0.0 1.15 1.0
Linear 4 explicit
 0.000000 -0.08856599798788702 0.9849848018801832 -0.14819245616921878 103.28457369329048
 0.010000 -0.0909781069002401 0.9848000736989152 -0.14795877435103272 103.09771600799546
 0.020000 -0.09328448564601195 0.9846201729069511 -0.14771973409955969 103.02054405576249
 0.030000 -0.09459557258666172 0.9847014612398777 -0.14633765707790758 102.7778782262402
 0.040000 -0.09552544447768554 0.9849842011929875 -0.1438089456798606 102.36748030957932
 0.050000 -0.09490457898742828 0.9855770243359511 -0.14011084893151907 102.07495876401713
 0.060000 -0.09612242964567973 0.9858404581787327 -0.13740112640352647 101.43619224605368
 0.070000 -0.0952560111354068 0.9866177884650497 -0.1323315224234414 100.70197458313723
 0.080000 -0.09349476513608727 0.9875328644524607 -0.12663952984145838 99.95766400774771
 0.090000 -0.09123079954838659 0.988695002686532 -0.1189921546844179 98.56275022635421
 0.100000 -0.08679881154095873 0.9899973380488261 -0.1112260624643139 97.81768681578177
 0.110000 -0.08066004554819917 0.9914894802607779 -0.10218888190197101 97.208257603431
 0.120000 -0.07347157847617442 0.9930717993308681 -0.09170784333944053 96.32402618882213
 0.130000 -0.0651112108374839 0.9946903191977202 -0.07969754775157427 95.12866561317406
 0.140000 -0.05462373148752029 0.9963001702087766 -0.06634921853603215 94.48839410693247
 0.150000 -0.043177225959913364 0.997682849371966 -0.052580026887036786 93.48955435679014
 0.160000 -0.030950950691446332 0.9988110024688374 -0.03766457219313612 92.55270279956093
 0.170000 -0.017806365702355914 0.9995486777722145 -0.024194505663308618 92.22573733240876
 0.180000 -0.007480387499232336 0.9999248648777352 0.00971125131506035 85.20458019573248
 0.190000 0.009160990649774272 0.9995958933639675 0.026909593460446673 85.08195122167609
 0.200000 0.025938268809429642 0.9986977674016996 0.043931487546298276 85.00764592726307
 0.210000 0.04324592515870579 0.9971712416755666 0.06147605007135993 85.01573264839048
 0.220000 0.06258573256851738 0.9946634567098285 0.0820221553296248 85.11892521673194
 0.230000 0.08140460652773288 0.9915128503657987 0.10136842504228918 85.25246082940383
 0.240000 0.10098276282175242 0.9874113803144761 0.1217425465412437 85.43364497822584
 0.250000 0.1219077614375991 0.980217061869554 0.15592629451472348 82.25022522621848
 0.260000 0.14257675685102383 0.9737510874680882 0.17742797992582657 82.76691157450009
 0.270000 0.1627859810704162 0.966446689277882 0.19869957511470218 83.3627240344377
 0.280000 0.17977932166835156 0.9604122020524326 0.212809298784768 83.62384073301878
 0.290000 0.20162020675301118 0.949678268496775 0.23970915413025093 84.49020754799406
 0.300000 0.2192033096454048 0.9409656653137661 0.2579409345976754 85.09659240764456
 0.310000 0.23471498657696335 0.9329670559625642 0.2729127105224698 85.4892481757784
 0.320000 0.25593561868555215 0.919176214976142 0.29935270987612067 86.02767418069233
 0.330000 0.27371215029977847 0.9070703754213776 0.3198515168186522 86.62204395086694
 0.340000 0.28785999528802736 0.8979276763632965 0.332960224551804 87.09051781326683
 0.350000 0.3062736252057507 0.88293418485552 0.3558422286868801 87.75777946537983
 0.360000 0.322375563416268 0.8692886618712863 0.3747148495243716 87.95445351971465
 0.370000 0.3347828062129914 0.8592095715247376 0.3868842008462367 88.45701557797281
 0.380000 0.35216908879671927 0.8404881220312954 0.41177257026226827 88.044000625269
 0.390000 0.36582876861148744 0.8267306498056932 0.4274175297388481 88.616830634506
 0.400000 0.37802099669992695 0.814201743920266 0.4406536579346542 89.03583929059188
 0.410000 0.3895264657942352 0.8014891624361106 0.45374470238595016 89.37231099767067
 0.420000 0.3998710244653498 0.7899567885688143 0.464834848077333 89.73968764348467
 0.430000 0.4090310324766597 0.780281473618355 0.4731325780360576 89.95253668469469
 0.440000 0.417932466385547 0.7697132156243295 0.48257022207565625 90.4876826369676
 0.450000 0.42517323495552867 0.7616992365596711 0.48891920938112554 90.71915569112058
 0.460000 0.43214674820254323 0.7531436397686826 0.49600790910422843 91.11691193399618
 0.470000 0.4368582137985569 0.7484938911670148 0.4989106091499711 91.43218001700473
 0.480000 0.4420230711708332 0.7421452732988629 0.503821394814532 91.77512346998631
 0.490000 0.44584142502669927 0.7371171345727721 0.5078225611858811 92.08711032294143
 0.500000 0.4476648184680724 0.7360673865522033 0.5077410883119045 92.24275291766006
 0.510000 0.4503027615374044 0.732261411046689 0.5109017996089851 92.66060796825471
 0.520000 0.45115530486415734 0.7322623475015734 0.5101477681264658 92.87741825620753
 0.530000 0.45044450365938926 0.7342367824231715 0.5079331614099586 93.07298299121932
 0.540000 0.44875621143407596 0.7376256033888835 0.5045060276394332 93.00368044019314
 0.550000 0.44580501691227753 0.7433800816467302 0.4986420972067488 93.2100625134698
 0.560000 0.4407544562609939 0.7512613010957352 0.4912656783879967 93.08370881409103
 0.570000 0.4351764692371534 0.758397521024639 0.48523668526397223 92.8159177981498
 0.580000 0.4275387706142584 0.770510612897537 0.4727832431822331 92.81342579940764
 0.590000 0.4186270755138031 0.7823862531642026 0.4611107486346861 92.54156259296332
 0.600000 0.40916483109965435 0.7940947481774461 0.4494415111092764 92.12411614220683
 0.610000 0.39835648942365753 0.8074726033222694 0.4350863158248216 91.8225856622141
 0.620000 0.3869037518556004 0.8204306155505966 0.4209502249284696 91.23850575220884
 0.630000 0.37468701183362985 0.8340114875550338 0.40501170574370443 90.53826731018809
 0.640000 0.3615436255152352 0.8478547849448018 0.3878510931987985 89.61462823929416
 0.650000 0.3485056971497838 0.8606876615217707 0.37116105447410436 88.60228469406249
 0.660000 0.335292967044687 0.8732119139635253 0.353665915183422 87.43156006133529
 0.670000 0.32483950086594354 0.8816065452021321 0.34241670247510664 87.04237124086477
 0.680000 0.3094143572114846 0.89387523651301 0.32442228206492574 84.52976565390439
 0.690000 0.29419671061299 0.9049928484051047 0.30730479950712103 82.9432055387876
 0.700000 0.27797945625083903 0.9162261881872219 0.28854288066490474 81.8780933627796
 0.710000 0.26119915778206165 0.9269490600939162 0.26933332501743434 80.82646104569042
 0.720000 0.24340291209743872 0.9374230708654153 0.24898395247834948 79.82371348233805
 0.730000 0.22458178582524105 0.9476672542403701 0.22691363272413423 79.2303733373081
 0.740000 0.20679904464532892 0.9559573398796042 0.20827798602850534 78.5959226899081
 0.750000 0.18780015359353516 0.9646043818443286 0.18512020105046703 78.97027471716488
 0.760000 0.16942306454210926 0.971394326305213 0.16639978372342218 78.58327463251405
 0.770000 0.1533489314280811 0.9763728215976281 0.15225051223346348 78.41073249709652
 0.780000 0.13287051820731516 0.9825151193550835 0.1304203420865995 78.08176933580856
 0.790000 0.11521596865629216 0.986922779168249 0.11273290790808133 78.01762966343998
 0.800000 0.09876928168891556 0.9901872165076027 0.09886306317114496 77.9754204671845
 0.810000 0.08202321727248348 0.9930923934016348 0.08390286047616934 77.99396997679057
 0.820000 0.06481547744846622 0.9958020188978013 0.0646319815740656 79.00383773761699
 0.830000 0.05031149009495027 0.9978658838490287 0.04162249169166196 82.09755625556811
 0.840000 0.03562069507401714 0.9989343423721303 0.02934869182780023 82.20028151310098
 0.850000 0.021381610639382938 0.9996077869291923 0.01808587949170122 82.31695067983044
 0.860000 0.007673800478087253 0.9999648813220611 0.003368814150219508 83.27047373293502
 0.870000 -0.005932486339282857 0.9999541162173939 -0.007521373925339326 83.46623799037117
 0.880000 -0.01826344323843938 0.9996641920141547 -0.01838341224483023 84.37224675152694
 0.890000 -0.021216526578425564 0.9987814885815421 -0.044557794680457195 92.14694116558336
 0.900000 -0.03213523735709082 0.9980855849244723 -0.05284403169684782 92.40080584422468
 0.910000 -0.042729655776449396 0.9971978982647611 -0.06140462697199007 92.62073801163059
 0.920000 -0.052753846000982665 0.996172920749372 -0.06968890656173264 93.0763093616037
 0.930000 -0.06128756176350222 0.9950869857207888 -0.07775426433450226 94.0024346308076
 0.940000 -0.07002144414923911 0.9939526550583576 -0.08458792385261903 94.35712249492276
 0.950000 -0.078629262785425 0.9927737451471805 -0.09065169595910255 94.62628863358357
 0.960000 -0.07426622886366703 0.9915278600513187 -0.1065693670452344 101.93757369320059
 0.970000 -0.0809093818890699 0.9904416789311611 -0.11170923219837939 102.25881807763562
 0.980000 -0.08709435902321973 0.9894235927285933 -0.1159979602336936 102.45311771686934
 0.990000 -0.09338918151639185 0.98835863171689 -0.12010693521364785 102.65140231222674
 1.000000 -0.09756251559619014 0.9873776051773553 -0.1247678658340112 103.30728766731357
 1.010000 -0.10157286832478836 0.9866635570772204 -0.1271926788616465 103.91495139503274
 1.020000 -0.10414925675319223 0.9859767028672701 -0.1303950678543656 104.79097946815618
 1.030000 -0.10742229435762692 0.9854219815450722 -0.13192410303931057 104.91386671783702
 1.040000 -0.10923388134474746 0.9849891439517389 -0.13365756792483643 105.68959978868699
 1.050000 -0.11245614864488816 0.9845118255381492 -0.13449936805613544 105.76336333294722
 1.060000 -0.11249799504533445 0.9845136953999838 -0.1344506775016312 106.18971387481663
 1.070000 -0.1123102564014325 0.984559629742793 -0.134271150243748 106.95199764177883
 1.080000 -0.11284492841608573 0.9846637085120777 -0.13305413661367524 106.91244792735783
 1.090000 -0.11272523580238505 0.9849312017797301 -0.13116230012481989 106.72097607281817
 1.100000 -0.11148510587028573 0.9855014536552725 -0.12789822521222066 106.4832119062703
 1.110000 -0.11159766186183619 0.9857753729856511 -0.12566970948471137 105.9543253077373
 1.120000 -0.10956644205873602 0.9865827397991872 -0.12103591328576381 105.37005167387132
 1.130000 -0.10650154336596736 0.9875381612336593 -0.11586976036874357 104.8935810272734
 1.140000 -0.10424146621678235 0.9884352645110802 -0.11013375773070712 103.71316091307835
 1.150000 -0.10006972602121741 0.989546216682417 -0.10384765275899846 102.88189904560203
