0.0 1.15 1.0
Linear 3 explicit
 0.000000 -0.014833086629895147 1.102300993916429 0.27804344675612536
 0.010000 -0.01524974705602541 1.100353665052638 0.2630370840333356
 0.020000 -0.015764387666250476 1.098915456704463 0.24749210652879658
 0.030000 -0.016293109667172394 1.0977823103239182 0.23157814650910796
 0.040000 -0.016717501015508573 1.0968382438251705 0.21524169139552118
 0.050000 -0.017192143977957673 1.0961128819270685 0.1983668523836779
 0.060000 -0.01755213528998139 1.0954932212959516 0.18089738018116097
 0.070000 -0.017913126282778663 1.0949369463291898 0.16337909351986635
 0.080000 -0.01825344534688757 1.0944052831931699 0.14547982964892758
 0.090000 -0.01860031922729904 1.094163142203017 0.12789546886684477
 0.100000 -0.018989202501423406 1.0939858176862836 0.10965278927956393
 0.110000 -0.019454405079347193 1.0939261365138715 0.09134620682358642
 0.120000 -0.02007601104486504 1.0940237658559395 0.07333051877316665
 0.130000 -0.020851428606324676 1.0943762129189305 0.0554790170576242
 0.140000 -0.0214793696746609 1.094950325124847 0.03731725711908536
 0.150000 -0.022487089826601695 1.0957345493776764 0.019345711301292604
 0.160000 -0.02338561608089076 1.0968032280960633 0.0014208487524689922
 0.170000 -0.02421255276943427 1.0978503149186412 -0.017445095967989793
 0.180000 -0.02642539887464327 1.1001035587754648 -0.03008281989478545
 0.190000 -0.027279864444794563 1.1015587368143764 -0.0487806754546017
 0.200000 -0.02809482829292525 1.103126640579568 -0.06740877907970462
 0.210000 -0.028950902828185826 1.10484511914764 -0.08595121634446229
 0.220000 -0.02996136808482765 1.1066548355609938 -0.10408350207340088
 0.230000 -0.03099268764702392 1.108343051198244 -0.12220063365871502
 0.240000 -0.03210810246548899 1.1099826882437078 -0.14004104834848008
 0.250000 -0.03465214743706839 1.1115924028757749 -0.15509152365278944
 0.260000 -0.035798576172114946 1.1129303722368737 -0.1726035377999076
 0.270000 -0.03680661002029205 1.1140581175212747 -0.189982395826757
 0.280000 -0.037794923347228226 1.1146300712325181 -0.2083385917875924
 0.290000 -0.03892544346008561 1.1153761585722382 -0.22422115138496454
 0.300000 -0.039665744915381614 1.1159943901823697 -0.2414378348964881
 0.310000 -0.04021028568815353 1.1161837849290406 -0.2592300985772331
 0.320000 -0.04163804330250495 1.1162389018687104 -0.2747558279847031
 0.330000 -0.04253581445810918 1.1159892251635886 -0.2910454380279589
 0.340000 -0.04307045612938083 1.1156825114855002 -0.3082690681838849
 0.350000 -0.04420148284681006 1.1149548428013554 -0.32369845928570096
 0.360000 -0.045319314901336755 1.114309235032787 -0.3396243042760526
 0.370000 -0.04555996172344358 1.1135651018412136 -0.35625763306823893
 0.380000 -0.04730109437627513 1.1125959720566816 -0.37085506527035506
 0.390000 -0.04799534685050507 1.1116095938057708 -0.38621424324585935
 0.400000 -0.048645087984474575 1.110681682719657 -0.40156552837683385
 0.410000 -0.049225378596478686 1.1097680109218326 -0.41656910462606095
 0.420000 -0.04962942073727743 1.1088544032304513 -0.43148050525608733
 0.430000 -0.0499566226667171 1.1080505690304507 -0.4465136327582953
 0.440000 -0.050080758818330545 1.1073462642068215 -0.46077082567788885
 0.450000 -0.050137338335017795 1.1066880921317477 -0.4749820862862268
 0.460000 -0.05013354127558803 1.106009549986657 -0.4887909872714486
 0.470000 -0.049728399947279914 1.105361514994378 -0.5026885829932638
 0.480000 -0.04953687043543579 1.1048163610062283 -0.5159227699115478
 0.490000 -0.04917162144684156 1.104297816393709 -0.5287375875304301
 0.500000 -0.04844539154342938 1.103872242963415 -0.5417543198314289
 0.510000 -0.04782763666378734 1.1030602802801992 -0.5537723272631306
 0.520000 -0.04692603124673366 1.102535012216556 -0.5660900073270905
 0.530000 -0.045734691276117 1.102462386719933 -0.5779996085414184
 0.540000 -0.0445397747631652 1.1027318142040174 -0.5898767778387539
 0.550000 -0.042983908733406 1.1034167604989618 -0.6014219571665219
 0.560000 -0.04129343958273166 1.1047079640972202 -0.6128061107616966
 0.570000 -0.039755735702870346 1.10623396919205 -0.623554778799011
 0.580000 -0.03756552481088908 1.107632455976145 -0.6349378235000941
 0.590000 -0.03522556757253647 1.1091670237454403 -0.646095758045678
 0.600000 -0.032988721194238575 1.1106233353272905 -0.6569989468652472
 0.610000 -0.03036690196268367 1.1121311934276201 -0.668112248380376
 0.620000 -0.027979853511661587 1.113615303354138 -0.6788944804827808
 0.630000 -0.025790294028798857 1.1150901743681778 -0.6896424416234788
 0.640000 -0.023819236354861786 1.1166353775940097 -0.700249681358392
 0.650000 -0.022117501721202165 1.1181333456362488 -0.7104127879617559
 0.660000 -0.020753456735659648 1.1196150724405691 -0.7203463187159858
 0.670000 -0.01926740858609516 1.1208066815558893 -0.7291481437296538
 0.680000 -0.018836098417137584 1.1220770227443444 -0.7383969986985714
 0.690000 -0.017682446116065002 1.1232442242957665 -0.7474374682069946
 0.700000 -0.016085594583433574 1.124237973112776 -0.7564069525909611
 0.710000 -0.014388755896394045 1.1251792566975598 -0.7653257122196437
 0.720000 -0.01259496265751639 1.1259421205738551 -0.7742229220730007
 0.730000 -0.010462256428605939 1.126540120146681 -0.7832121656862525
 0.740000 -0.008818674468974594 1.126904560981648 -0.7913609235763648
 0.750000 -0.006693178534875794 1.1270285506866364 -0.8001586094938056
 0.760000 -0.005036512706737739 1.1270310196322006 -0.8080658749250842
 0.770000 -0.003799313708569347 1.12684697719414 -0.8152477806551647
 0.780000 -0.0019098213028684863 1.1264943924834627 -0.8235012341800935
 0.790000 -7.026924439540241E-4 1.1260061777587174 -0.8309700089130293
 0.800000 3.602955226897006E-4 1.1252613966798113 -0.8379816464164682
 0.810000 0.0014124695088227023 1.1244369974814976 -0.8451896118358915
 0.820000 0.00312202109142367 1.1234346545402623 -0.8535806862901609
 0.830000 0.0052732315986261415 1.1220166251796262 -0.8631975978267193
 0.840000 0.0059747302948463185 1.1208869652172033 -0.8703160861611648
 0.850000 0.006659602660224837 1.1196097905687625 -0.8776236740203243
 0.860000 0.007505538603911061 1.1183666862816994 -0.8856719530586159
 0.870000 0.007972710747743283 1.1171320489171872 -0.8931114435913987
 0.880000 0.008937229320440925 1.1158407216816997 -0.9013725518300226
 0.890000 0.011150686896939875 1.1132313937404352 -0.9157001344825917
 0.900000 0.011627871830034915 1.1118563280276141 -0.9238780920388576
 0.910000 0.011914849969134611 1.1105521103764031 -0.9323781808930344
 0.920000 0.01223745640349158 1.1091672179256686 -0.9411179226801669
 0.930000 0.012641826394960604 1.1077606517950256 -0.9508650103190127
 0.940000 0.012784320051288895 1.1064759385999958 -0.960329998065338
 0.950000 0.012995172048638853 1.105373297781533 -0.9702472514774757
 0.960000 0.013072212174074772 1.102656433328789 -0.9862267368614814
 0.970000 0.012951573282978239 1.1015844136543391 -0.9968866248700623
 0.980000 0.012756288217739206 1.10054003302987 -1.007987805638634
 0.990000 0.01263237351122336 1.0995930934854512 -1.0193570646169106
 1.000000 0.012028913821504107 1.0984556012492093 -1.031636542885659
 1.010000 0.01192136000453196 1.0973114150814112 -1.0445110436632332
 1.020000 0.011314233559367802 1.0960508949289205 -1.0579187476490786
 1.030000 0.010741296971909994 1.094914322896153 -1.0711894171268146
 1.040000 0.010091540407883468 1.0935953957334985 -1.0854121942266846
 1.050000 0.00955350285463527 1.092422130082609 -1.0992995647602977
 1.060000 0.008448172074967402 1.0911054880429856 -1.1142977307614188
 1.070000 0.007539366997558174 1.0898553879367068 -1.1299323731095239
 1.080000 0.006636122764089621 1.0891495188576394 -1.1454360673176056
 1.090000 0.005666322076281925 1.088561889852126 -1.1614228682847654
 1.100000 0.004749733560505676 1.0881849513748754 -1.1777932135766351
 1.110000 0.0038063877412362855 1.0879791191804247 -1.194828176673916
 1.120000 0.0029281769297961613 1.0879893038134043 -1.2121489705020934
 1.130000 0.002014251843206019 1.0880261470650425 -1.2296825964181313
 1.140000 0.0011460589085181185 1.0884147434249045 -1.2470960973561032
 1.150000 2.0040535833952024E-4 1.0888192755509656 -1.2649628179581816
