0.0 2.5 1.0
Linear 3 explicit
 0.000000 0.8216587103492631 0.1062520899137027 -0.05596462956501588
 0.010000 0.8115042002187228 0.10997387904962502 -0.05488639242101423
 0.020000 0.8027588132879268 0.10888454235822129 -0.05394612478743712
 0.030000 0.7935209261377361 0.10785669044211837 -0.053066668346054884
 0.040000 0.784573347827481 0.10702662700690578 -0.05266241620046741
 0.050000 0.7757307297640272 0.10642061059687526 -0.052477469141286766
 0.060000 0.7665494731858247 0.10591465838954173 -0.0529282414045767
 0.070000 0.757099247665971 0.10559978070038689 -0.05358738919870186
 0.080000 0.7470518131924069 0.1053369859803181 -0.05460923389375258
 0.090000 0.7371059626145803 0.1052438520339937 -0.055719954077426984
 0.100000 0.7271789041969945 0.10536013173360073 -0.0568938502785756
 0.110000 0.7171326790361253 0.10541688198732582 -0.058036404172928546
 0.120000 0.7068825885871721 0.10555898705305203 -0.05909590233163988
 0.130000 0.6961294157158608 0.10563372542854302 -0.060029284337498476
 0.140000 0.6858350571769918 0.10563995160199295 -0.060679927612470735
 0.150000 0.6757092243939384 0.10568768507782199 -0.06121288847032758
 0.160000 0.6655430828430663 0.10565628887566639 -0.061508741522518014
 0.170000 0.6552254072597297 0.10574157428548575 -0.06171260826645789
 0.180000 0.6444700821823142 0.10590745111642236 -0.06194288947908516
 0.190000 0.6340172602024902 0.10610095400820116 -0.06218472174992436
 0.200000 0.6236986513055923 0.10637730270172888 -0.06238767206760998
 0.210000 0.6132746519421647 0.10660131741849757 -0.0626776593578895
 0.220000 0.6026606603197563 0.10688965515631091 -0.06296682567283149
 0.230000 0.5916369893363445 0.10718147167389343 -0.06320161348382819
 0.240000 0.5811170986020096 0.10750596988315556 -0.06338851423436886
 0.250000 0.5708006048259179 0.10791367615701725 -0.06354549812151089
 0.260000 0.5605270931230727 0.10797748491092365 -0.06368125400489988
 0.270000 0.5500736682139857 0.10814204551286968 -0.06374412828403382
 0.280000 0.5392444451068421 0.10838060942855919 -0.06379970851719097
 0.290000 0.5289191195037439 0.10854867398848661 -0.06391045483898489
 0.300000 0.5187947900883663 0.10875377455017106 -0.06399192843815787
 0.310000 0.508569374284842 0.10876054821903552 -0.06417960047027776
 0.320000 0.49815315753868217 0.10881094743081142 -0.06433845156009202
 0.330000 0.4872714786106049 0.1088492528622726 -0.06442817474841314
 0.340000 0.4767926641705627 0.10888967900605423 -0.06451651853698567
 0.350000 0.4664950000856703 0.10897828926541497 -0.06460277342622373
 0.360000 0.45625088821205195 0.10909788821426719 -0.06479053781401928
 0.370000 0.44583357974635773 0.10933847772200289 -0.06496638427575646
 0.380000 0.43502803538019486 0.10973396284592987 -0.06523027144649528
 0.390000 0.424579625751765 0.11005732252982464 -0.06550300874376641
 0.400000 0.4142879055025696 0.11039968135795582 -0.0657511884483732
 0.410000 0.40406930710973477 0.11073787116843738 -0.06582027151565763
 0.420000 0.3937099274076171 0.11114694786092547 -0.06581452220993234
 0.430000 0.3829992878830823 0.1115915609310855 -0.06571941683348956
 0.440000 0.3727207787318106 0.11207240310015235 -0.06565961639451988
 0.450000 0.3626497998845073 0.11262488310470326 -0.06555965111596086
 0.460000 0.35248479650589915 0.11315421645742008 -0.0655031853173573
 0.470000 0.3421650967613489 0.11368787977933861 -0.06546116146165464
 0.480000 0.3314382259273819 0.11412474310812307 -0.06546271498492728
 0.490000 0.32113861216078343 0.11465459064522839 -0.06540345292717456
 0.500000 0.31103781175522405 0.11529372499279175 -0.06533241050434906
 0.510000 0.3007807739876311 0.11584778375961804 -0.06537373880086468
 0.520000 0.29033854333866227 0.11646135595950913 -0.06540919349154828
 0.530000 0.279414628059436 0.11707145931128743 -0.06549228376929656
 0.540000 0.2690513776872637 0.11789711905777296 -0.06561214478948943
 0.550000 0.2589426639903393 0.11888771768449521 -0.0657500090947219
 0.560000 0.24862753483134842 0.11986594116233887 -0.06608562641977295
 0.570000 0.23803516069096667 0.12096676348289134 -0.06644826829747197
 0.580000 0.2267503117959869 0.1222086702273146 -0.0669037931738269
 0.590000 0.21622654976117248 0.12402986928230866 -0.06748149184620209
 0.600000 0.2060514822336416 0.12618968838599104 -0.06812892784444304
 0.610000 0.19582901513732404 0.1285423624764081 -0.06883958276388316
 0.620000 0.18554270796406352 0.13133595133774137 -0.06960318104156994
 0.630000 0.1750520669846172 0.1349482172354513 -0.07048421008424098
 0.640000 0.16518981746396832 0.13884713254894898 -0.07129693786575347
 0.650000 0.1556430318857739 0.1429903406603207 -0.0721032865695948
 0.660000 0.14643958993894698 0.14823734169768715 -0.07280761248849568
 0.670000 0.13727098812326982 0.15408812168653793 -0.07355665536791473
 0.680000 0.12807665479862343 0.16109187239835443 -0.0743467006193998
 0.690000 0.11996690496988002 0.16891093974358734 -0.07512224248790961
 0.700000 0.11250454553031247 0.17731069310502273 -0.07591648298135037
 0.710000 0.10616706758483024 0.1870440304138229 -0.07653014713564835
 0.720000 0.10051122480544332 0.19780115272775767 -0.07702642536787052
 0.730000 0.09607618048854005 0.210510245994572 -0.0771193817508339
 0.740000 0.09382101049572668 0.22363075096302445 -0.07685803550664624
 0.750000 0.09294868701982005 0.2373282841541042 -0.0759723029453569
 0.760000 0.09497386935769155 0.2513377251025149 -0.0748271557197121
 0.770000 0.0984680578969797 0.26574415731857765 -0.0729663894448368
 0.780000 0.10421547913525657 0.2800714939561324 -0.07059619706296942
 0.790000 0.11147116309499361 0.29268632216218965 -0.06828812720317393
 0.800000 0.11971408770748501 0.30475721617667456 -0.06526170777465748
 0.810000 0.12849814958540484 0.31398638048810973 -0.06306802100289706
 0.820000 0.1378251330189424 0.3228028481913962 -0.06035802790085576
 0.830000 0.1478279134313333 0.33014886011255506 -0.05788550072279181
 0.840000 0.15774226677188147 0.3353839268802423 -0.05568377020905026
 0.850000 0.16761126595170692 0.3398556633132452 -0.053483912581267036
 0.860000 0.1781005403389444 0.3415873426118918 -0.051626167465014514
 0.870000 0.18902515281932372 0.34269932249426643 -0.04974792720100223
 0.880000 0.20096075690841608 0.3420580866863667 -0.048103230943788
 0.890000 0.21307026083714156 0.339835022296562 -0.04686763408637583
 0.900000 0.22530577416279587 0.3370727396691469 -0.04579571564023842
 0.910000 0.2382559493026939 0.3317423412696431 -0.04520195430971206
 0.920000 0.25184733251912816 0.32577281167122524 -0.044780686004722375
 0.930000 0.2668208602703389 0.31795860135678533 -0.04469627287817491
 0.940000 0.28187021387779354 0.3089888545204441 -0.04495706573774939
 0.950000 0.2971593925173487 0.29980827329394494 -0.04518097189321123
 0.960000 0.3134936042980285 0.2886667000775374 -0.04553378145691511
 0.970000 0.33085881104003734 0.27717677612006253 -0.0457858182895861
 0.980000 0.35007022772865576 0.26426441295495506 -0.04604742208337195
 0.990000 0.3693622173809487 0.25111765285450127 -0.04623818431128931
 1.000000 0.38910237260640174 0.2383836031727882 -0.04637123946634604
 1.010000 0.40987457009463685 0.2247475054821811 -0.04627405151194285
 1.020000 0.431880520199163 0.21145552380621446 -0.04603609710696355
 1.030000 0.4558509267324742 0.19784675840471921 -0.04559681651649939
 1.040000 0.47968550463996956 0.1853074968627903 -0.04495832034437258
 1.050000 0.503802482073174 0.1740037106766234 -0.04452603425669136
 1.060000 0.5283373654043064 0.16314606768488102 -0.04367727496246271
 1.070000 0.553764246672917 0.15341397867887527 -0.04312762591106412
 1.080000 0.5804884237613038 0.14455530828654756 -0.04262181380079335
 1.090000 0.6058694774319523 0.13746604822401098 -0.0423291466070684
 1.100000 0.6307177070420715 0.1318822328880636 -0.0423084027362713
 1.110000 0.6545112312799459 0.12736213424881748 -0.04269422951028269
 1.120000 0.6782221268501037 0.12408241806115114 -0.04338734437958817
 1.130000 0.7017096694758042 0.12181664862041433 -0.04441036507810874
 1.140000 0.7225772205021068 0.12055702633272761 -0.04571729169004341
 1.150000 0.7423713262479333 0.12028426511899556 -0.046755045655799535
 1.160000 0.7588331741305477 0.12036201375523022 -0.04789492394325219
 1.170000 0.7743312901759409 0.12095348066113798 -0.04852186464942702
 1.180000 0.7875164474417591 0.12152941332384187 -0.04881413566265694
 1.190000 0.796921551879991 0.12179217499451835 -0.048576894288767325
 1.200000 0.8047007132828076 0.1219190387722226 -0.048050735579235365
 1.210000 0.8073959176525879 0.12115078343317598 -0.047151394751967536
 1.220000 0.8087083849751328 0.12007197590771868 -0.046143385831322804
 1.230000 0.8067717989395796 0.11826339915601734 -0.04497230590801603
 1.240000 0.8023985909244372 0.11608836059066496 -0.04387854459713315
 1.250000 0.7969346260907721 0.1138628724671328 -0.04288310175906294
 1.260000 0.7890741600017473 0.11170020749842523 -0.042050783751677395
 1.270000 0.7807175363293998 0.10976953266427596 -0.041386291169995426
 1.280000 0.7712590772403091 0.10805335016919723 -0.04087991932612931
 1.290000 0.7619882260738486 0.10682135389579817 -0.04066111216972562
 1.300000 0.7527867211612411 0.10597702878685625 -0.04059263881819686
 1.310000 0.7434596668786224 0.10545188085706073 -0.04073532160966008
 1.320000 0.7338817865250871 0.10515947969589912 -0.04097965266635848
 1.330000 0.7237478264267055 0.10501477217916108 -0.041393203505512094
 1.340000 0.713865995030064 0.10499959641007642 -0.041968998091104916
 1.350000 0.704080913214571 0.10516233229206863 -0.042620699561594054
 1.360000 0.6941486710599196 0.10514192841761838 -0.04338184803779821
 1.370000 0.6839669771015799 0.1052035595694043 -0.044162494118313154
 1.380000 0.6732155097574485 0.10518406463424303 -0.04500914379599574
 1.390000 0.6628336191404396 0.10515249178838708 -0.045751941348371926
 1.400000 0.6525971252943373 0.10519481890135748 -0.046439669804244854
 1.410000 0.6424588526007267 0.10511225206633809 -0.04695407605329742
 1.420000 0.6320984894719118 0.10513749405065659 -0.04741681957053869
 1.430000 0.6212419182609649 0.10521301642598369 -0.047834718774623884
 1.440000 0.6107982096621337 0.1053810467377215 -0.0481786201759357
 1.450000 0.6005079001781783 0.10566235189443383 -0.048506607591076625
 1.460000 0.590241966141433 0.10583615542747767 -0.04876622237656394
 1.470000 0.5798000544887603 0.10610049962712018 -0.048940596777736975
 1.480000 0.568959608107419 0.10639454155234122 -0.049171968132858075
 1.490000 0.5584899195979469 0.1066609365274627 -0.04940080365011805
 1.500000 0.548165426745286 0.1069775214371276 -0.04953666875743447
 1.510000 0.537939229011311 0.10701996735135712 -0.0497317090416482
 1.520000 0.527510572647066 0.10712614477333632 -0.049797568950244966
 1.530000 0.5166753790566635 0.10721571311519014 -0.04983960554372115
 1.540000 0.5061709316319272 0.10730519523783932 -0.04982609135958989
 1.550000 0.49581161400000123 0.10744628386833512 -0.04976223546057306
 1.560000 0.48556826900593597 0.10736078362793985 -0.049816525203037115
 1.570000 0.4750780004942527 0.10736253563336741 -0.049750728914069266
 1.580000 0.46410921415738177 0.10737387052961493 -0.04976205973004943
 1.590000 0.4537397552689707 0.10733113561944928 -0.0498242433638304
 1.600000 0.4436254793249861 0.1073501665818179 -0.04987840019813188
 1.610000 0.43338816392029683 0.10731954887514111 -0.05010909508210177
 1.620000 0.42295173097038447 0.10726681429780288 -0.05021922981758661
 1.630000 0.41203702914430484 0.10703028660043601 -0.050232240571940374
 1.640000 0.40164753168659706 0.10695218601381268 -0.050206697429760666
 1.650000 0.39148928403498295 0.10700345715516313 -0.0501699104447588
 1.660000 0.38138809336665525 0.10693067974470463 -0.05018283208474175
 1.670000 0.3710361401246189 0.10691607815802023 -0.050222463129707615
 1.680000 0.36007724234586297 0.10686829829930405 -0.050365986909168284
 1.690000 0.34960236444096243 0.106783455094542 -0.050527596453179564
 1.700000 0.3393489901363184 0.10675268001195629 -0.05068682140159024
 1.710000 0.32904713314748285 0.10706292101262846 -0.050686186979737355
 1.720000 0.3185648094897955 0.10738228188519305 -0.05060606156488419
 1.730000 0.30763265516797916 0.10757365327969837 -0.05038434549654795
 1.740000 0.29715270503369684 0.10789740813953771 -0.050261487956762496
 1.750000 0.28689211632868966 0.10834833603359217 -0.050146844001116776
 1.760000 0.27661099600272615 0.10889345364556244 -0.050338778428917055
 1.770000 0.26617331710957104 0.10956294324625782 -0.05057698980605047
 1.780000 0.2553099250181674 0.11036476008872967 -0.05098895855839956
 1.790000 0.24482401381557425 0.11140417557199554 -0.05154657033064642
 1.800000 0.23452410403830043 0.11261317232169263 -0.05214420375043207
 1.810000 0.2241213859920422 0.11441843976289473 -0.05292437890805245
 1.820000 0.21355827623420764 0.11642990665040898 -0.0537006442411565
 1.830000 0.202529633578676 0.11877339624831489 -0.05457476306240017
 1.840000 0.19206158838413576 0.12164572044233846 -0.055418108491204085
 1.850000 0.18187982179402734 0.12484876916526604 -0.056275235847094054
 1.860000 0.1717459467362512 0.12865151922156776 -0.0570584572606886
 1.870000 0.16161407688324536 0.13294668550330305 -0.05787555720152837
 1.880000 0.15135749783012403 0.13814650658131655 -0.05871654904952105
 1.890000 0.1418426911088379 0.14386211050948408 -0.05954930851375918
 1.900000 0.1327536808982447 0.14995123389628695 -0.060399476660967226
 1.910000 0.12434377833086677 0.15719061771819948 -0.06134464847599299
 1.920000 0.11627530614306897 0.16522563920747907 -0.06234227881951613
 1.930000 0.10878877019243471 0.17479060210280847 -0.06341513204662656
 1.940000 0.1025642062853028 0.18504597865946182 -0.06442049983094111
 1.950000 0.09716491223432452 0.19597690742104115 -0.06538870706135225
 1.960000 0.0936205125671031 0.20846283926734566 -0.06613046344477153
 1.970000 0.09129474934328993 0.22203652649303546 -0.0667523448557205
 1.980000 0.09110362297314316 0.23723352077352367 -0.06685915555262896
 1.990000 0.0933993008759531 0.2520924538163836 -0.06671632619662522
 2.000000 0.09730921931700977 0.2672041129394858 -0.06589403027991192
 2.010000 0.10399277302226849 0.2809315903082028 -0.06522784913842397
 2.020000 0.11210963700787849 0.2945831198222101 -0.06376337566480803
 2.030000 0.12215794795723259 0.3071806970651502 -0.06213783019068336
 2.040000 0.13246935643235086 0.31741250966664175 -0.06067459734729299
 2.050000 0.14298764168052192 0.32681296257250625 -0.058869862530389214
 2.060000 0.15381893373089225 0.3334380702366852 -0.057578417048907454
 2.070000 0.16492254109949478 0.3394771325818864 -0.05598131908610928
 2.080000 0.17651896734863054 0.34358942565417994 -0.05449259522997968
 2.090000 0.1880976488630299 0.34551582493430344 -0.05322135144764519
 2.100000 0.19967277676272283 0.34664677181640247 -0.0520248247109166
 2.110000 0.21225903141507146 0.3448616214156309 -0.051043054247696465
 2.120000 0.22537955360749065 0.3423614643416624 -0.050148600682823806
 2.130000 0.23970274982506673 0.3378726876694668 -0.04966588336929688
 2.140000 0.2541188277232136 0.3319403575573448 -0.049393682500330834
 2.150000 0.2687362991839231 0.3255872409964911 -0.04914862482752699
 2.160000 0.2841947583520398 0.3169366337894255 -0.04903408907921998
 2.170000 0.300488611157729 0.3077512947020847 -0.04885294054557053
 2.180000 0.31839021612460094 0.29684197836212867 -0.0487659610067788
 2.190000 0.3363738853603604 0.2852213435143779 -0.0487474274441899
 2.200000 0.3547493381835677 0.27367581127509916 -0.048641469154717065
 2.210000 0.3742837364956432 0.2605086924991297 -0.04874540857791364
 2.220000 0.39499781893721686 0.24720024586909142 -0.048791089968083526
 2.230000 0.4176567550709366 0.2327191867719583 -0.04890251908266466
 2.240000 0.4403703412171147 0.21851484145523092 -0.048950880645652325
 2.250000 0.463540483535266 0.20512050776630106 -0.04907091608707967
 2.260000 0.4877266387871569 0.19148945170936266 -0.04889811459799589
 2.270000 0.5131031466249374 0.17862086955868045 -0.04877421622866739
 2.280000 0.5402454796950702 0.16589378094765458 -0.0485117214049503
 2.290000 0.5667217719027433 0.1548516639343603 -0.04811515939819265
 2.300000 0.5931278136046888 0.14546825032091137 -0.04799043619550572
 2.310000 0.6193420552065808 0.1371318781844018 -0.047554981319338524
 2.320000 0.6459647125934592 0.13028808773969458 -0.0475463832690345
 2.330000 0.6730143501816467 0.12473560453556574 -0.0476281318855568
 2.340000 0.697857427001108 0.12084402701660915 -0.048063830376337616
 2.350000 0.7216938199337315 0.11842245785416913 -0.048558592343704146
 2.360000 0.7428981622950029 0.11700102688313699 -0.04941498736417035
 2.370000 0.7633510343780381 0.1166257935960513 -0.05024213243112433
 2.380000 0.7820978983884388 0.11690145467540167 -0.051209362345718774
 2.390000 0.7969747050686922 0.11737641823295186 -0.052303377304450255
 2.400000 0.810206151610204 0.11808944488974499 -0.053203843863707495
 2.410000 0.8184433963583616 0.11802575870612866 -0.05479085347805257
 2.420000 0.825105674330145 0.11774797921845301 -0.05621780976663737
 2.430000 0.8280635187901297 0.11658127807568011 -0.057909095941105285
 2.440000 0.8275279829115214 0.11498095572805452 -0.058739812485436874
 2.450000 0.8254908316125575 0.11321706101004063 -0.059335482524723565
 2.460000 0.8194482591855893 0.11157739588704936 -0.057934386482216084
 2.470000 0.8125144592562554 0.10997915491962422 -0.056191080120315505
 2.480000 0.8036140900987853 0.10839721485857737 -0.053456776967425894
 2.490000 0.7943157652976475 0.10732277787428901 -0.05091260718968084
 2.500000 0.7848014522525681 0.10668095408597644 -0.04831812634011155
