0.0 2.5 1.0
Linear 4 explicit
 0.000000 0.11832501199009297 0.04979796082867008 -0.991725443172076 15.456781704170746
 0.010000 0.11190887897406235 0.05455704500551625 -0.9922196992839009 15.543743830715993
 0.020000 0.10372043104175775 0.05910943462975521 -0.9928485014957029 15.64660329017609
 0.030000 0.09453133190237596 0.0646780378128775 -0.9934186321553663 15.808120246725155
 0.040000 0.08734659594525075 0.06985459271407128 -0.9937257710523202 15.82015657139129
 0.050000 0.08087173623656775 0.07481439462742924 -0.9939127570539651 15.76941445168602
 0.060000 0.07525408049307382 0.0764530570060825 -0.9942292258043748 15.668409521246252
 0.070000 0.06897984398798379 0.07630310313738063 -0.9946957412068275 15.484852197476592
 0.080000 0.06118979200804252 0.07172916142789632 -0.9955454468555733 15.107634639015757
 0.090000 0.050931392774357986 0.060155004990111484 -0.9968888446585725 14.474410085658477
 0.100000 0.03895203443577174 0.04392876654990438 -0.9982750134520639 13.734243688016385
 0.110000 0.017480912955927755 0.007109508861768967 -0.9998219204268187 12.722807154376543
 0.120000 -0.011457162884165071 -0.04520580927253756 -0.9989119922328795 11.584323313748536
 0.130000 -0.05927772806869974 -0.13489900905072516 -0.9890846315215629 10.170143232809346
 0.140000 -0.13253269205693574 -0.2644553687631521 -0.9552478440009623 8.8495419982788
 0.150000 -0.22639823205857842 -0.4334639530661029 -0.8722687899455404 7.795168268501633
 0.160000 -0.33697700086823545 -0.6177211825765567 -0.7105399647325051 7.30845501541368
 0.170000 -0.42955639504321586 -0.7696747000732115 -0.47231574136872545 7.367174406131217
 0.180000 -0.4899624639213388 -0.8501389706658695 -0.19287434900293607 8.056187352294012
 0.190000 -0.5081293355112267 -0.8609809229492045 0.022725067886702418 9.11166154944
 0.200000 -0.5049401442769703 -0.843546236173261 0.18293495602393045 10.405509667622281
 0.210000 -0.4943456415403801 -0.813976832178622 0.30506409714433 11.621738537424836
 0.220000 -0.4783750381738561 -0.782666526847235 0.39823414043128935 12.921122169603901
 0.230000 -0.46046818286986974 -0.7533546045248662 0.4694953593015618 14.146190210470616
 0.240000 -0.4399032210325964 -0.7227385504027942 0.5330423471796722 15.256524310022456
 0.250000 -0.41863804008949834 -0.6921222858421207 0.5879701802223489 16.36136211841491
 0.260000 -0.39610343025149053 -0.664611760497186 0.6335560593600488 17.333468854470883
 0.270000 -0.3727638146510195 -0.6362755614762045 0.6754261975634058 18.296509480002353
 0.280000 -0.3468481548611358 -0.6043254571576684 0.7172775608511678 19.194959836653585
 0.290000 -0.32199880794126584 -0.5730875521247161 0.7535830579863805 20.009744995990413
 0.300000 -0.2981098939575971 -0.5424279398053277 0.7854313599819771 20.81147143031995
 0.310000 -0.271062246220301 -0.5057060935392073 0.8190156321043691 21.54327656683999
 0.320000 -0.2452349319905342 -0.47039552613491425 0.8476956276422896 22.267270022672736
 0.330000 -0.2202469956845034 -0.43748875438438967 0.8718341876063048 22.878576377349464
 0.340000 -0.19824155517055772 -0.4051621824446056 0.8924930765671422 23.483687900155395
 0.350000 -0.17801105319596577 -0.3734390835591699 0.9104149140971661 24.108338645300275
 0.360000 -0.16193407797992584 -0.3478016645492471 0.9234778592503258 24.610706406489754
 0.370000 -0.14808671552072583 -0.32469817308828997 0.9341527825144078 25.123890182255728
 0.380000 -0.13856512146206793 -0.3070118460659539 0.941564354406738 25.625218988961105
 0.390000 -0.13173847141920594 -0.2964421252959273 0.9459212660143363 26.105282683416164
 0.400000 -0.12611124271876484 -0.2890521567875746 0.9489703921178891 26.57521855338169
 0.410000 -0.12298517581637904 -0.29386750515279775 0.9479011213964696 26.904793860972575
 0.420000 -0.11964051035056188 -0.3013009998283498 0.9459935812601974 27.220058994867657
 0.430000 -0.11580030726800257 -0.31485663869824676 0.9420486112214582 27.503555691266026
 0.440000 -0.1115592002096224 -0.33079925115787534 0.937083987848463 27.687506304101287
 0.450000 -0.10715642782389136 -0.34757669974220656 0.9315084206663615 27.834803017608817
 0.460000 -0.10105644554040558 -0.3650619521069007 0.9254822342641904 27.925241697170872
 0.470000 -0.09402722798706002 -0.3823633879479674 0.9192154915763885 27.91822658962606
 0.480000 -0.08476595725866055 -0.3997880593281654 0.9126797029126057 27.672117737132346
 0.490000 -0.07543813741495174 -0.41060780427543114 0.9086860395601289 27.33835273582767
 0.500000 -0.06585439970575403 -0.41867491336609114 0.9057452814987725 26.967191224092094
 0.510000 -0.059355941043653146 -0.41445992533620324 0.9081298599611902 26.451367412337483
 0.520000 -0.053781900835510085 -0.40665550750561735 0.9119971520557879 25.888036014217885
 0.530000 -0.05083589541059107 -0.39030178770151897 0.9192824518366496 25.21535758836792
 0.540000 -0.05071636911050538 -0.3697735444802296 0.9277366952464339 24.586031536806498
 0.550000 -0.05172863827861077 -0.34654280750984867 0.9366067640931452 23.984594299800758
 0.560000 -0.054792724711741514 -0.3192075276542302 0.9460995252126159 23.624481414977975
 0.570000 -0.05733957409814328 -0.29262321232185184 0.9545071130445723 23.338460861167764
 0.580000 -0.058668031998774926 -0.26974084609251225 0.9611440776338823 23.194301816364653
 0.590000 -0.05719143777045387 -0.25218934246252367 0.9659863741244327 23.185151955716627
 0.600000 -0.05455696161444814 -0.23702921121238338 0.9699694278540097 23.234795898843725
 0.610000 -0.048481466567014755 -0.2270256072128666 0.9726813049859345 23.51198306682274
 0.620000 -0.04234492295894801 -0.2176656355890079 0.9751043936847141 23.827467713565273
 0.630000 -0.03590809947663723 -0.2097282260463059 0.97710013795488 24.2301862678301
 0.640000 -0.029342928130245503 -0.20422198787039558 0.9784847327572399 24.629762498357596
 0.650000 -0.02273799785706473 -0.19976144917935743 0.9795806995215939 25.027051570456752
 0.660000 -0.018766925969547904 -0.19529847406487064 0.9805642806657738 25.350803692486817
 0.670000 -0.015143170729625908 -0.19016988644721908 0.9816344017346302 25.69935761656604
 0.680000 -0.012412748442975538 -0.18341897538940222 0.9829564604514247 26.10642048171683
 0.690000 -0.01073899189856827 -0.17587856915282754 0.9843532917432422 26.339196679416034
 0.700000 -0.009524815784168663 -0.1680184944778211 0.9857378269081917 26.4974122089379
 0.710000 -0.008868586272389262 -0.16240371212409999 0.9866845405021007 26.376423896524308
 0.720000 -0.007969029035400692 -0.15747420507235343 0.9874909464461248 26.243862950274565
 0.730000 -0.006424098994675409 -0.15413628509182228 0.9880287124219616 26.083982155688915
 0.740000 -0.004399608736286793 -0.15421177656908788 0.9880280215714398 25.741659369538823
 0.750000 -0.002146893532868958 -0.15591190836177196 0.9877686306413809 25.321065927450356
 0.760000 8.248378860781955E-4 -0.15740902536345047 0.9875331479887601 24.809692537769536
 0.770000 0.004648583939364096 -0.1595453648024335 0.9871796529697202 24.23975409465353
 0.780000 0.010474159766904675 -0.16312208005520976 0.9865502921674287 23.533673948697327
 0.790000 0.016999704147783477 -0.1654959470354522 0.9860639439578585 22.822745152743952
 0.800000 0.024147278321231046 -0.1677733365393334 0.9855298151228793 22.111734878562892
 0.810000 0.032955320630789986 -0.17198401178604686 0.9845483464676067 21.18635251981526
 0.820000 0.042217113127600174 -0.17707005506260215 0.9832923832509324 20.25031804950013
 0.830000 0.051778094745699124 -0.18234311726871924 0.9818706719773391 19.286549230306512
 0.840000 0.061514178265065625 -0.18945832224758508 0.9799599736741822 18.296146361645327
 0.850000 0.07217824619984964 -0.19826582082023936 0.9774870664464009 17.29867489356532
 0.860000 0.08179844457368263 -0.20795930563593662 0.9747112093665207 16.340397164182264
 0.870000 0.09290773687004326 -0.2199627050960599 0.9710739213862716 15.342943416578127
 0.880000 0.10581544276629672 -0.2360275627844854 0.9659679506475297 14.247314677718949
 0.890000 0.11902510670172121 -0.25317506225834935 0.9600705244017883 13.208898665227075
 0.900000 0.13408169330769096 -0.27220790428773206 0.9528509623036665 12.199211192063256
 0.910000 0.14905633305124946 -0.29338353455139216 0.9443030822947932 11.22900276175257
 0.920000 0.16745670897767323 -0.3207014545997562 0.9322600643790162 10.227963620021196
 0.930000 0.19093284336717312 -0.36062445541472415 0.912959282487757 9.152158389559924
 0.940000 0.21182798731485183 -0.3949676155588751 0.8939404266783528 8.344738944238884
 0.950000 0.2337121310825142 -0.4281028569700443 0.8729871612108366 7.654662155809595
 0.960000 0.26091254838424777 -0.4745235596818063 0.840685454496832 6.908626537372035
 0.970000 0.2958483580254073 -0.535366982987368 0.791110575444845 6.155270180988209
 0.980000 0.3428824113180962 -0.62303137407474 0.7030388032870086 5.380432884153998
 0.990000 0.3870895457597325 -0.698664264653627 0.6016892294694418 4.831879960453818
 1.000000 0.42902364445150076 -0.7652464245955072 0.47993397686071865 4.422307338078383
 1.010000 0.467477620049074 -0.8277712645532506 0.3102570036810869 4.136691846891148
 1.020000 0.49236113163523937 -0.8642502012826067 0.10320903854721453 4.0171562783120764
 1.030000 0.4942005787361485 -0.8599696870992647 -0.12734961816687343 4.114124620674627
 1.040000 0.4721964103894201 -0.8206987823311338 -0.3216893823170741 4.395042833698645
 1.050000 0.4383469685108985 -0.7639045627215801 -0.47360506147047965 4.819427722857196
 1.060000 0.40681214620193185 -0.7033253567714062 -0.5829556760380261 5.296063039554955
 1.070000 0.3744788482536991 -0.6411960514043694 -0.6698008777793802 5.844510289872283
 1.080000 0.34080514244742083 -0.574769543067042 -0.7439703134157283 6.450675598241325
 1.090000 0.3111047227812432 -0.5158618639060343 -0.7981856856838502 7.12591588251239
 1.100000 0.285713111728353 -0.46542103202105073 -0.8377059631750042 7.8506029803448065
 1.110000 0.26582377504612054 -0.4174818039914351 -0.868934211523684 8.496095499034979
 1.120000 0.2481776269122056 -0.3760988957137711 -0.8927247538536769 9.152094796623208
 1.130000 0.23216018921305123 -0.3406054000889406 -0.9110925353523718 9.787027371719214
 1.140000 0.21693855872163748 -0.3089264930770063 -0.9260140839182313 10.44853028782263
 1.150000 0.2032390481747766 -0.28101766992331567 -0.9379354767188846 11.129440450595817
 1.160000 0.18924399978643333 -0.2618211415212694 -0.9463806836560708 11.86996386890996
 1.170000 0.17662419796077675 -0.24616663194778032 -0.952998364117273 12.584407088283282
 1.180000 0.16426662921657956 -0.2347633852835712 -0.9580723498024668 13.226233140042522
 1.190000 0.1529581921745608 -0.22453717182728192 -0.962386019180711 13.889970671921223
 1.200000 0.14266725827281013 -0.2152090297407151 -0.9660906411589855 14.565020504552896
 1.210000 0.13425940223436822 -0.20729448625869845 -0.9690218825591156 14.99020353416113
 1.220000 0.12605546746130386 -0.199000633885583 -0.9718584088416627 15.404096881405682
 1.230000 0.117431996517469 -0.18921698528828612 -0.9748880236582732 15.789156915767954
 1.240000 0.10825067825440497 -0.1804373709032158 -0.9776114493186935 16.094668432065173
 1.250000 0.09908321370725919 -0.17207328013713313 -0.9800884159218949 16.370038435070015
 1.260000 0.09155024732196039 -0.16380709458412174 -0.9822350981201988 16.55236914465787
 1.270000 0.08491559506104834 -0.15716916619341434 -0.9839142213188581 16.64670378534227
 1.280000 0.07993605324956331 -0.15409234460405197 -0.9848176362785698 16.5320916701964
 1.290000 0.07335372833347405 -0.15246122044696278 -0.9855834854538713 16.457256737888596
 1.300000 0.06605401084254321 -0.15148035470193857 -0.9862507641522962 16.40075743741258
 1.310000 0.05806361837309442 -0.1550038302109954 -0.9862060782824978 16.05345268738978
 1.320000 0.04891247920309202 -0.1618397312473702 -0.9856041146261444 15.613090780510712
 1.330000 0.037251847660816316 -0.1768022618291513 -0.9835411837121777 14.955091056202738
 1.340000 0.020071789424776713 -0.20573658596237365 -0.9784015435729004 14.155278464778528
 1.350000 -7.992931393347087E-4 -0.24421305966787268 -0.9697212705814664 13.313003243300864
 1.360000 -0.03774347798401202 -0.3124474039198772 -0.9491849396473795 12.233120931385379
 1.370000 -0.0864973591910347 -0.4018246886155539 -0.911622249877651 11.169778281988068
 1.380000 -0.15898648535855622 -0.5287485675811368 -0.8337555095795347 10.142910273220386
 1.390000 -0.24286984956368704 -0.6603466414965719 -0.7106029476698715 9.420585117203439
 1.400000 -0.32418154242064834 -0.7779897871739915 -0.5381804702948044 9.118403835216528
 1.410000 -0.3963287164007825 -0.8524293419438201 -0.3410099200160223 9.2136481553612
 1.420000 -0.44518282857671576 -0.8852098948996787 -0.13496551823386013 9.678038768426628
 1.430000 -0.473809562603285 -0.8782610898817033 0.06451322643835335 10.39097965869526
 1.440000 -0.4818366221480986 -0.8472688058103899 0.22353755894154884 11.201545104974103
 1.450000 -0.4782059781349208 -0.8047763417433351 0.35164482400035185 12.155392501835374
 1.460000 -0.46516600444702494 -0.7648839163301059 0.44561551010519146 12.963703932239168
 1.470000 -0.44687497048251734 -0.7218475774539733 0.5284305400713316 13.860120429584827
 1.480000 -0.4226653718103915 -0.6742296359930361 0.6056140531898858 14.815157639597837
 1.490000 -0.39674763861304174 -0.6299793398097896 0.6676206577599267 15.724590560998816
 1.500000 -0.370539419094652 -0.5879414690706861 0.7190447606679304 16.647333198912673
 1.510000 -0.3434266268311115 -0.5505282342673161 0.7609052603694599 17.527513639362173
 1.520000 -0.316709238354596 -0.5140044938668616 0.7971791759858776 18.437024620016448
 1.530000 -0.2897615876822436 -0.4775280296017875 0.8294607906637297 19.3500612349867
 1.540000 -0.26480733199776213 -0.4441291345664878 0.8559359723422363 20.292413710406553
 1.550000 -0.24155026999987886 -0.41312479104394884 0.8780554504630554 21.26659655549199
 1.560000 -0.22081163625998088 -0.3891711589714697 0.8943086884946343 22.027311913106857
 1.570000 -0.20098670496862756 -0.3662978883924946 0.9085318934330558 22.817108978584294
 1.580000 -0.18246730389092183 -0.344810506438581 0.9207667444365848 23.658825891373873
 1.590000 -0.1670342548596075 -0.32751118624148845 0.929965580325524 24.375266439934528
 1.600000 -0.15318774027534393 -0.31215341044427886 0.9376000024409873 25.0411573069438
 1.610000 -0.1421991581287003 -0.3028234976148874 0.9423785485248353 25.71141882042919
 1.620000 -0.1320004173797573 -0.29603333689523564 0.9460127659065927 26.36340324381978
 1.630000 -0.1231728265167552 -0.2943641288386583 0.9477226463796943 26.965648365948862
 1.640000 -0.11641817544217312 -0.29797870269238536 0.9474468328980146 27.49007817861144
 1.650000 -0.11061213729842526 -0.303741675489415 0.9463117613414499 27.98279793330365
 1.660000 -0.10435932812505154 -0.3191300884815645 0.9419475130064502 28.269984177411004
 1.670000 -0.09787996822963828 -0.3350309286943602 0.9371092725171166 28.564452883950285
 1.680000 -0.09084198822705898 -0.35262810701986436 0.9313437342434543 28.86770444512286
 1.690000 -0.08258346584329752 -0.3698020867307012 0.9254330812213966 28.993138008728835
 1.700000 -0.07381322599182062 -0.3867738148792994 0.9192157656352472 29.04851707177519
 1.710000 -0.06449719522576905 -0.397304904242423 0.9154173501048187 28.8814964089546
 1.720000 -0.05532746209648036 -0.40461145118490005 0.9128134779395032 28.64442340916041
 1.730000 -0.04649994687466384 -0.4043616271182022 0.9134163505515835 28.23681834261663
 1.740000 -0.0400698423000059 -0.3964272693013778 0.9171912711601138 27.68720115288852
 1.750000 -0.034404906783006076 -0.3846478037752856 0.9224220126602043 27.081785426164288
 1.760000 -0.032337595082091254 -0.36314374252585135 0.9311717898479447 26.375310458539946
 1.770000 -0.031046395700694996 -0.3383743962216097 0.9404992766056001 25.67737231351196
 1.780000 -0.032174514715420745 -0.3076153793130344 0.950966655047865 24.983984191838353
 1.790000 -0.033922456568659665 -0.2769990384086561 0.9602712115131992 24.467726249091935
 1.800000 -0.03592625569330075 -0.24583814793787429 0.9686448829010225 24.04133467801303
 1.810000 -0.03712992446014593 -0.2184329030094181 0.975145340753091 23.881906083759556
 1.820000 -0.03725775331267765 -0.1927657768085095 0.9805372074069925 23.781294731008746
 1.830000 -0.03489662053993987 -0.172185946926262 0.9844461516792058 23.783483108689605
 1.840000 -0.030732768149963202 -0.15508063776815786 0.9874236642653761 23.978370918543426
 1.850000 -0.02589994409099212 -0.13969331688876294 0.9898560350438336 24.258228033785453
 1.860000 -0.019693284782816796 -0.12916880536883246 0.9914270493859099 24.636158799483617
 1.870000 -0.013742333519707198 -0.11980475993013583 0.9927023560803689 24.997079882515123
 1.880000 -0.007989814291607698 -0.11285629708602042 0.9935791961769416 25.312686479232205
 1.890000 -0.003107731180038108 -0.10645341741683885 0.9943128340352391 25.58230179577734
 1.900000 0.0013932623455212671 -0.10031004371520663 0.9949552522349384 25.832471716185168
 1.910000 0.004302199766805426 -0.09404109377291991 0.9955590207311464 26.086485076429213
 1.920000 0.006646617466349268 -0.08700976189675168 0.9961852858835683 26.310551119115654
 1.930000 0.007713780862321775 -0.07807673999601064 0.996917509253601 26.465531106111783
 1.940000 0.008767564912651241 -0.0687537922154701 0.9975951312338561 26.476134636886385
 1.950000 0.00976136584149622 -0.0592395683925317 0.9981960675506466 26.425354324178073
 1.960000 0.010580551981810843 -0.05271977607032291 0.9985532920835297 26.31631347380878
 1.970000 0.011916832021233132 -0.046918780736657555 0.998827621328507 26.13886241811007
 1.980000 0.014504164695671293 -0.042938056541220015 0.9989724483222466 25.798308866151334
 1.990000 0.01776288658929603 -0.04074508316166878 0.9990116706316121 25.4342813076733
 2.000000 0.021393470206380872 -0.03936396241186252 0.9989958948342912 25.060411746552006
 2.010000 0.027275396869552777 -0.04002682970894693 0.9988262639864149 24.518343894738408
 2.020000 0.0341285046333034 -0.040837999888972576 0.998582747165483 23.89717922893199
 2.030000 0.04294316640047802 -0.041784699924539905 0.9982033476760719 23.08781145896322
 2.040000 0.05183406566349002 -0.04379904640404008 0.9976947795648174 22.255712839033016
 2.050000 0.06128233961572802 -0.04680576111495934 0.9970224147819707 21.417075483629922
 2.060000 0.07124432658472213 -0.047045601893998895 0.9963488130528991 20.520905529146503
 2.070000 0.08146052810083894 -0.04827146739095681 0.9955069300599853 19.589158206087497
 2.080000 0.0912950971307995 -0.050763354752824244 0.9945291785835731 18.57151431128049
 2.090000 0.10192696617646421 -0.053893316850799525 0.9933309639616 17.522810037563975
 2.100000 0.11394835371429006 -0.05773495393542305 0.9918076667277167 16.46319689651217
 2.110000 0.12734343477230103 -0.06256724197717439 0.9898833213322479 15.306453356025642
 2.120000 0.14330444442148613 -0.06819763352095941 0.9873261462106583 14.149022610102298
 2.130000 0.1615193416508026 -0.07453540053586591 0.9840507996743102 12.981090759645044
 2.140000 0.18124659589340958 -0.08105099528963466 0.9800920403919269 11.872466904376294
 2.150000 0.20452129298791735 -0.08829712031882744 0.9748716116791755 10.794145729115014
 2.160000 0.22909072000891734 -0.0961983956725933 0.9686399282890494 9.81203694364564
 2.170000 0.2597294832716625 -0.10608006465494685 0.9598372858991452 8.821805213680838
 2.180000 0.29780707867297246 -0.11921341176476122 0.9471531588648561 7.799744602656664
 2.190000 0.3409209938588955 -0.13424854670627903 0.9304569864606934 6.935007714732758
 2.200000 0.39226214000573195 -0.15235309168982702 0.9071488020003525 6.152198748471053
 2.210000 0.4623783075676667 -0.17700172299231962 0.868836400450977 5.286402063990347
 2.220000 0.5547244015604893 -0.20791546072744455 0.8056376353571445 4.48050174515949
 2.230000 0.671605872450152 -0.2456198877950321 0.699011031965895 3.773926431183321
 2.240000 0.8027301267014534 -0.28167776892729335 0.5256253210967018 3.2273900513546225
 2.250000 0.9141375271687966 -0.3068729216983183 0.2649180842261539 2.90023623657019
 2.260000 0.9526382771828897 -0.3012899077102189 -0.04128806556358976 2.8221053323706844
 2.270000 0.9059357291675825 -0.2707246545143532 -0.3255589286990679 3.017844747816999
 2.280000 0.8163739499350795 -0.23276083784719817 -0.5285413571633413 3.415622912952875
 2.290000 0.7151963660896237 -0.19517326083729275 -0.6711196288191362 3.968795201761838
 2.300000 0.6239431458274851 -0.16435183314734347 -0.7639917707122306 4.628856765719283
 2.310000 0.539343137017174 -0.13048719548446208 -0.8319147025789806 5.353524791329338
 2.320000 0.4745204705598545 -0.10396396210743397 -0.8740834157004572 6.124978003540892
 2.330000 0.4261557989016607 -0.08281283355350479 -0.9008514137533041 6.90357317277938
 2.340000 0.38405010197414075 -0.06589151952600118 -0.9209581026453955 7.724270528370435
 2.350000 0.34915767818789345 -0.05274512262852154 -0.9355783600540052 8.571162626090151
 2.360000 0.31879830020570693 -0.038095217860993374 -0.9470567027174642 9.401730695624751
 2.370000 0.29317664247297054 -0.027175311402130607 -0.9556719932897862 10.241291314541959
 2.380000 0.2701356091159691 -0.0196129714856887 -0.9626225033921895 11.086267046545451
 2.390000 0.24990266516891407 -0.014199153892859489 -0.9681668461428538 11.932123003738699
 2.400000 0.23252955434421116 -0.01019348410304782 -0.9725359115417401 12.781003084354884
 2.410000 0.2181087892601595 -0.012751740712937852 -0.9758411495506106 13.491204532504405
 2.420000 0.20641109271992375 -0.014449025800645282 -0.9783586696378682 14.172800193512824
 2.430000 0.19778702675054766 -0.01490065288993138 -0.9801317577716945 14.779559570450147
 2.440000 0.18922449394875862 -0.01536045503680469 -0.9818137029553511 15.256943349939563
 2.450000 0.1809567997382643 -0.015670055953267096 -0.9833662013588361 15.680348159458555
 2.460000 0.17256612702990723 -0.0149046850621139 -0.9848851619174172 15.879433089104888
 2.470000 0.1638735539167965 -0.013263444950972437 -0.9863921833402328 16.095017593648663
 2.480000 0.15425205627157293 -0.009782030036543642 -0.9879831046249504 16.34458533260051
 2.490000 0.145301045791508 -0.006339029598394347 -0.9893671829991355 16.46773031589653
 2.500000 0.13658147002567955 -0.0030101860029766183 -0.9906242682399072 16.538548913779326
