0.0 2.5 1.0
Linear 4 explicit
 0.000000 0.007664862589040417 0.10289084712431402 0.9946631205888414 24.269201874655757
 0.010000 0.003315231917502234 0.09021712467766399 0.9959166027596026 24.4349071645732
 0.020000 -0.002480038570628087 0.0786996862763981 0.9968952847660002 24.586163461541737
 0.030000 -0.009155264247473018 0.0701241859418572 0.997496255472947 24.69660207585933
 0.040000 -0.01419760458496332 0.06252862144641798 0.9979421824555066 24.79984101901157
 0.050000 -0.018579999145585117 0.05535182603198781 0.9982940243168216 24.899332659426154
 0.060000 -0.020666410792885268 0.04786410907045057 0.9986400385162972 24.93884587829122
 0.070000 -0.022742266501183567 0.04039733107733165 0.9989248444984326 24.91428498300582
 0.080000 -0.024878004524675184 0.03290512027464851 0.9991488067102823 24.739271355403343
 0.090000 -0.027240563300467115 0.02711830655712805 0.9992610015208973 24.542730778555207
 0.100000 -0.029717143759322297 0.022114660200363442 0.9993136810686674 24.33655155902525
 0.110000 -0.032974143543465596 0.019449920238385744 0.9992669345376617 23.962876444574263
 0.120000 -0.03680840237655319 0.017405569865929966 0.9991707499982814 23.534740077626914
 0.130000 -0.041633989322302764 0.016729718080589793 0.998992856564077 22.97539790160316
 0.140000 -0.04825058770353652 0.017513267753820623 0.9986817141806725 22.312935201934973
 0.150000 -0.0559242332951055 0.01928895265943516 0.9982486746475833 21.606401315881076
 0.160000 -0.06459306585998772 0.02137877326871596 0.9976826569086645 20.815134327910318
 0.170000 -0.07512983372616165 0.02350346711178541 0.9968967324241786 19.974791163753654
 0.180000 -0.08882460149366486 0.02497904619213172 0.9957340194152366 19.0100286972564
 0.190000 -0.1022633402423814 0.024961598193303527 0.9944441300837906 18.125839448419796
 0.200000 -0.11641356791856958 0.02451252015907318 0.9928982916492098 17.279533225470562
 0.210000 -0.1307820366993926 0.02242322368224518 0.9911575343589205 16.456529486327916
 0.220000 -0.1466216422136617 0.02079365036918236 0.9889740735423216 15.587944708208182
 0.230000 -0.1646906429738962 0.019734473301644594 0.9861478300337894 14.609309183983958
 0.240000 -0.18343652302972765 0.018366674707494153 0.9828599632088761 13.65925939535818
 0.250000 -0.20406691062918586 0.016941521326623542 0.9788103395660467 12.724675651148145
 0.260000 -0.2242469231178225 0.017333413737482747 0.9743781967184993 11.86756667094002
 0.270000 -0.24753744179638698 0.018252209759658425 0.9687063908882761 11.000829295765064
 0.280000 -0.2738944117818413 0.020957791456608952 0.9615313942726678 10.103817241278618
 0.290000 -0.3042012838783901 0.023532911393692277 0.9523170590554786 9.226913145272528
 0.300000 -0.34041458343777936 0.025998471900822273 0.9399159488176084 8.3664979328092
 0.310000 -0.3768017513720214 0.02566763726762992 0.925938233663604 7.591790129092294
 0.320000 -0.42097359991163197 0.02644894317347356 0.906687201620519 6.813408584805742
 0.330000 -0.4764402639051176 0.03046511478752841 0.8786788672268184 6.011968218939839
 0.340000 -0.5421656347754845 0.03206315810089556 0.8396596800853862 5.294615580760106
 0.350000 -0.62095274298972 0.032145099717997 0.7831886002347472 4.640342849638703
 0.360000 -0.7228797072586716 0.030829484874219278 0.6902857898696795 3.9884746394839476
 0.370000 -0.8461614848214923 0.026148689853126187 0.5322846866326819 3.43154147856343
 0.380000 -0.9656400272899606 0.016531157160025487 0.259357009811562 3.0636703896962394
 0.390000 -0.9992162692167859 0.0010051519579837073 -0.039570658347177996 3.006397527869267
 0.400000 -0.9517231030786201 -0.014075299550105613 -0.30663499638654623 3.202011503634897
 0.410000 -0.8576714169798185 -0.016281251878101467 -0.5139403285724055 3.608412000454564
 0.420000 -0.75164003431309 -0.014771882053355643 -0.6594081060454282 4.174937834528024
 0.430000 -0.6488101355056934 -0.008219402943801087 -0.7609059399691469 4.879042218656633
 0.440000 -0.5699119601924413 -0.004881731008596809 -0.8216912597393068 5.601004563596766
 0.450000 -0.5080030931440587 -0.001993511889502985 -0.8613529376895483 6.340435949709144
 0.460000 -0.46258733967724275 6.146631847920628E-4 -0.8865735025137512 7.035032761712715
 0.470000 -0.42015993568579557 0.002800641940083007 -0.9074457476065616 7.784736850670064
 0.480000 -0.37591763564162084 0.0026105544638302144 -0.9266494030748657 8.647252263595732
 0.490000 -0.3390543299180368 0.00461377579840708 -0.9407554806838561 9.502441592041292
 0.500000 -0.3076890352774797 0.007607328247113575 -0.9514565602942441 10.359368178511367
 0.510000 -0.2849695398180841 0.0070428433612749934 -0.9585106988100122 11.142762502307871
 0.520000 -0.2653660320093268 0.006313382056225013 -0.964127071636637 11.922819928241466
 0.530000 -0.24844639143055966 0.004274173820323151 -0.9686362175880513 12.686895110829719
 0.540000 -0.23333760975192916 0.0027880255686769536 -0.9723917866727819 13.463955911146122
 0.550000 -0.21973168268675222 0.001991029485739301 -0.9755583136979743 14.248197650208263
 0.560000 -0.20912832789246874 -0.0031302399136121277 -0.9778831955151818 14.899566259970058
 0.570000 -0.20007250190822026 -0.00785735787372533 -0.9797495883680837 15.470278609613501
 0.580000 -0.19304640756184754 -0.01302962558029049 -0.9811031104755007 15.849990330457564
 0.590000 -0.18273461494441295 -0.018238914357710093 -0.9829930836502204 16.334574355134812
 0.600000 -0.17152290774139778 -0.023315927405414875 -0.984904188055448 16.86667253755409
 0.610000 -0.1604002115246234 -0.02820888343092118 -0.9866488894426612 17.18542327705504
 0.620000 -0.14988186644694806 -0.033945745207035034 -0.9881210009369895 17.476650094306247
 0.630000 -0.14006524476206467 -0.04162661991406759 -0.9892668758855079 17.698798799695155
 0.640000 -0.13075675754363567 -0.05025438591633116 -0.9901399734647862 17.875630090604577
 0.650000 -0.12173169209073714 -0.059218271599727486 -0.9907949290592211 18.036563460545157
 0.660000 -0.1162328337051715 -0.06953405039147047 -0.9907850141201281 18.080559302443504
 0.670000 -0.11125101157872432 -0.08022117072016549 -0.9905492295645869 18.066486054062317
 0.680000 -0.10739395972628334 -0.09202001155567265 -0.9899489152918969 17.910773343013567
 0.690000 -0.10396068050686287 -0.1022091182761759 -0.9893156589530748 17.654186670726425
 0.700000 -0.10057100135520687 -0.11184957424542806 -0.9886228534823215 17.355943191286936
 0.710000 -0.09801855521515669 -0.1170111594764599 -0.9882817166129846 16.69134514966396
 0.720000 -0.0948556802638597 -0.11966433885125975 -0.9882726576856062 15.826924625968804
 0.730000 -0.09050626944444705 -0.11543681382423793 -0.9891829745832454 14.494862628418451
 0.740000 -0.0804328949877505 -0.09701058251570947 -0.9920279715229063 13.034840674782968
 0.750000 -0.06623052305285791 -0.06642437383376153 -0.9955909402846822 11.528039987101735
 0.760000 -0.03216003683358089 0.004389379945000837 -0.9994730938722468 9.69699285389774
 0.770000 0.023248405274546715 0.11702929918109573 -0.9928563112481947 7.8795676077745265
 0.780000 0.13112259760063166 0.3178383743885787 -0.9390344147923911 6.138872916669015
 0.790000 0.2919296314880015 0.589299824023427 -0.7533278221765328 5.041553816026062
 0.800000 0.4342110311639566 0.8173583042029341 -0.378663680547841 4.914169640143494
 0.810000 0.4971754018750962 0.867571301879319 -0.011689992547481935 5.590587451928204
 0.820000 0.4955148368535281 0.8303777619075631 0.25482899950242716 6.823635193731743
 0.830000 0.4731255501970621 0.769400192659583 0.4291567980192366 8.277692033233086
 0.840000 0.44657399810078047 0.7124996735316329 0.5412170354281178 9.64463663804648
 0.850000 0.4204034043937756 0.6626004032103509 0.6198561794800501 11.011383171036533
 0.860000 0.3923842507157815 0.6188549541394751 0.6804800845926668 12.22783324737998
 0.870000 0.364559989760022 0.5781856215878076 0.7299297232304581 13.473586912798327
 0.880000 0.33440459190124144 0.5365296625284766 0.7747964185142077 14.700870890703063
 0.890000 0.3060310308072601 0.49872187456879224 0.8109386536660069 15.771894580544162
 0.900000 0.27949195446321784 0.463629713008853 0.8407923266810058 16.796561051369128
 0.910000 0.2516652718584473 0.42786294826982296 0.8681001603722167 17.72654270717497
 0.920000 0.22540914329072265 0.3929153804989385 0.8915201746950637 18.650920441399293
 0.930000 0.1995116355935311 0.3570188833011873 0.9125418479331056 19.51156639989423
 0.940000 0.17610004957548 0.32367872705454764 0.92963479613871 20.318941266404025
 0.950000 0.15407205237221286 0.29209891946881167 0.9438961934042148 21.111709038865197
 0.960000 0.13649356441328656 0.2671069678152635 0.9539514529672313 21.869466904164625
 0.970000 0.12082393793816093 0.2449902256626072 0.9619674450577318 22.588305864084777
 0.980000 0.10802954171284854 0.22774182021234327 0.9677103293050461 23.187465901002387
 0.990000 0.09799810841967149 0.21630168197963864 0.9713958786812644 23.772691313508066
 1.000000 0.08928793029862493 0.20741393235614697 0.9741699678021015 24.35143606409541
 1.010000 0.08412993964524183 0.2081562444120409 0.9744706928212683 24.80135106994782
 1.020000 0.0797722638370059 0.21244977572898166 0.9739104058972903 25.24402161386683
 1.030000 0.077109905657994 0.2248241648806251 0.9713434806159688 25.672656648281475
 1.040000 0.0742902858514406 0.24257809412171707 0.967283216891716 26.02356499812044
 1.050000 0.07138892536365721 0.2622550099158696 0.9623543687797387 26.34970648006911
 1.060000 0.06741170105764714 0.2861793803940024 0.9558017706605377 26.647404171520115
 1.070000 0.06226880440941717 0.31034060539560887 0.9485838416503355 26.912930679892415
 1.080000 0.05452611406119591 0.3360074306184238 0.9402796974595328 27.08045296318541
 1.090000 0.046348720298765946 0.35625914952039694 0.9332369551778746 27.200924575700785
 1.100000 0.0380184837712314 0.3741190158863118 0.9266010775107022 27.305218014514036
 1.110000 0.02874949869021811 0.38058020837328493 0.9243009095092399 27.180383747187893
 1.120000 0.01970798319139464 0.3827271699533241 0.9236511834984282 27.002087226366704
 1.130000 0.011191576629660731 0.37458757219048067 0.927123993526747 26.696120218600807
 1.140000 0.005038743300771288 0.35846072444157034 0.9335312100293024 26.23201214594285
 1.150000 -2.9852227777683583E-4 0.33805691637723145 0.9411256197628282 25.71105388689658
 1.160000 -0.0021280288793430755 0.30939552255347513 0.9509310606542153 25.195861774257356
 1.170000 -0.003701062589192012 0.27857185397982587 0.9604082591824965 24.7159859058356
 1.180000 -0.004362551616890972 0.24470150901024618 0.9695886445454579 24.287107175777038
 1.190000 -0.004875349831050733 0.21439938922431076 0.9767339109830616 23.979440729126665
 1.200000 -0.005360561143759167 0.18539144061957158 0.9826501300713414 23.732891681274207
 1.210000 -0.006272145822972005 0.15963514872673562 0.9871561575950222 23.753443351557987
 1.220000 -0.0076048290543125245 0.1346894021616424 0.9908586839304553 23.799625440762963
 1.230000 -0.009989062407259074 0.11178630334978017 0.9936820623396674 23.879939714271053
 1.240000 -0.013458407885140702 0.09186751148082127 0.9956802858305062 23.97450400851255
 1.250000 -0.017411453744168436 0.07328977993983536 0.9971586881910448 24.07759694155281
 1.260000 -0.020914296298477415 0.05800393856824205 0.9980972574458419 24.284159557409588
 1.270000 -0.024039099995095584 0.04428585766395001 0.9987296353279971 24.49718697797764
 1.280000 -0.02647312373736418 0.03404625163033497 0.9990695803944339 24.715184686215956
 1.290000 -0.029138768538034886 0.02632301367336527 0.9992287181217514 24.872658399750897
 1.300000 -0.03190641329351424 0.01965363241257864 0.9992976110867746 25.003891159918112
 1.310000 -0.03500693432338811 0.015946697184246145 0.9992598347768172 25.0319411778523
 1.320000 -0.03809923864604811 0.012523045464211293 0.9991954870529053 25.02416917637972
 1.330000 -0.041206065091368906 0.009759313868631034 0.9991030056968597 24.93351454827617
 1.340000 -0.044484794535289335 0.007092750226075809 0.9989848827431692 24.73973854779699
 1.350000 -0.04790670710834238 0.00456569353540412 0.9988413797278206 24.502078162620816
 1.360000 -0.05256169530062516 0.003729514685325574 0.9986107143964239 24.10596475465929
 1.370000 -0.05778686976762935 0.003089053292100887 0.998324163502125 23.66754530716545
 1.380000 -0.06412745858356662 0.002634315707678555 0.997938239289569 23.12916400538956
 1.390000 -0.07086236521060549 0.0017800988779054683 0.9974845143884409 22.550276918431162
 1.400000 -0.07802286705495787 9.721077663922658E-4 0.9969510957028008 21.95468108009517
 1.410000 -0.08742073251180765 -1.5481887247914753E-4 0.9961714669464368 21.150523486854258
 1.420000 -0.0979810928154864 -0.0012166828281292422 0.9951875326457716 20.32329272045243
 1.430000 -0.11030409741733113 -0.0028800824117524355 0.993893712233984 19.438660189415273
 1.440000 -0.12312995413636538 -0.0053649565751368 0.9923760535378328 18.570468696396716
 1.450000 -0.13681957887982324 -0.00808845883055752 0.9905629609817309 17.710625189925562
 1.460000 -0.14963650830950134 -0.009149223743123134 0.9886987443533237 16.80074249295709
 1.470000 -0.16443186722761596 -0.010616214488934198 0.98633131199915 15.853088774328324
 1.480000 -0.18143541526159826 -0.013082583959301184 0.983315837402103 14.810079992422194
 1.490000 -0.19818471908582524 -0.016705702193062735 0.9800223143557034 13.892258858987741
 1.500000 -0.21638357782571563 -0.021328972660848558 0.9760754182810749 13.03150373782096
 1.510000 -0.23602905705984148 -0.02565040188406475 0.9714074022296865 12.101872660798977
 1.520000 -0.26044794394019993 -0.030736137657409953 0.964998527635782 11.145563606498563
 1.530000 -0.2918020139814571 -0.03627679587464746 0.955790551699186 10.119958747103915
 1.540000 -0.3250781808120899 -0.04056815188750835 0.9448165967066489 9.2391911931897
 1.550000 -0.36252996539276994 -0.04440373652628781 0.9309137083397262 8.428687986260712
 1.560000 -0.40654548226216514 -0.05032593610097822 0.9122434274949772 7.557461100397247
 1.570000 -0.4613801722562244 -0.058660492070937105 0.885261138488984 6.717267356539685
 1.580000 -0.5274985794076849 -0.0697520764845213 0.8466876026900193 5.923094364966657
 1.590000 -0.6135594157831611 -0.08768981492740902 0.7847645122339711 5.128519366955382
 1.600000 -0.7206691486963994 -0.1128040175843306 0.684040372883093 4.398859374438868
 1.610000 -0.8202071596935039 -0.14791974085550788 0.5526119483441831 3.8948950706105783
 1.620000 -0.9130624841862863 -0.18259240396235638 0.3646599977880975 3.531688134664425
 1.630000 -0.9711983342224417 -0.20547081991792945 0.12064633341220184 3.3515516885874828
 1.640000 -0.968156796927566 -0.20685217395360664 -0.14101274656435386 3.408781255915712
 1.650000 -0.9088654664826574 -0.1912868713051623 -0.37063849867700427 3.686809151153327
 1.660000 -0.8122150923717799 -0.16713091719745685 -0.5589041959408052 4.142679121294922
 1.670000 -0.7155246099040334 -0.14450427901172944 -0.6834786360735653 4.733402685563679
 1.680000 -0.6370120096474682 -0.12752624148224537 -0.760232041746667 5.376773560673371
 1.690000 -0.5661832571992651 -0.11411162048446548 -0.8163424877694656 6.081791892619282
 1.700000 -0.5055290479672587 -0.10290666553620892 -0.8566508039157705 6.831929446819767
 1.710000 -0.4580950968292402 -0.09426197037459587 -0.8838911489556324 7.591003503253565
 1.720000 -0.41784973299950257 -0.0862898943913967 -0.9044090085565082 8.393772575858018
 1.730000 -0.3830413949566753 -0.0795185127788548 -0.9203021763937558 9.27010165663054
 1.740000 -0.3544526894947723 -0.07679414360877553 -0.9319152055940054 10.114529255272245
 1.750000 -0.3303919958007636 -0.07512706726327936 -0.9408491127036295 10.948088662646795
 1.760000 -0.30775845532722873 -0.07586944519681801 -0.9484347950492565 11.760278209746911
 1.770000 -0.2872330032858407 -0.07704002727416849 -0.9547575797138201 12.598826568653278
 1.780000 -0.267513395824536 -0.08021992166649088 -0.9602090122583975 13.49257661838289
 1.790000 -0.2520283746075762 -0.08511838331026472 -0.9639691692244675 14.246076962234683
 1.800000 -0.23891190925869216 -0.09030811814553087 -0.9668327380738508 14.941034465327448
 1.810000 -0.22832965002643793 -0.09592772758958294 -0.9688464491333509 15.480345810616765
 1.820000 -0.21834679043112962 -0.10188432708985591 -0.9705381306274738 16.011824066446444
 1.830000 -0.20828644864359322 -0.10953418536937384 -0.9719151287776663 16.524268416491026
 1.840000 -0.19874208088506662 -0.11575967861451503 -0.973191287513682 16.954075630774526
 1.850000 -0.18958996760311117 -0.12132913584394883 -0.9743381779339307 17.34977234301747
 1.860000 -0.18193016938703255 -0.12553505700807913 -0.9752652782339705 17.607484665168023
 1.870000 -0.1745692330550223 -0.12948697328754105 -0.9760935952148303 17.86313362188724
 1.880000 -0.16758915026273224 -0.13281758296555948 -0.9768691654307664 18.11203990488935
 1.890000 -0.16168784146524423 -0.1368662288220675 -0.9773048026743424 18.24554514844968
 1.900000 -0.15620600689188094 -0.14118216260372526 -0.9775823650073833 18.330334420939057
 1.910000 -0.15298339107147182 -0.14777980240286817 -0.977116785270851 18.22039478009843
 1.920000 -0.15052796483346023 -0.15481079535666142 -0.9764092120848382 18.035245027895392
 1.930000 -0.14994911054129542 -0.1629267129839344 -0.9751769841644772 17.671070541464
 1.940000 -0.15115213059937133 -0.17106890850201117 -0.9735956357539826 17.00895792644948
 1.950000 -0.1531228195705087 -0.17956661061085386 -0.9717557483650444 16.219961266670868
 1.960000 -0.15853413537549252 -0.18328670464712393 -0.9701922035454329 14.875015592161217
 1.970000 -0.16319146612209115 -0.18360497426292946 -0.9693594579983379 13.389863676357916
 1.980000 -0.16548040857442808 -0.17174864232797224 -0.9711429545831748 11.576580333742449
 1.990000 -0.16296445798658046 -0.1444917808057354 -0.9759942165365159 9.64379722407581
 2.000000 -0.1580841335698377 -0.0959583527875719 -0.9827519530602673 7.670974930834357
 2.010000 -0.1229676137246286 0.009302952275528109 -0.9923670797914599 5.559000488071338
 2.020000 -0.03832031609548528 0.246913461670597 -0.9682795545813124 3.5848501562110275
 2.030000 0.21947023453362252 0.7701217537951462 -0.5989535044435793 2.3184464315153286
 2.040000 0.3870756611235314 0.900686871117847 0.19732103983540136 2.8151745092649203
 2.050000 0.3716025516434166 0.740929413327536 0.5594060672518801 4.372983598817585
 2.060000 0.34433085305208794 0.6182553584908875 0.7065384457577135 6.048697620759572
 2.070000 0.31794810890438496 0.5388738726250016 0.780079450726821 7.825181794149894
 2.080000 0.29110325238540613 0.4790357722645976 0.8281205379300159 9.586219331165326
 2.090000 0.2675751246736802 0.4316453061569947 0.8614440680209592 11.159290652447392
 2.100000 0.24731531475005603 0.3930034272896233 0.8856542447415302 12.667482198747635
 2.110000 0.22909155675183776 0.3620442250344931 0.9035712687686527 14.077890212004927
 2.120000 0.21100791502610403 0.3327749441876932 0.9190954772586003 15.47872958170981
 2.130000 0.19067796581357707 0.29987981507675204 0.9347267033003439 16.840431564079154
 2.140000 0.1722709748940613 0.2716041560133571 0.9468652985748932 18.06353299942301
 2.150000 0.15543346148061665 0.24645606105594148 0.9566085139810035 19.234955739967603
 2.160000 0.14021826639524654 0.22502219492119302 0.9642115170241228 20.335820644320744
 2.170000 0.12574817709765274 0.205517434201411 0.9705410759962125 21.409110155023598
 2.180000 0.1117353240293171 0.18755941569197543 0.9758773913506493 22.4044992221686
 2.190000 0.10053357411019992 0.17236099634025867 0.979890140483729 23.353302010175664
 2.200000 0.0906618096285932 0.15888758698171637 0.9831252061553484 24.284841366903386
 2.210000 0.08379215845716555 0.15160844062027265 0.9848826097123345 24.959433782097843
 2.220000 0.07787517327787599 0.14617418643062643 0.9861889091894541 25.624495698808047
 2.230000 0.07384545499284895 0.1445217838148094 0.9867422676564963 26.26609877712105
 2.240000 0.07168700570530892 0.14738302451364862 0.9864781889622377 26.767888307749477
 2.250000 0.07028911399938023 0.152109028574112 0.985861188950768 27.21064120884299
 2.260000 0.06901497495397052 0.16541517353490034 0.9838062581608849 27.472362482427243
 2.270000 0.06755353726752567 0.1805660533224821 0.9812402458063915 27.71425639355081
 2.280000 0.06573867144129662 0.20035798257908907 0.9775147599366317 27.906344624956514
 2.290000 0.06274796029135246 0.22157276502708584 0.9731229127286679 27.995628116020427
 2.300000 0.059288775826637746 0.24328374064541552 0.9681414476193821 28.049142495480304
 2.310000 0.052249832786807476 0.2647402657375739 0.9629031865514567 27.901006880757606
 2.320000 0.04500281686396512 0.2840411084725215 0.9577553942275708 27.763313743000637
 2.330000 0.03697616433800919 0.298364322250579 0.9537355474547444 27.620943115599673
 2.340000 0.029386909589866693 0.3053705575993915 0.9517800334616154 27.338670980238266
 2.350000 0.02188716618550593 0.30921475234357226 0.9507403372580082 26.99619438644865
 2.360000 0.016119537865339876 0.30151327008938383 0.9533257095342673 26.58136043026458
 2.370000 0.011070854381624348 0.29018464491972445 0.9569066349629279 26.13008880349013
 2.380000 0.007925896872185671 0.27051973343396574 0.9626818030801183 25.59413467424536
 2.390000 0.00801852998120365 0.2452829739817529 0.9694183647175287 25.100044359019435
 2.400000 0.009532916257265465 0.21676852882456563 0.9761764842582848 24.63904618093188
 2.410000 0.015877010150680076 0.18004138563562858 0.983530894281963 24.184922005846428
 2.420000 0.02373480355256725 0.13885099965100114 0.9900288172554568 23.870600349644644
 2.430000 0.03485734039346587 0.09034074353058964 0.9953007163058982 23.848457428612182
 2.440000 0.041263979834798487 0.05002962680625324 0.9978949445757407 23.909518661676476
 2.450000 0.0456226688895084 0.013489418105264174 0.9988676627474631 24.0178860551046
 2.460000 0.03873800906270108 -0.0021193048459285336 0.9992471542120238 24.263872593013645
 2.470000 0.029978667210200285 -0.012394145562987291 0.9994736938349421 24.537808989870644
 2.480000 0.016849918420054955 -0.01064449231254287 0.9998013677889452 24.870628583121654
 2.490000 0.003778032757541906 -0.003614247919408766 0.9999863317468194 25.170914408975626
 2.500000 -0.009257844947246897 0.005342638685586796 0.9999428726276357 25.45724031793952
