0.0 2.5 1.0
Linear 4 explicit
 0.000000 -0.5754028057291418 -0.5388070079650361 0.6153036805730948 8.969165663067045
 0.010000 -0.5685490436748306 -0.5669165231752924 0.5961188142369555 8.691508135747501
 0.020000 -0.5625139771736605 -0.5911399544153852 0.5780411575122024 8.426647857447199
 0.030000 -0.5566146308269719 -0.6066618765579744 0.5675751230282305 8.134617116893965
 0.040000 -0.5449139050705804 -0.6301147410598175 0.5531945852589754 7.954430483036741
 0.050000 -0.5300047825768914 -0.6568403442031641 0.5363354292536443 7.829489831051616
 0.060000 -0.5101253977735158 -0.6609647415298242 0.5503614167079893 7.7840141471463316
 0.070000 -0.4911369814372764 -0.6624629702591696 0.5656211439648265 7.705495144980547
 0.080000 -0.4746290988477334 -0.6581752387656707 0.5844078829060579 7.544033188923067
 0.090000 -0.4479583987340036 -0.6575690659526768 0.6057525868750305 7.4577240854257
 0.100000 -0.4163261884983504 -0.6578695099251656 0.6275987672719398 7.411159988091258
 0.110000 -0.39677297350305785 -0.6396030014072055 0.6583913791115706 7.276999325221524
 0.120000 -0.37304597805771994 -0.6273553798093032 0.6835655972028464 7.1520529599602
 0.130000 -0.34123486315703716 -0.6325248285552962 0.6953208679647772 7.028437866853701
 0.140000 -0.3064132657902194 -0.6380695355153333 0.7063838746708614 6.9248956849259615
 0.150000 -0.26952536376757624 -0.643264593298087 0.716635710312431 6.836141339680512
 0.160000 -0.23457224610126906 -0.6260882262870909 0.7436325667046126 6.660239533406254
 0.170000 -0.18653859306968237 -0.6189246655258407 0.7629781200659097 6.5592964534311795
 0.180000 -0.1128562729878419 -0.6375535516887626 0.7620950927386542 6.624929119826401
 0.190000 -0.05728229665215175 -0.641620170175642 0.7648805761123988 6.620154331385794
 0.200000 -0.00863100504949054 -0.6392234483529392 0.7689726190363432 6.5884478179654264
 0.210000 0.021019761522869863 -0.6363839558649299 0.7710860070985757 6.5169726281577685
 0.220000 0.04309611274149339 -0.6233046033522149 0.7807906867442199 6.432461883709212
 0.230000 0.04623398680522818 -0.5858335584858128 0.8091115252027644 6.314463296490155
 0.240000 0.052814474674151096 -0.5598569310246355 0.8269043766050401 6.311575900254341
 0.250000 0.060734371414226815 -0.5394848606396143 0.8398020131373672 6.357513548025962
 0.260000 0.028842777621957385 -0.5089208372025203 0.8603299806702869 6.141007163104634
 0.270000 -0.004481883510063483 -0.47112743885370995 0.882053767680489 5.970216461392126
 0.280000 -0.037265996077770605 -0.42118374938274394 0.9062094100108569 5.892853561923795
 0.290000 -0.06990103227808536 -0.3790502133324609 0.922732237140913 5.825658324907163
 0.300000 -0.10271030902978692 -0.3395453216805954 0.9349650084061042 5.769093383364702
 0.310000 -0.13008680812128218 -0.324818847714146 0.936787136185415 5.636289354249244
 0.320000 -0.17067774484892784 -0.2955316037170734 0.9399628602331579 5.515730568642129
 0.330000 -0.24020994461432355 -0.23153512865351716 0.9427039125344622 5.4432119412954245
 0.340000 -0.2869642766080836 -0.1939581200661715 0.9381000754776625 5.350577820394915
 0.350000 -0.3248385968932385 -0.1674172960485015 0.9308336773840107 5.2453238079122855
 0.360000 -0.35368663806616224 -0.14930932750927645 0.9233701786240355 5.3152336354170915
 0.370000 -0.37417889471114163 -0.14544163874154134 0.9158803876450916 5.389608527502921
 0.380000 -0.37721045786009866 -0.17355206998647935 0.9097208085365437 5.465395508883329
 0.390000 -0.3693680140714632 -0.18673858411792765 0.9103273979083212 5.429469637790229
 0.400000 -0.3565829318665399 -0.19395635720426438 0.9139089364928622 5.3453982558955255
 0.410000 -0.3482100340947127 -0.17976880542716953 0.9200179067556498 5.293907264107344
 0.420000 -0.3325210571932891 -0.17248734287450054 0.9271881486899797 5.222870865985563
 0.430000 -0.29909005935988875 -0.18214413913555066 0.936679587143153 5.107001607262769
 0.440000 -0.2524645961525226 -0.17504924387027457 0.9516403679489374 5.060094423972088
 0.450000 -0.1998396041407564 -0.1601123999706334 0.9666582394996226 5.054869617771343
 0.460000 -0.12158588791092656 -0.1557705982752246 0.9802817924320998 4.899594591794765
 0.470000 -0.05265907614794993 -0.13525405341225935 0.9894106138175384 4.781788234506761
 0.480000 -0.015403733428309191 -0.07767364051863634 0.9968598349643001 4.701216212235479
 0.490000 0.036272720394978836 -0.05915396386152487 0.9975896442498875 4.630478616132932
 0.500000 0.09504506098586323 -0.05786910832877436 0.9937895162877429 4.570686765632262
 0.510000 0.1689846877670957 -0.04209152619544829 0.9847194924052205 4.520937840991526
 0.520000 0.2444026394274072 -0.01683318017629363 0.9695277169251374 4.494383206336245
 0.530000 0.32138495654588284 0.0297991232445621 0.9464796468809336 4.494361816155699
 0.540000 0.3930573736528511 0.036223027793268636 0.9188001922478091 4.557151775007608
 0.550000 0.4591262683989541 0.025695993092744812 0.8879993162187848 4.6571794461342595
 0.560000 0.5062871454401917 0.026290818897223674 0.8619641055193283 4.74473767107178
 0.570000 0.5473282871982865 0.05210318182302935 0.8352945615030103 4.8284237881797685
 0.580000 0.5767241870582991 0.1351040349182807 0.8056898359857496 4.9052826106430585
 0.590000 0.584779151089098 0.16331310142104902 0.7945830198007959 4.939186200496144
 0.600000 0.5853046313242151 0.16915271684990812 0.7929727907896458 4.942900410493314
 0.610000 0.5648469779934823 0.20439960657399234 0.7994802638489756 4.848230055305162
 0.620000 0.5460472822802028 0.2501349834074199 0.7995404027253247 4.799808258907036
 0.630000 0.5330428122946052 0.3165317835912324 0.7846483226500977 4.8580677960445104
 0.640000 0.5149804075269527 0.3765612071682556 0.7700628786789816 4.8779004345185895
 0.650000 0.49373887385710646 0.43337886262028497 0.7539261806544886 4.891159069175162
 0.660000 0.48266208979114344 0.47730362258169884 0.7343150270482236 4.91566815450809
 0.670000 0.47068897519193353 0.509975272563078 0.7199841039960408 4.9574239701205505
 0.680000 0.458663122919727 0.5194410884867628 0.7209778743243169 5.01646091700716
 0.690000 0.4230881061768138 0.536418000369211 0.7302411815911332 5.129948387844184
 0.700000 0.37856005173123114 0.5546425451104989 0.7409884846518169 5.276860452411371
 0.710000 0.33851649311162585 0.564293325876724 0.7529804952735444 5.410563263925098
 0.720000 0.305409299634886 0.5730481845977646 0.7604873028695053 5.532951784537494
 0.730000 0.2860198301620955 0.5822895117842184 0.7610069521496782 5.612882131452413
 0.740000 0.2584346553439561 0.588933137130696 0.7657475360108235 5.648070937611801
 0.750000 0.2271661658378338 0.594051235620059 0.7716855982567117 5.66826544732323
 0.760000 0.19284208505145908 0.6084742044187677 0.7697863812707739 5.619082112651778
 0.770000 0.14956035277167729 0.6226202781849131 0.7680987502084303 5.568112737581649
 0.780000 0.08575306187029313 0.6358142839843168 0.7670636275182002 5.5124826390012425
 0.790000 0.009174229979141666 0.6351395651031576 0.7723429072276522 5.4555325037523374
 0.800000 -0.07364931994613812 0.6253281543996838 0.7768786758474946 5.423601312453667
 0.810000 -0.1597193754243371 0.6178720583632542 0.7698856022864795 5.517577267591381
 0.820000 -0.23205662458416523 0.6063657935857907 0.7605723156647749 5.638332012341368
 0.830000 -0.279546619189199 0.592984479304802 0.7551311773483477 5.752059873343623
 0.840000 -0.31573499379274395 0.5729458891432025 0.7563361830618716 5.824510995814067
 0.850000 -0.3468500725206974 0.5498901204100138 0.7598130577108079 5.883154533350002
 0.860000 -0.3492545732491208 0.5258925144403053 0.7755374306377659 5.905778007381871
 0.870000 -0.3476432213909441 0.5062864819082412 0.7891883101376396 5.903480320312655
 0.880000 -0.3371201512129838 0.497166097022046 0.7994847563387312 5.834579868773281
 0.890000 -0.31934010983410693 0.474383537128447 0.8203548951232288 5.784177013051407
 0.900000 -0.29775708344316054 0.44481310925917555 0.844678647232548 5.750339756652739
 0.910000 -0.268372639581941 0.4318910518449847 0.8610727295995702 5.645422977193401
 0.920000 -0.2386758020122755 0.41503118870691535 0.8779424661868919 5.555965072682379
 0.930000 -0.21039030713399906 0.39023672638795437 0.8963544031475912 5.494323886160904
 0.940000 -0.1716930558308129 0.3389973845957825 0.9249877122517338 5.273621121757417
 0.950000 -0.1238807013884866 0.2687721905963525 0.9552042092586981 5.013878066954275
 0.960000 -0.1007910326023601 0.23148372215749524 0.9676034591314056 4.8692829710173235
 0.970000 -0.07635869547280644 0.1868773448629277 0.9794111535012625 4.787875782757608
 0.980000 -0.05190743825514676 0.1310180483630569 0.9900201456823613 4.8455899108265
 0.990000 -0.028907250079957467 0.09358673898072895 0.9951913852017449 4.887022767372691
 1.000000 -0.006641477651479749 0.06403544546653761 0.9979255245250054 4.922087508074908
 1.010000 -0.009569778889232146 0.032594210847112545 0.9994228518256251 4.949819188438449
 1.020000 -0.019043025198390653 0.003707331881517021 0.9998117917296304 4.975806454755143
 1.030000 -0.04379703382588829 -0.019803000706981357 0.9988441625153812 4.991856333859922
 1.040000 -0.07644087695407079 -0.03660587082829723 0.9964019282154138 5.065249778889643
 1.050000 -0.11122887510731982 -0.05012225516503374 0.9925300483509462 5.167982627365656
 1.060000 -0.17818630434129454 -0.08673333217401043 0.9801668072502682 5.167046901239395
 1.070000 -0.23759002946118107 -0.12126391475886124 0.9637665904553813 5.190499313003119
 1.080000 -0.2812185616466737 -0.151955050329102 0.9475366923052934 5.21866885536269
 1.090000 -0.33524371537677555 -0.1821683997171034 0.924351840721316 5.271709016920678
 1.100000 -0.39136960834720114 -0.2108795128033697 0.8957453101981454 5.353468124642999
 1.110000 -0.4383361208698965 -0.23729812910046547 0.8669204364104877 5.403135915379912
 1.120000 -0.48354598454450437 -0.26979788836599206 0.8327018555666473 5.502136382104667
 1.130000 -0.5258561899521554 -0.31623592000295075 0.7896012350477233 5.698518608942977
 1.140000 -0.5559548080963417 -0.3374681908452426 0.7596245595833503 5.933573053385693
 1.150000 -0.5800101010023827 -0.34816681691219137 0.7364564823100129 6.183092197460447
 1.160000 -0.5940524735643677 -0.37148357956103034 0.7135135659317066 6.359562468403806
 1.170000 -0.6032837591998444 -0.39709702077607845 0.6916376666842741 6.583449335583738
 1.180000 -0.6035839556477015 -0.4291135656712224 0.671973181192228 6.908624434884949
 1.190000 -0.6053826709500789 -0.45033626650103353 0.6562842896087477 7.058313554710556
 1.200000 -0.6077831162795092 -0.46740200540113785 0.6419774520281558 7.133288761426419
 1.210000 -0.6029176534841437 -0.47832679335833445 0.6385090303767889 7.285439622097153
 1.220000 -0.5942773360817261 -0.4921490283727168 0.6361004493721083 7.423605896592665
 1.230000 -0.5766864831676215 -0.5131236652444491 0.6357175507234821 7.53041727303362
 1.240000 -0.5552571969350435 -0.5463339152681627 0.627063552026107 7.633778868931926
 1.250000 -0.5317617264102109 -0.583185254746551 0.6141045716907115 7.747803348931194
 1.260000 -0.5201888843186868 -0.5952429207585531 0.6124454179093081 7.623095283350123
 1.270000 -0.5139654541559174 -0.6080023045814321 0.6051220617015782 7.5480913859026115
 1.280000 -0.5210417740194095 -0.6215463925966569 0.5849748298660282 7.587734272878534
 1.290000 -0.5138910169969708 -0.6377492723320065 0.5737524625566457 7.599870648267596
 1.300000 -0.5005331502369912 -0.6549700286664392 0.5661102605169046 7.602280888105515
 1.310000 -0.4768720444297809 -0.6664579087084312 0.5730854291999976 7.617951202242147
 1.320000 -0.4526712452302406 -0.675361855430066 0.5822156885311165 7.635216692345318
 1.330000 -0.42748792093183074 -0.6789024185802762 0.5969468849933235 7.649806283595639
 1.340000 -0.39884290902748476 -0.6732315821342755 0.6226424100039073 7.668285862710717
 1.350000 -0.36835521950189876 -0.662667237419708 0.6520633134261121 7.69885827400111
 1.360000 -0.33645834910045325 -0.6513939514679249 0.6800600703699639 7.632148919714656
 1.370000 -0.3020812115545115 -0.6410957366615183 0.7055091764535624 7.556242655409113
 1.380000 -0.26297474759778994 -0.6352170078192468 0.7261842983038407 7.439002904815979
 1.390000 -0.22127559106641773 -0.6302536201918753 0.7441891473498139 7.326444498511041
 1.400000 -0.1774790163826248 -0.6247877559149861 0.7603561394521461 7.225205905323576
 1.410000 -0.1296083567124886 -0.6157076491467443 0.7772424104823914 7.221554486105002
 1.420000 -0.07819946373023386 -0.6099954365304247 0.7885368801041336 7.2544491886123375
 1.430000 -0.01988107462689773 -0.6140982679100363 0.7889791253395574 7.350708826707506
 1.440000 0.02234326024640545 -0.6152053074808608 0.7880502575146722 7.474095526174049
 1.450000 0.05702139912799834 -0.6149723165887094 0.7864843354263334 7.609863503580073
 1.460000 0.048833541261032516 -0.5870406927186158 0.8080832323098622 7.445027737590919
 1.470000 0.04154563511701601 -0.5593885712154897 0.8278637488114918 7.341559572038051
 1.480000 0.037210082417143575 -0.536200167991147 0.8432702945158064 7.3654445181770996
 1.490000 0.023438180731426905 -0.5101553934147844 0.8597628313981757 7.244380289159205
 1.500000 0.004859380400789899 -0.4811806172917423 0.8766080081569289 7.067746386084826
 1.510000 -0.026870350366824173 -0.43652587551994565 0.8992903559322256 6.918191338706843
 1.520000 -0.059242062933682595 -0.3899452829149942 0.9189303859986928 6.797164601847622
 1.530000 -0.09109511521050363 -0.343959090238391 0.9345554152789247 6.709184366356486
 1.540000 -0.11047733150003007 -0.31029577951917287 0.9441987547318739 6.566361472439852
 1.550000 -0.12483219990908002 -0.2810100033710792 0.951551522447022 6.399611871259602
 1.560000 -0.16646789399944908 -0.21291703774117038 0.9627849060443943 6.326444565383207
 1.570000 -0.20362016938663016 -0.1509021393854329 0.9673506969800867 6.283164682761302
 1.580000 -0.2307541914845486 -0.10762599590671877 0.9670414407446039 6.240422799178911
 1.590000 -0.25355975621878585 -0.07741342035164898 0.9642170981556636 6.238759735156339
 1.600000 -0.27428404190205824 -0.05306641020043998 0.9601834306351619 6.255576922943744
 1.610000 -0.2765709673853458 -0.018269257517540122 0.9608198240197231 6.184139975580185
 1.620000 -0.28269123382968486 0.01088965422620891 0.9591491446832886 6.0806436946612505
 1.630000 -0.29895649391693896 0.025928634254737924 0.9539144199929966 5.889041725793376
 1.640000 -0.28928315589880643 0.028929077754919458 0.9568063357720185 5.730332432539971
 1.650000 -0.26721336848689903 0.026328347912537957 0.9632776514578136 5.58730429624105
 1.660000 -0.25750184907949336 0.03505970142370417 0.9656415561981176 5.561422556189599
 1.670000 -0.23945102867832443 0.03953377694087153 0.9701032343754359 5.486313802104309
 1.680000 -0.20026705549875873 0.03356048565044011 0.9791663802872134 5.299779425903677
 1.690000 -0.16739551454126764 0.031254973201587676 0.9853942705139057 5.096106259110619
 1.700000 -0.13580581154168933 0.030513229206293346 0.9902654817749166 4.8866552744950456
 1.710000 -0.07418380458467347 0.027298560285301924 0.9968708801764111 4.918686041667902
 1.720000 -0.011309958141765377 0.023316116764124387 0.9996641653804907 4.920878283802708
 1.730000 0.05753138607145777 0.017221585882207777 0.9981951495556359 4.831361331129519
 1.740000 0.12848010730949744 0.014912801328063639 0.9915999548115608 4.7753014326436185
 1.750000 0.2000706148176068 0.014182007649846107 0.9796788349992687 4.7481110138413305
 1.760000 0.2644172640874498 0.024783790926284837 0.9640898683005802 4.8059863862767775
 1.770000 0.3222794843950604 0.04205916596698979 0.9457097654651851 4.884450199669931
 1.780000 0.36877055065062364 0.07480055223410108 0.9265058868449294 4.980824081612505
 1.790000 0.40825023116607245 0.099659556570007 0.9074137543244085 5.058964624004012
 1.800000 0.4439770957039621 0.12085424734975879 0.8878505445106165 5.133852113957799
 1.810000 0.46717138752497817 0.15350722351149543 0.870739011993708 5.28172684072649
 1.820000 0.47601630061560785 0.18958544439719613 0.8587583133926269 5.413095118186165
 1.830000 0.4552834952018131 0.23657979757730505 0.8583396404542332 5.495248980739909
 1.840000 0.43926584416642234 0.26495373174926545 0.8583967836501362 5.488038447583041
 1.850000 0.4249957361854373 0.2860962534312671 0.8587942466020545 5.441590290151807
 1.860000 0.3933065633863512 0.297222454998725 0.8700395160231222 5.418763950888112
 1.870000 0.3638960292927046 0.3196107755528569 0.8748877825272818 5.386018849268193
 1.880000 0.3402504912504102 0.369016492350945 0.8649025561165025 5.327507996602988
 1.890000 0.3214867796393976 0.41003078092665823 0.8535344218072076 5.258133330613488
 1.900000 0.30438687404051845 0.4477642971811942 0.8407471469363859 5.187669287794675
 1.910000 0.27761227856201787 0.474093628347276 0.8355636746245731 5.313725335459643
 1.920000 0.2536386129291878 0.4941861957345305 0.8315331971585921 5.430603128930259
 1.930000 0.23477232450966343 0.5031366374313274 0.8317063662847761 5.513808831892709
 1.940000 0.20249984143558447 0.5164413794982451 0.8320349246038369 5.715671784570349
 1.950000 0.16678960866479717 0.5299600247572255 0.8314587173159981 5.974612316015401
 1.960000 0.17458252061437662 0.5479035179796559 0.8181214326012048 6.139163874493619
 1.970000 0.17185686123381713 0.5627452948854142 0.80856845865467 6.286153152278106
 1.980000 0.14610494987361178 0.5723410894629787 0.8068946777211756 6.388109338784654
 1.990000 0.1253551838535402 0.5760277627810911 0.8077611617219883 6.4100483076798875
 2.000000 0.1064539177702765 0.5772109340879589 0.8096265194277328 6.398426761367395
 2.010000 0.0550847564475679 0.5735129589479723 0.817342373504429 6.241684537704483
 2.020000 -0.004224950706490598 0.5733837657684496 0.8192760261015328 6.143006733535198
 2.030000 -0.07642522616500352 0.5832000174250365 0.8087254938983098 6.164897047413021
 2.040000 -0.14030233499539924 0.5721045091752632 0.808091384297698 6.168455001879046
 2.050000 -0.2004135028532329 0.5508777954308371 0.8101654660471267 6.176738334103822
 2.060000 -0.24149604409533876 0.5301849194773047 0.8127629493555585 6.334577491981978
 2.070000 -0.27403109700433875 0.5079284478688924 0.8166490370533088 6.441432936621509
 2.080000 -0.29158994733485366 0.4816945114078105 0.8264052881563912 6.409120955053401
 2.090000 -0.3024505216564354 0.45782703902095495 0.8360132082037072 6.403519130879457
 2.100000 -0.31028182141612387 0.43496485545871294 0.8452992167359873 6.411029009385421
 2.110000 -0.30445927762826724 0.38815506637097524 0.8698506726540006 6.4292534313758605
 2.120000 -0.2983166966041255 0.34427590467161195 0.8902141596210124 6.430889634573699
 2.130000 -0.29288081714767084 0.3077880330304662 0.905255407976196 6.365033446481709
 2.140000 -0.28651092554686425 0.26962129739430535 0.919356212538802 6.284737951504364
 2.150000 -0.2793272090907562 0.2297891772820697 0.9322946123761514 6.20467903720594
 2.160000 -0.271081304745844 0.17458610585251302 0.9465910510143998 6.077404511728134
 2.170000 -0.25752051065904213 0.12110170330579342 0.9586540377249457 6.004613043830813
 2.180000 -0.2336204128260888 0.07723557137263477 0.9692554715995729 6.028123849798895
 2.190000 -0.23026943569843691 0.0323669383955357 0.972588488664154 5.944213489273342
 2.200000 -0.23570527296014143 -0.01473989389781696 0.9717127969861601 5.821229098850399
 2.210000 -0.2205298519153878 -0.056796112723326124 0.9737252107210208 5.874972192197418
 2.220000 -0.2112339649262167 -0.09430764465680166 0.9728752644716775 5.9110698390442575
 2.230000 -0.21590994822266749 -0.12317900154032414 0.9686123207135111 5.887140399705187
 2.240000 -0.23712341064170675 -0.14197726407646014 0.9610488773267506 5.872471663656914
 2.250000 -0.26532014790464314 -0.15630076916921004 0.951407004742435 5.865917515518959
 2.260000 -0.27905399345403414 -0.18152009237877895 0.942963055904183 5.988376807788548
 2.270000 -0.3000005331700249 -0.207346652345308 0.9311321312568346 6.0744235185642355
 2.280000 -0.33893582421551005 -0.23647802014635597 0.9106045536076638 6.076093025647243
 2.290000 -0.37512800137218877 -0.24765271583302595 0.8932788561961118 6.187096653015509
 2.300000 -0.4084665023083063 -0.25092631703990803 0.8776053212628134 6.347761006105241
 2.310000 -0.4281286793948341 -0.3122238325491445 0.8480696388080161 6.53126673048549
 2.320000 -0.45257873175673535 -0.3544613636879888 0.8182479044971128 6.692635888905851
 2.330000 -0.49338911989526796 -0.36167887482107486 0.7910471337898484 6.748506963345625
 2.340000 -0.5238968255120386 -0.3745241342000008 0.7650253519460308 6.920182899773205
 2.350000 -0.5484232452219306 -0.3887659856069018 0.7403330011118917 7.146264998977443
 2.360000 -0.5694311300983236 -0.4028927547647786 0.7165372399484858 7.429036750670528
 2.370000 -0.5858179754505274 -0.41772911986845246 0.6944923916451305 7.695019265283106
 2.380000 -0.5952283888949649 -0.43632624423693145 0.6747759432905104 7.9083565931897395
 2.390000 -0.6018134022827913 -0.4461525935123456 0.6623960236407062 8.179745018307994
 2.400000 -0.6069998264596599 -0.4521904461639879 0.6535097635658982 8.475502885345085
 2.410000 -0.5955617113574391 -0.4628746780491814 0.6565464799889381 8.725541184477642
 2.420000 -0.592099282555982 -0.46909074559145975 0.6552650700267335 8.933264015711893
 2.430000 -0.6060302869399865 -0.46617470937175803 0.64452186282049 9.040246384557735
 2.440000 -0.6053304098729001 -0.47262439376035653 0.6404695756285088 9.106177987973624
 2.450000 -0.5984853240147314 -0.4829582601542618 0.6391921744575338 9.154893543173108
 2.460000 -0.5732036242997953 -0.5108391490444787 0.6406878872689041 8.97599183235727
 2.470000 -0.552936837732513 -0.5356559325318431 0.6382268996382165 8.785824710125056
 2.480000 -0.5475921094444303 -0.5530026488776806 0.627957762917593 8.546351463175732
 2.490000 -0.5288947701002754 -0.5816637485322618 0.6180110078339823 8.314286741200824
 2.500000 -0.5026754455353522 -0.615658747108313 0.6068621783937912 8.097844059145674
