0.0 2.5 1.0
Linear 4 explicit
 0.000000 3.012056043772209E-4 0.12458724654828508 0.992208610763231 18.795470391933147
 0.010000 -0.01144065196680101 0.1123908462097606 0.9935982131479648 16.772651606986596
 0.020000 -0.028397842242957775 0.09829630990039742 0.9947519278774529 14.741862651589864
 0.030000 -0.052486639357747104 0.08497439921335745 0.9949997508377872 12.68501952541633
 0.040000 -0.07868232408161561 0.07091631699335461 0.9943741588864897 10.832782259605763
 0.050000 -0.11154682168750252 0.05328723627240935 0.9923294699956586 9.073095298802793
 0.060000 -0.14296899228581236 0.03440265938157612 0.989129073615903 7.537604213997955
 0.070000 -0.18619219773087092 0.006870360118613121 0.9824893198686634 6.076472372043915
 0.080000 -0.24396151323604356 -0.03334147876116868 0.9692116001439511 4.777961743017996
 0.090000 -0.3189434404364097 -0.07400825265302545 0.9448798126438265 3.7170708056492936
 0.100000 -0.43035041466131646 -0.12679304398089367 0.8937125066814787 2.7831901487862902
 0.110000 -0.5725854403814699 -0.17136506551779537 0.8017355722326657 2.131651286079073
 0.120000 -0.7643502779390099 -0.21925036314528373 0.606381011308253 1.634970401162495
 0.130000 -0.9285208025313032 -0.22273539943350484 0.2970489203916113 1.3875951206287538
 0.140000 -0.9850318694493754 -0.17235869825071365 -0.002166865567611291 1.3833151110822322
 0.150000 -0.9673066611471025 -0.1013763574972484 -0.23246646519667008 1.5007371976982058
 0.160000 -0.9382561945819624 -0.032275082655479514 -0.34443233351147035 1.6400565302852175
 0.170000 -0.9075245543629512 0.019249488685646857 -0.4195576723332178 1.814893162212404
 0.180000 -0.8885887759925616 0.04412595561735548 -0.4565773617043408 2.0146194355457103
 0.190000 -0.8732890160077219 0.05742619657012383 -0.48380629023169425 2.179450039912241
 0.200000 -0.8604714341836379 0.06830139092606254 -0.5048998226891332 2.332632236599438
 0.210000 -0.8484595857917635 0.0678971565182674 -0.524886947270365 2.4667240979801646
 0.220000 -0.8368473850463044 0.07194702965899961 -0.5426878283731906 2.5981004973279918
 0.230000 -0.8255707127831646 0.07981975694649851 -0.5586249229990543 2.7216050672738756
 0.240000 -0.8153626356001331 0.08293517236746825 -0.5729795193997625 2.8315446390940964
 0.250000 -0.8058778545994312 0.08520667335983542 -0.5859186857245369 2.9371690712348832
 0.260000 -0.7996865920667048 0.10216414423824874 -0.591661932272819 2.994303657731252
 0.270000 -0.791801311178782 0.11964568573244364 -0.5989454011019492 3.057351832711883
 0.280000 -0.7788296835258501 0.1408221482670631 -0.6112229107424504 3.1249484060565793
 0.290000 -0.7667876029983317 0.15660445596260567 -0.6225044708760968 3.1920819436195593
 0.300000 -0.7557443435511354 0.16886528172851067 -0.6327203203764 3.2621079285888057
 0.310000 -0.7423912146350394 0.17597715842276992 -0.6464420501067037 3.3017387243793337
 0.320000 -0.7279440577433106 0.1866752144244314 -0.6597346535659593 3.3387870030766873
 0.330000 -0.7103790310843154 0.2054885333218136 -0.6731538419031412 3.36961846937801
 0.340000 -0.6950290553407662 0.21651458489197245 -0.6856063351232826 3.408706385460629
 0.350000 -0.6809106129282666 0.22407244079826158 -0.6972462108010066 3.451540632298496
 0.360000 -0.6636356269846393 0.2275944100951662 -0.7125928284021233 3.5059845127288285
 0.370000 -0.6476030032854623 0.2264383032283582 -0.7275548398345734 3.5879488143831724
 0.380000 -0.6328434023075539 0.21865519607944708 -0.742764520816159 3.7279891190272854
 0.390000 -0.6185000855223304 0.20980285226448503 -0.7572584812272205 3.8555550590603223
 0.400000 -0.6048161844348334 0.20150526098855745 -0.7704498769158333 3.9807909632399117
 0.410000 -0.5903333567366422 0.20113349731169836 -0.7816980517969925 4.1256758472041675
 0.420000 -0.5751983012994367 0.2035445975184319 -0.7922856246350188 4.274344531746608
 0.430000 -0.5565943200489004 0.2118841083187343 -0.8033105797456406 4.427515821012701
 0.440000 -0.5386895376633514 0.2187664460774244 -0.8136060619751418 4.5749903261153175
 0.450000 -0.5218599232919656 0.22593306598938623 -0.8225670004044288 4.723068012244181
 0.460000 -0.5046262409853312 0.23297286551332944 -0.8313098103857085 4.884509785109925
 0.470000 -0.486036766923576 0.24006551593464995 -0.8403194685698456 5.037626537279915
 0.480000 -0.4639014453506879 0.24449858211386635 -0.851478650551998 5.168305078235795
 0.490000 -0.4385683209330785 0.2501130130859245 -0.8631925095591484 5.331981178198599
 0.500000 -0.4123328189004333 0.2566134651294109 -0.8741459694878763 5.5129395663602585
 0.510000 -0.38978795164878166 0.2575022873725112 -0.8841707554241838 5.702052362067975
 0.520000 -0.36765842348628136 0.25814498977062356 -0.8934139286444481 5.89814175865901
 0.530000 -0.3449077016311172 0.25682816785246815 -0.9028166865721328 6.104077750673007
 0.540000 -0.32239667033633757 0.2524963053771376 -0.9123080634999005 6.3607336715441765
 0.550000 -0.3007746275896189 0.24792242883479526 -0.920906668820995 6.642604171180798
 0.560000 -0.27887513426791843 0.23557526375362983 -0.9309849378988139 6.926960518323347
 0.570000 -0.2560154744835418 0.2239154949730818 -0.940381799024166 7.235060621989133
 0.580000 -0.22935885894929625 0.21154958838330531 -0.9500743578669676 7.591989318600804
 0.590000 -0.19954213671260196 0.1934122218612685 -0.9606116010703059 8.062989887691733
 0.600000 -0.17077142984630603 0.17430673792216367 -0.9697702201362869 8.590879167255098
 0.610000 -0.1374363351403781 0.1565730857851424 -0.9780573207081986 9.198865960127579
 0.620000 -0.1075832331183177 0.13719112998996738 -0.9846849454540704 9.892008765386866
 0.630000 -0.08079453396792485 0.11317999085542553 -0.9902840667964276 10.76896997333945
 0.640000 -0.0582781394375869 0.08928432483841937 -0.9942997374040891 11.73509949775502
 0.650000 -0.03918557535465512 0.06771285838530311 -0.9969350327345391 12.74709590902187
 0.660000 -0.02698066033691641 0.04448296292621896 -0.9986457379757292 14.0692977064751
 0.670000 -0.016854737809256868 0.024098435839327727 -0.9995674980727811 15.538478474067706
 0.680000 -0.008861003491828492 0.0051442099036719015 -0.9999475084831128 17.336343862850253
 0.690000 -0.0030841567275737224 -0.009494330994265353 -0.9999501715866901 19.398823021289953
 0.700000 0.0014251956640714282 -0.020724361022647235 -0.9997842115564348 21.577117187304722
 0.710000 0.004658906887423477 -0.026005908491019785 -0.9996509327311064 24.253532117964074
 0.720000 0.007525801959610785 -0.027644706815039635 -0.9995894819824663 27.17629913576901
 0.730000 0.00984062001433246 -0.023969470232566757 -0.9996642569855659 30.670946119996948
 0.740000 0.01033617315308986 -0.015807732580049732 -0.9998216236485521 34.41699927310317
 0.750000 0.008807323820331963 -0.0065059344600867375 -0.9999400501349693 38.27025686849374
 0.760000 0.005926981900763304 0.008588603227125947 -0.9999455519077801 42.53802501522264
 0.770000 0.001287983512034759 0.023375961177807904 -0.9997259152075064 46.84798494920257
 0.780000 -0.004569754142060956 0.03964859204676739 -0.9992032358313249 51.255456179251915
 0.790000 -0.010108887177748509 0.05545824209086049 -0.9984098325758911 55.060781801369515
 0.800000 -0.01698882315269824 0.07064966652304654 -0.9973565082296645 58.602222157752955
 0.810000 -0.020413810186793224 0.08413336389347789 -0.9962453781240971 60.92475935378587
 0.820000 -0.0243046356489504 0.09719967447723664 -0.9949680939444696 62.8757295618024
 0.830000 -0.026462828825553193 0.10984500187785591 -0.9935963940418681 63.962546635279416
 0.840000 -0.02695092170976226 0.12036054688359922 -0.9923643416471972 64.22192022524386
 0.850000 -0.026874469628827165 0.1300980682914994 -0.9911368500408961 64.12893094987044
 0.860000 -0.025719182442793153 0.13834289333816466 -0.9900503863527853 63.2831814455926
 0.870000 -0.02465265967009837 0.14595615857675323 -0.9889838452395003 62.2765857551143
 0.880000 -0.02333827579604641 0.1519065056629939 -0.9881192936179956 60.888902378358644
 0.890000 -0.022108360307471358 0.15561988795559428 -0.9875695777398185 59.36393271153385
 0.900000 -0.020884104744173106 0.15835248954281472 -0.9871617614274912 57.779889796646216
 0.910000 -0.019991328163510028 0.15871212387254366 -0.9871224891238803 55.93431492664673
 0.920000 -0.01885471061187386 0.15835481632323808 -0.987202234618103 53.975786902148656
 0.930000 -0.017325735804545366 0.15636788954616024 -0.9875469112896413 51.75535842348872
 0.940000 -0.015802670236767975 0.15382646654941215 -0.9879715045497569 49.460254140772776
 0.950000 -0.014430300420754183 0.1506453992384417 -0.9884825391063099 47.13724763655583
 0.960000 -0.012992940546997029 0.15019121460949453 -0.9885715869627585 44.60006757463274
 0.970000 -0.011451291372413389 0.15079009184435882 -0.9884994770496714 41.944081358168326
 0.980000 -0.009517438046178174 0.15441029222338243 -0.9879609709034698 39.01149616010889
 0.990000 -0.008377423508134516 0.16195174490880548 -0.9867631180259822 36.07201642067366
 1.000000 -0.007630383209218076 0.17238597614257747 -0.9849999251174851 33.13285662601888
 1.010000 -0.00783420196796953 0.1924477499297736 -0.981275949377387 30.10331509125343
 1.020000 -0.009093823676278971 0.22031056228078724 -0.9753873889478314 27.04876219933892
 1.030000 -0.012846510118518678 0.26395518467517237 -0.9644493909277306 23.935380435914677
 1.040000 -0.020460709543209263 0.3219695426724593 -0.9465289076178687 21.06100384110737
 1.050000 -0.030593854282923126 0.3970784652188878 -0.9172746091217873 18.36820800810282
 1.060000 -0.04672972805311752 0.4961138992908078 -0.8669990377425755 15.919958335020025
 1.070000 -0.06756133482518008 0.6200959041106633 -0.7816114992384765 13.71304194048897
 1.080000 -0.09673345832436983 0.7660327357747883 -0.6354813024487825 11.87803394733494
 1.090000 -0.1230285254815166 0.8955765297564384 -0.4275589564811608 10.676696859544158
 1.100000 -0.14109774952506876 0.9765250737187654 -0.162758119544067 10.213207077528164
 1.110000 -0.1449714434408945 0.982123544042602 0.12006925011784814 10.197972032211828
 1.120000 -0.13498328344725588 0.9145855699665095 0.3811990928620275 10.869409323762097
 1.130000 -0.11403331762204358 0.7965115381123434 0.5937724918906391 12.026393538159084
 1.140000 -0.08929535905857056 0.6687535199270016 0.738102342792547 13.43565438052216
 1.150000 -0.06766313813517309 0.5481311206461977 0.8336509907130465 15.116257363792176
 1.160000 -0.04707334671294795 0.44480795245568316 0.8943880508266115 16.72476577630011
 1.170000 -0.03194033538692934 0.35701892542416747 0.9335509101620239 18.43178643178996
 1.180000 -0.020717154836563147 0.2846796222443356 0.9583988273022355 20.029209791910894
 1.190000 -0.014473322520951125 0.23335509431454435 0.9722838695014202 21.222298268499685
 1.200000 -0.010476599415034489 0.1914026574806145 0.9814556859960899 22.24894541109003
 1.210000 -0.009968289054666082 0.16379841309500967 0.9864434667434719 22.52627766663166
 1.220000 -0.010669589842641932 0.138675322468258 0.9902804223001254 22.57071352334837
 1.230000 -0.013937712622168311 0.11754105058079467 0.9929702118368027 22.04137327400699
 1.240000 -0.019782028266100093 0.09933096869571773 0.9948577938658617 21.031004378368984
 1.250000 -0.027126234071401963 0.08083738556200458 0.9963581105810316 19.816179864023045
 1.260000 -0.03714731459628679 0.06353754554186071 0.99728785078572 18.06358093830167
 1.270000 -0.049015458648929526 0.043818408442448775 0.9978363753116068 16.22046976800129
 1.280000 -0.06472339245440127 0.02264854569095591 0.9976461927192818 14.156482090947934
 1.290000 -0.08435377927565745 9.952058969707291E-4 0.9964353714552371 12.211785779755607
 1.300000 -0.11037648900705517 -0.025448314924687573 0.9935639958965752 10.325143823334795
 1.310000 -0.14363093240739686 -0.04955399141913905 0.9883898811654305 8.650401315434715
 1.320000 -0.18965122540675322 -0.08162632962919528 0.9784526329940468 7.048017850350186
 1.330000 -0.252638702192685 -0.1205995899858954 0.9600153254243549 5.595759404614594
 1.340000 -0.3328399013926819 -0.16754043048822403 0.9279804977437459 4.4261644154140924
 1.350000 -0.4462759539126017 -0.23168030595997982 0.8643853358252253 3.4174693746469718
 1.360000 -0.5813278587710624 -0.28446658026487937 0.7623232157878027 2.7338796468630187
 1.370000 -0.7441075604829749 -0.33754125593874484 0.5765152547603322 2.2244985371198487
 1.380000 -0.8763098301390074 -0.3554885580373767 0.3251291538854224 1.96688864062463
 1.390000 -0.9365042462385245 -0.3390726755548939 0.08938410076327254 1.9039057804224588
 1.400000 -0.946460774055792 -0.30137607870986116 -0.11569123715812861 1.9436362522444353
 1.410000 -0.9393249414372149 -0.26237521341323 -0.22097036403177384 2.0424833724226854
 1.420000 -0.9263375610442732 -0.22329647505543182 -0.30337667548176184 2.1634486633658208
 1.430000 -0.9152744390261199 -0.19185099078661533 -0.35421165791037357 2.2930864775782833
 1.440000 -0.9048684065706231 -0.1705872603589376 -0.3900168629605308 2.4146052852556745
 1.450000 -0.89530161760507 -0.15173819972078156 -0.4188204057340585 2.5321276596653606
 1.460000 -0.8887758401581892 -0.12293710944422467 -0.44154724896957914 2.6032609152738075
 1.470000 -0.8820153188687135 -0.09859225288621509 -0.4607912162267663 2.682060541144607
 1.480000 -0.8747419149882967 -0.08286919880806355 -0.477450812180184 2.7592829714835534
 1.490000 -0.8666751565789139 -0.07147920694606195 -0.4937255269309832 2.8185825852169892
 1.500000 -0.8587105837575886 -0.06279177679667695 -0.5085993768275948 2.876559792026394
 1.510000 -0.8536373867889024 -0.05243300116527674 -0.5182219527046457 2.903817573098514
 1.520000 -0.8491143055896045 -0.04251624002446718 -0.5264952662439287 2.9429042458626693
 1.530000 -0.8448033639389422 -0.030838115558935047 -0.5341875016379745 2.991095839910591
 1.540000 -0.8390892531261654 -0.014060789863004922 -0.5438120258661095 3.043462530212379
 1.550000 -0.8328168302397464 0.004820499515767356 -0.5535276777667401 3.0997341025262064
 1.560000 -0.8267592593064761 0.023335295339169605 -0.5620716957314615 3.1126934979120073
 1.570000 -0.8201727482808651 0.039961172503941066 -0.5707186414245841 3.1357848131910684
 1.580000 -0.811141809642578 0.057033228550458115 -0.5820620031327204 3.158715510830412
 1.590000 -0.8034288341204726 0.06593418193448206 -0.5917387870982 3.1814918408844677
 1.600000 -0.7966613308029978 0.07054536763325377 -0.600294990074618 3.2062973785609588
 1.610000 -0.788084834919513 0.06255885092348946 -0.6123795254097059 3.2394329802434494
 1.620000 -0.780539052322455 0.060790183439217264 -0.6221441484069348 3.2698629072184477
 1.630000 -0.7736433878017809 0.07301829252470615 -0.6293999026591598 3.281986680372602
 1.640000 -0.7658298823701561 0.08795822076719498 -0.6369991700688332 3.3319526540839517
 1.650000 -0.7573893265881199 0.105040768320711 -0.6444593431404259 3.3986386905186805
 1.660000 -0.7444838854418914 0.12772014305351342 -0.6553100864291154 3.435956012604159
 1.670000 -0.731183577755957 0.150450927569237 -0.6653834187996832 3.4777679376742334
 1.680000 -0.717039436406145 0.1741333265113422 -0.6749311307359086 3.5254361689985765
 1.690000 -0.7016243228991503 0.1947368224731022 -0.685420221097531 3.5590754289702056
 1.700000 -0.6854557956049875 0.21437066947550545 -0.6958416259035939 3.5886225453066527
 1.710000 -0.6635966314958143 0.22777808958875487 -0.7125704544609646 3.6716504748231253
 1.720000 -0.6434834898395365 0.24214930672154886 -0.7261492350462158 3.7571443753427864
 1.730000 -0.6273847872640662 0.2566714899770784 -0.7351925427686063 3.840483952780367
 1.740000 -0.6081501806639902 0.26192655161417766 -0.7493649573591373 3.9353687942819926
 1.750000 -0.5880882448382602 0.2644066687896709 -0.7643568078996902 4.038757740527624
 1.760000 -0.5582806904538382 0.2571001892270123 -0.7888106004395604 4.172864343464402
 1.770000 -0.5277857681129162 0.2466192778389545 -0.8127860202880286 4.326133023437043
 1.780000 -0.49463638694380807 0.226453439030165 -0.8390790693746248 4.515686623576244
 1.790000 -0.4567338599413214 0.20105697827311664 -0.8665854099110976 4.751528078827612
 1.800000 -0.41912833600199134 0.17526646160923198 -0.890849653642623 5.017539355463837
 1.810000 -0.3714887029715979 0.14546840496947366 -0.9169706029748811 5.428623885548988
 1.820000 -0.32689298769196184 0.11654622496447245 -0.9378475100166089 5.890279946787864
 1.830000 -0.2817280765961802 0.08449819309173191 -0.9557663659188103 6.447759527126553
 1.840000 -0.23682608840334265 0.05718379914667171 -0.9698677316865044 7.142995340992979
 1.850000 -0.197124001928975 0.03456891620338344 -0.9797689104559446 7.907393805688265
 1.860000 -0.15932142849981576 0.01738443914411994 -0.9870736870651666 8.87693296650428
 1.870000 -0.12808962759800951 0.002385259411582062 -0.9917597278773438 9.962425805114945
 1.880000 -0.10218803810370478 -0.01143142901216286 -0.994699415551882 11.300565052910393
 1.890000 -0.08107983321578716 -0.023600402417366197 -0.9964281618116976 12.788599244241786
 1.900000 -0.06404508496626403 -0.03351006658087542 -0.997384230138721 14.344026747659363
 1.910000 -0.05067088380724922 -0.044024052884497726 -0.9977446288012857 16.254184152728385
 1.920000 -0.03995753553288699 -0.052346840125692136 -0.9978292457544995 18.34729814736955
 1.930000 -0.03151209413913632 -0.059054864048607755 -0.9977572404924789 20.85920812461136
 1.940000 -0.02413978794708283 -0.062192539665085124 -0.997772197772556 23.61679201492075
 1.950000 -0.018047601628885482 -0.06342185816428872 -0.997823607649385 26.48092759906821
 1.960000 -0.01370452037668706 -0.05893364503913838 -0.9981678273735564 29.998623442070897
 1.970000 -0.010561763955784793 -0.052698848931660235 -0.9985545956348209 33.78854541914978
 1.980000 -0.00913112575068414 -0.04243279689641096 -0.9990575960824646 38.21295622686979
 1.990000 -0.010033677123597049 -0.030993974028410032 -0.9994692085788865 42.76538659580728
 2.000000 -0.013282332355417259 -0.019861646444413857 -0.9997145065706096 47.371528393920464
 2.010000 -0.016517045234976872 -0.0067888882041301935 -0.9998405363925078 51.907543556167425
 2.020000 -0.021372577317051267 0.005986671478094531 -0.9997536560090391 56.28194209732607
 2.030000 -0.02640960296545508 0.01965610515411669 -0.9994579382852373 60.29166667033527
 2.040000 -0.03011926428010973 0.03135310764648999 -0.9990544592564173 63.17010223989751
 2.050000 -0.03401527095690069 0.042137849206302314 -0.9985326048787768 65.56013815240725
 2.060000 -0.034147749100288886 0.05205974130972879 -0.9980599754354182 66.40275927218681
 2.070000 -0.034213455798367716 0.06188078859061988 -0.9974969711461464 66.80899732072538
 2.080000 -0.03252339662937854 0.0715011429515789 -0.9969101339781364 66.19425386220884
 2.090000 -0.029658106910223192 0.07938350527903208 -0.9964028581774119 64.99023947760362
 2.100000 -0.026197457733263756 0.08673601553595878 -0.9958868192808157 63.53591574247782
 2.110000 -0.022888018445416117 0.09357637682575921 -0.9953489841818324 61.7116855881535
 2.120000 -0.019559973357398213 0.09944959309884926 -0.9948503334043424 59.79400249694446
 2.130000 -0.016038309434357356 0.1025889204399203 -0.9945945334825944 57.65359523563218
 2.140000 -0.013188291992928274 0.10438949049294406 -0.9944490450641164 55.52704881018188
 2.150000 -0.01062484834042663 0.10558507784733898 -0.994353510545276 53.40656075835102
 2.160000 -0.008720965323111363 0.10665282520783795 -0.994258074967973 51.127704316052956
 2.170000 -0.006952009076308034 0.1076515469131896 -0.9941643797768055 48.73352794410916
 2.180000 -0.0053303888936591624 0.10857929261611488 -0.9940735003857745 46.069094910310234
 2.190000 -0.003434325394835412 0.11055431983200485 -0.9938641495574558 43.36455646507375
 2.200000 -0.00148973163343013 0.11323616228776867 -0.9935669842793683 40.642979213665946
 2.210000 9.088827052652576E-5 0.11928502187281002 -0.9928600481921536 37.731632139548616
 2.220000 0.001554079313503732 0.1277782461867588 -0.9918015449871629 34.72366392926167
 2.230000 0.0028288277102851652 0.1417096037735221 -0.9899042306870584 31.48937208784289
 2.240000 0.003750043519109374 0.16198399449520942 -0.9867862598865982 28.319600644253025
 2.250000 0.004792153794774993 0.1888783192145142 -0.981988806347968 25.19072803327381
 2.260000 0.0016495197401439645 0.23092726825427315 -0.9729696171316172 22.06783008694296
 2.270000 -0.002920381721510115 0.2892994980776069 -0.9572341781312688 18.944116127769906
 2.280000 -0.011405258828027174 0.37775614614679204 -0.9258348741105992 15.802563895845305
 2.290000 -0.025030739131870164 0.4963806070892606 -0.8677440607714981 13.029654710802797
 2.300000 -0.04295382085669296 0.6537791974818303 -0.7554652409037924 10.668362153464082
 2.310000 -0.07140786641366637 0.834686909853913 -0.5460757082427065 8.873173849145271
 2.320000 -0.0954376626014865 0.9751556951277253 -0.19990753566868782 7.987606231445982
 2.330000 -0.10239503512515251 0.9725230051380435 0.2090795572479238 8.265311540884639
 2.340000 -0.09015618299910765 0.8531046964235658 0.5138912721647323 9.462575168002022
 2.350000 -0.07357299572412222 0.709522782049895 0.7008312464868809 11.296407036716907
 2.360000 -0.054043358619059234 0.5793367174146707 0.8132947087276331 13.252629074791642
 2.370000 -0.03806500015879796 0.4706092499669846 0.8815202718079845 15.412596759292763
 2.380000 -0.023405909465569016 0.3770835460096347 0.9258834498633666 17.56935855056408
 2.390000 -0.010557875780087845 0.3043171184318226 0.9525122690487322 19.40187070367027
 2.400000 -2.189327768804063E-4 0.24313652081619397 0.9699920537374704 21.129766766515978
 2.410000 0.011397684803223987 0.18904182560506538 0.9819028877404478 22.223343289390883
 2.420000 0.0218496494175232 0.1385298728717466 0.9901171986903717 23.125684856056303
 2.430000 0.033944419678021205 0.08848895816243169 0.9954986090678629 23.492334572266987
 2.440000 0.04092926705948828 0.04819263204171287 0.9979991309188927 23.191461801724962
 2.450000 0.046532267072898245 0.010114568524961303 0.9988655783560721 22.616074708593608
 2.460000 0.04073319895511061 -0.011817758129771727 0.9991001686996503 21.057359170747183
 2.470000 0.03184703058840107 -0.032142984929685064 0.9989757730608443 19.305267252590923
 2.480000 0.013872458640858596 -0.0433898066425852 0.9989619009605805 17.08691282682193
 2.490000 -0.01097502813040577 -0.04974119703748119 0.9987018384256711 14.852253416261789
 2.500000 -0.0463372801261542 -0.05517816165356876 0.9974007353852528 12.617573074688126
