0.0 2.5 1.0
Linear 4 explicit
 0.000000 -0.008660945634953432 -0.11472828596682123 -0.9933591537907243 11.635625541069853
 0.010000 -0.018456964739488213 -0.09678120066909755 -0.995134533442415 12.760696592841374
 0.020000 -0.02799803363232272 -0.0807520422836493 -0.9963409144362902 13.958883654042257
 0.030000 -0.035150121349128254 -0.06360370657832905 -0.997356023433277 15.350068466864284
 0.040000 -0.03966850649568978 -0.049223583561586584 -0.9979997236541486 16.867144416412092
 0.050000 -0.04295754489501868 -0.037418379442772196 -0.9983759383200645 18.440850798110002
 0.060000 -0.04221573612131319 -0.02740307584848126 -0.9987326484388992 20.41339990829327
 0.070000 -0.04130502037760852 -0.02005944896951062 -0.9989452005984336 22.564101845670805
 0.080000 -0.039739847563081535 -0.01589002594635045 -0.9990837059981948 25.126097843225324
 0.090000 -0.03803492617720215 -0.016055305499531297 -0.9991474223336672 27.95642785198998
 0.100000 -0.03580280183587301 -0.01809833330924083 -0.9991949808281309 30.900263084718375
 0.110000 -0.03187178324906043 -0.025445707262975972 -0.9991680066006977 34.44102009159201
 0.120000 -0.02683726817578151 -0.034289784071594005 -0.9990515360806892 38.19847892149982
 0.130000 -0.020077763587442066 -0.04680889567673799 -0.9987020630272329 42.46947114787726
 0.140000 -0.012768979951386024 -0.0607231565673309 -0.9980729689794733 46.69364595562066
 0.150000 -0.0037848032646415476 -0.07446137449016692 -0.9972167161521528 50.891020132296816
 0.160000 0.004497985472586011 -0.09003821384430073 -0.9959281541227842 54.665135065465115
 0.170000 0.013362392846778539 -0.10533209743401374 -0.9943473214664782 58.166456685572115
 0.180000 0.020539734386444006 -0.12227214715740288 -0.9922840527494396 61.068222131195135
 0.190000 0.02515897674316357 -0.13803739771610726 -0.9901074197888844 62.90435048502726
 0.200000 0.029335763987794312 -0.15319471658904638 -0.9877604931158435 64.2842472176898
 0.210000 0.029274122686192266 -0.16784290981252303 -0.9853790049349636 64.40522980724599
 0.220000 0.029108271196879424 -0.18244896163868551 -0.9827843532255153 64.26221039717596
 0.230000 0.027280150165097113 -0.1970747608399351 -0.9800088428411512 63.49306914917594
 0.240000 0.025193155141400587 -0.2091959912027071 -0.9775491507841118 62.43992518002047
 0.250000 0.02298176895653822 -0.22050347232420575 -0.9751154070101633 61.269951346037075
 0.260000 0.021756751996858538 -0.22973430751914417 -0.9730101703945578 59.915911971069235
 0.270000 0.020836902805932745 -0.23777635504258288 -0.9710964053399228 58.500299039773026
 0.280000 0.020421425348503483 -0.24285416576987687 -0.9698478331959879 56.93413157459953
 0.290000 0.020439971941421154 -0.2459829700345623 -0.9690586081347246 55.34388787862847
 0.300000 0.020652553981280075 -0.24822477374534502 -0.9684822836341006 53.74300297644939
 0.310000 0.020915076146967748 -0.24653534115251488 -0.968908089115051 51.90009830232474
 0.320000 0.02105444899620786 -0.2447406816908871 -0.9693599480600311 49.93819834225507
 0.330000 0.021154456092242927 -0.24283058011866643 -0.969838026861534 47.70607868255567
 0.340000 0.020072678533063677 -0.24155260169550677 -0.9701801009042806 45.345473392382026
 0.350000 0.01845457537681116 -0.24053113520879713 -0.9704659713987033 42.92711352046109
 0.360000 0.01592680766861122 -0.24324567205689362 -0.9698339444580589 40.25908073086451
 0.370000 0.012857877867715795 -0.24870276021293625 -0.968494508006734 37.48541374468331
 0.380000 0.008264564772084346 -0.2611656326381214 -0.9652586230113969 34.470175081279784
 0.390000 0.003952533228473869 -0.280973342307145 -0.9597074337493847 31.50637126064593
 0.400000 -6.314468552995826E-4 -0.30711061480055996 -0.9516736160846802 28.581297163716222
 0.410000 -0.0033090725825745196 -0.34926960331341983 -0.9370164322144674 25.66315796339002
 0.420000 -0.005691392183004333 -0.4046368328967367 -0.9144597539084579 22.75865078087681
 0.430000 -0.006177253386129834 -0.4831494517820463 -0.8755161042398429 19.859018993977433
 0.440000 -0.005392821090654579 -0.5788712954502021 -0.8154010919691541 17.289641520257142
 0.450000 -0.004732510313632606 -0.692690320545646 -0.7212196081420008 15.068569450578286
 0.460000 -0.0013971546008219725 -0.8176290999873458 -0.5757436085732124 13.268432048202444
 0.470000 0.0016134279122963196 -0.9321827023361534 -0.36198453877981907 12.033704882647541
 0.480000 0.005292580579534515 -0.9966323440755509 -0.08182884169583458 11.517829370943659
 0.490000 0.004068464986334842 -0.9806056362220421 0.1959490592021783 11.768229190509688
 0.500000 0.0012969831505442871 -0.9028807558431955 0.42988912356877235 12.75665128001173
 0.510000 -0.010679553958142747 -0.7931399997709446 0.6089457183449121 14.054542179853817
 0.520000 -0.021602842670393623 -0.6764448705007098 0.7361763744931212 15.79273198489532
 0.530000 -0.03388584036750908 -0.5626338600161014 0.8260114341738677 17.768011621442515
 0.540000 -0.044296059642658474 -0.47052402147280803 0.8812746474948605 19.6873751954308
 0.550000 -0.0517818600423943 -0.39300791745051994 0.9180759313868082 21.635788133120023
 0.560000 -0.058099448156176084 -0.33576657971830715 0.940151720770758 23.170788140848952
 0.570000 -0.061689649472253964 -0.28920613996799804 0.9552770256594686 24.574316091231353
 0.580000 -0.06289800011471489 -0.2569250752530471 0.964382365707599 25.538015657386904
 0.590000 -0.06144996731930319 -0.2385060091878033 0.9691949159471298 25.903889934727783
 0.600000 -0.05907060386174479 -0.2254810373579337 0.9724551226413479 26.009863674214245
 0.610000 -0.053317507193811266 -0.2256422072538785 0.9727501414711979 25.154666550230946
 0.620000 -0.04690501357632708 -0.22823530926326074 0.9724754821109416 24.05376367250108
 0.630000 -0.0388138064699085 -0.23752721157836107 0.970605126808593 22.383141538009436
 0.640000 -0.02837599106717512 -0.25237860948857066 0.9672124071803314 20.465764323757423
 0.650000 -0.014986466978344987 -0.2719710122377525 0.962188741521059 18.44771967760637
 0.660000 -0.0016201926186825272 -0.29652266608076894 0.9550244412978294 16.319760517522152
 0.670000 0.014799362727306505 -0.32780067552820064 0.9446309840282188 14.209261046771335
 0.680000 0.03362189008267794 -0.369086645360167 0.9287866368138845 12.126328273783404
 0.690000 0.051277980454963616 -0.4146697277428809 0.9085260511477398 10.33588823205475
 0.700000 0.0707971093708121 -0.47106135510409786 0.879254780500071 8.689345784080933
 0.710000 0.08818681402584269 -0.5316752512799512 0.8423446521515834 7.398070915761624
 0.720000 0.11011705822545934 -0.610547499441565 0.7842869273508407 6.226884300290694
 0.730000 0.1356194993342721 -0.705761913410582 0.6953470162295625 5.289619205137546
 0.740000 0.1589250428421254 -0.7952828316858874 0.5850367923330164 4.698458170850724
 0.750000 0.17958765182234293 -0.8751325810717927 0.4493230918387781 4.31131345044672
 0.760000 0.18787014810875818 -0.9207798919985701 0.34186137240216924 4.149190422729613
 0.770000 0.19622113922476214 -0.9520240749752106 0.23483488920714318 4.063419098290838
 0.780000 0.2091194828738671 -0.9659534837929644 0.15232501117939146 4.056237961096667
 0.790000 0.21973053172004323 -0.9709461058642157 0.09477422084692828 4.059236419925586
 0.800000 0.22949455772426183 -0.9721258089919871 0.04799645264621246 4.075089415992856
 0.810000 0.245362837170605 -0.9691227710307605 0.02445675377582726 4.087136856115276
 0.820000 0.2586942686719663 -0.9659580899758946 0.0014979206914884926 4.112161423188465
 0.830000 0.26815589986841754 -0.9631897706512392 -0.018917692210525302 4.131217827046858
 0.840000 0.2768874162821153 -0.9602756337147227 -0.0346996541539297 4.155522354695061
 0.850000 0.2858377803333927 -0.9570705630341225 -0.04809054696742973 4.189439186436243
 0.860000 0.28724414742697973 -0.9552302489853838 -0.07089408432492468 4.226012051268695
 0.870000 0.28912524576800364 -0.9530822342868515 -0.08967076974340522 4.269479132060559
 0.880000 0.2907551512885642 -0.9515298094949314 -0.10026197505387446 4.314883528724479
 0.890000 0.2897302486928903 -0.9501042042944375 -0.11557847539394922 4.351560877045112
 0.900000 0.2889986895175476 -0.948068702357755 -0.13283633940613773 4.3848533614790774
 0.910000 0.2843723726463516 -0.9466075406214117 -0.15187665295945527 4.408890338289539
 0.920000 0.28007462169975883 -0.9444515967021891 -0.17195751733036402 4.444909497354541
 0.930000 0.27489297924242395 -0.9416728270743124 -0.19412917532688445 4.51169751909171
 0.940000 0.2652345152436754 -0.9405424941888911 -0.2122038372612332 4.562422400705913
 0.950000 0.2553806536623998 -0.9392959365596064 -0.22913721936336987 4.605541132672747
 0.960000 0.24577027288677608 -0.9356669591735862 -0.25322779167384873 4.665918758726411
 0.970000 0.23646970073740364 -0.9310745733987595 -0.27781688106283386 4.747228528886145
 0.980000 0.22653776818389135 -0.9254276743171586 -0.3037503237762829 4.875533984066787
 0.990000 0.21688164228812198 -0.9197166032105509 -0.32723649401809257 4.980831572490431
 1.000000 0.2075952150963066 -0.9137210447437374 -0.3493108630740405 5.0768686003229035
 1.010000 0.19981262225169125 -0.9064784106178541 -0.371983611295756 5.210365082199949
 1.020000 0.19333653367644354 -0.8989581147693709 -0.3930588920712467 5.355122839935072
 1.030000 0.18844976784652795 -0.8913875861203333 -0.4122072977388381 5.521649465121054
 1.040000 0.18169691741878236 -0.8825651603341835 -0.433664580021022 5.698410062547437
 1.050000 0.1743181668580814 -0.8734133698067685 -0.45471118541995775 5.88566148158608
 1.060000 0.16852381366834343 -0.8632907915171448 -0.47574019538859547 6.049787097506617
 1.070000 0.1616591201794333 -0.8527904289966931 -0.49660327533600457 6.199249346612801
 1.080000 0.15153025836671818 -0.8402101057703308 -0.520658774016846 6.300146245898539
 1.090000 0.14385449132104813 -0.8259654370907165 -0.5450568613074275 6.4168097103996065
 1.100000 0.137770844611609 -0.8113546595742634 -0.568086974645727 6.548005395718916
 1.110000 0.12999677395851666 -0.7927741158109666 -0.595491427361065 6.627482799913022
 1.120000 0.12145094511880035 -0.773459492809912 -0.6221013429594763 6.722888692506489
 1.130000 0.1102535647551555 -0.7525973220834142 -0.6491851987311897 6.839783110682293
 1.140000 0.09908504138043908 -0.7293237253081362 -0.676955728447067 6.980062963973181
 1.150000 0.08859549211008519 -0.7053600256944523 -0.7032908878480465 7.139540652443435
 1.160000 0.07605853933775707 -0.6861823318722288 -0.7234423999325704 7.371154348124334
 1.170000 0.06262460128206411 -0.6660394272185184 -0.7432830152133779 7.641836011454889
 1.180000 0.0456956108277617 -0.6427905197095426 -0.7646778791900638 7.994572157034883
 1.190000 0.03158948124657555 -0.6179511161048318 -0.7855816461573966 8.385102526529947
 1.200000 0.019363243144107936 -0.593409233794023 -0.804667972559448 8.797416049168573
 1.210000 0.0060671071565943785 -0.5606258617718421 -0.8280469994652053 9.306857326694425
 1.220000 -0.006164490336480228 -0.5268933262494939 -0.8499090667904632 9.862819486234617
 1.230000 -0.018015354553463023 -0.4882457164390617 -0.872520238951063 10.512118862462875
 1.240000 -0.029263625181780075 -0.44798619787660776 -0.8935614174488965 11.268832571562564
 1.250000 -0.03921985565937329 -0.40990116754897193 -0.9112863632053579 12.08784406419272
 1.260000 -0.04542577158579809 -0.36883016976793936 -0.9283861293367043 13.100790614179438
 1.270000 -0.0495262207935814 -0.33084335566654477 -0.9423851799902233 14.242316368705419
 1.280000 -0.050408915535680436 -0.2938381166135616 -0.9545250664385464 15.654357365425273
 1.290000 -0.05008573679098056 -0.2606428842180839 -0.964135211407914 17.229479364969393
 1.300000 -0.049343701234778464 -0.2322764330576014 -0.9713973737840198 18.885123696712373
 1.310000 -0.046919753479846706 -0.2036723769081355 -0.9779141575915448 21.010268062345208
 1.320000 -0.04408660420629149 -0.17964100859273952 -0.9827438523650713 23.35781473340693
 1.330000 -0.03988606224875042 -0.15886535449987588 -0.9864942479193265 26.198941070009997
 1.340000 -0.035024016791295125 -0.14482765343457119 -0.988836826300699 29.3970508789472
 1.350000 -0.02955676447356334 -0.1352740564809719 -0.9903672689043378 32.74746421233197
 1.360000 -0.023003386841085917 -0.1309029745238708 -0.9911282739659091 36.76923277879942
 1.370000 -0.015407243663598595 -0.1296907251460055 -0.9914347848718007 41.00365839049994
 1.380000 -0.006104792872669082 -0.1324161823704312 -0.9911754063486554 45.735961314033446
 1.390000 0.0033069255194372827 -0.13608324391713156 -0.990691887000494 50.2097084075735
 1.400000 0.013784382005599253 -0.140376841830503 -0.9900021884270851 54.563562694764336
 1.410000 0.021729652178105772 -0.1453832195498713 -0.9891367659173995 58.176498856312826
 1.420000 0.02952756341098511 -0.15056200446209764 -0.9881595042357106 61.43291909377835
 1.430000 0.034700713429646576 -0.15598327957285255 -0.9871499769443197 63.88331049776282
 1.440000 0.036834006887833066 -0.16135038917088054 -0.9862095658890114 65.20805972376694
 1.450000 0.03780766605881984 -0.1668201155269503 -0.9852622135466069 66.05477401823255
 1.460000 0.035995235168078246 -0.17257552646956392 -0.9843383720596021 65.68474452858707
 1.470000 0.03383228571286573 -0.17816766630452882 -0.9834183540726912 65.06405342443965
 1.480000 0.03026832219681253 -0.1836637635026364 -0.9825230026047419 63.86083787118632
 1.490000 0.02666696632185134 -0.18825915647317004 -0.9817572830955723 62.39211055820115
 1.500000 0.022995932885598827 -0.19244145009847263 -0.9810389774900476 60.809892801055774
 1.510000 0.020175920717321532 -0.1961577328323448 -0.9803647668461382 58.992935112371185
 1.520000 0.01743719208411287 -0.19947981308608886 -0.9797467777458422 57.097957158174864
 1.530000 0.014923024119111245 -0.20192638669979626 -0.979287004766991 55.01770382516974
 1.540000 0.013048916783758937 -0.20440517946630146 -0.9787993912840974 52.93981922634421
 1.550000 0.011484730610192706 -0.20700020293174146 -0.9782734878085111 50.862780605238235
 1.560000 0.010776377725752812 -0.20994654413502362 -0.9776534755673262 48.62462440264921
 1.570000 0.010243268457145493 -0.21357343686257502 -0.9768733093487726 46.29276264342123
 1.580000 0.009826234384744491 -0.21902937316355528 -0.9756687854028108 43.73497273400535
 1.590000 0.009282976207113984 -0.22619347246604066 -0.9740381611448766 41.145887336383836
 1.600000 0.008738112793460309 -0.23479104672151327 -0.9720065893625541 38.5456934302663
 1.610000 0.008356676172951702 -0.2503688693136516 -0.9681144535859094 35.72644479444793
 1.620000 0.008370155710944223 -0.2709406230736137 -0.962559670494176 32.812887775759414
 1.630000 0.008926950362015487 -0.3016964959273813 -0.9533622259678499 29.67639340785231
 1.640000 0.010005624912756562 -0.34360535343051063 -0.9390608332605503 26.6192173782613
 1.650000 0.011198988129050657 -0.3975362568680957 -0.9175181236031191 23.651635643653062
 1.660000 0.017273658441605652 -0.4728058193254545 -0.8809973200504235 20.794997198034572
 1.670000 0.024559601052423517 -0.5688460011320844 -0.8220772792093103 18.089956106033615
 1.680000 0.03414400717311895 -0.6918495590826015 -0.7212339248616721 15.614518446353458
 1.690000 0.04535312231216468 -0.821599721352156 -0.5682578571129461 13.685015049517483
 1.700000 0.05549557780948936 -0.9356009644149419 -0.34867044071647585 12.465645395134315
 1.710000 0.05867585499262234 -0.9949950826025704 -0.08088219604825854 11.875860282833571
 1.720000 0.053638434524357285 -0.9775817985291978 0.20360929626663712 12.134991452522463
 1.730000 0.03990058471376603 -0.8878209613435164 0.4584559781904626 13.115287480971956
 1.740000 0.02186064208459725 -0.7688377511154014 0.6390701250938439 14.543957963217382
 1.750000 0.006589306758391326 -0.6480194185653726 0.7615953086768855 16.371739475179318
 1.760000 -0.009571796036291996 -0.5377224974729654 0.8430675515236465 18.19698485434264
 1.770000 -0.021368123163004647 -0.4410075852308433 0.8972489693955359 20.212528798467112
 1.780000 -0.03154085321951056 -0.357685550226004 0.9333092851449117 22.221002502657193
 1.790000 -0.03761082782398483 -0.2964301152655284 0.9543136865800784 23.868041203711982
 1.800000 -0.0414189168591978 -0.2459162839658861 0.9684057283012222 25.37685683957255
 1.810000 -0.042931675237419545 -0.21349791007096566 0.975999750848656 26.157806129866408
 1.820000 -0.042848291001772496 -0.1865304671616232 0.9815143446627228 26.679149545120136
 1.830000 -0.04020957862334548 -0.1688628082802533 0.9848190401117554 26.54275676768489
 1.840000 -0.03598693594245726 -0.15850943223942168 0.9867014241058993 25.799557353762367
 1.850000 -0.030999460889157403 -0.15071915538501685 0.9880904663160196 24.79524769247778
 1.860000 -0.02327863345101139 -0.14950705669939376 0.9884865933444609 23.06080955620148
 1.870000 -0.014385460695097508 -0.14927461945556827 0.988691127960085 21.181264616084857
 1.880000 -0.003093615614298346 -0.1526546581064142 0.9882747517268893 18.96278187220778
 1.890000 0.009733778843866935 -0.15683616871749068 0.9875766652424699 16.772784596025836
 1.900000 0.02560631795942404 -0.16204863601058145 0.9864504833227418 14.596634138903449
 1.910000 0.04135068048215269 -0.17092698693503453 0.9844156065204236 12.538769237114971
 1.920000 0.06014901020605926 -0.18163137443759386 0.981525415051053 10.527827053531055
 1.930000 0.07885981268999818 -0.1932210343585617 0.9779809618923601 8.620963411178646
 1.940000 0.09991444441835369 -0.20336103114290932 0.9739925024398619 6.975852197845806
 1.950000 0.1278998941144978 -0.21538484678652697 0.9681172371465371 5.4440585198964975
 1.960000 0.159558121430841 -0.2451063573090334 0.9562761523180203 4.234948253643511
 1.970000 0.21145561495293327 -0.29679473428221886 0.9312354206145854 3.1208105266588806
 1.980000 0.2977302803181278 -0.3904510953492467 0.8711513199911152 2.2278656773499734
 1.990000 0.4069900091065998 -0.5325575039323399 0.7421196921607495 1.6514002142213071
 2.000000 0.5252457373209307 -0.7059983460798401 0.475061312631035 1.2996430865718076
 2.010000 0.5851371227644224 -0.7812634939961527 0.21735201980174215 1.2703615903481866
 2.020000 0.6049859416450433 -0.7961915775960989 -0.008425092100114143 1.3430616941094025
 2.030000 0.6118989341697191 -0.7818513723906553 -0.11953294881667827 1.4690266430709202
 2.040000 0.6145597947071255 -0.7707817687774179 -0.1679634592698391 1.6042468420994538
 2.050000 0.6159127319298289 -0.7646242896853132 -0.1897398278431942 1.7486350019638834
 2.060000 0.6268083071225042 -0.7516542675223528 -0.20524913699612876 1.8310267603236903
 2.070000 0.6302747121623816 -0.7457635882286292 -0.2158482283480379 1.919555736224438
 2.080000 0.6249937757026361 -0.7492271329730196 -0.2191836753729442 2.000744700422759
 2.090000 0.6212258435620577 -0.7490537423435397 -0.2302106478244391 2.081458855968302
 2.100000 0.6185098245449532 -0.7472424277342976 -0.2430521572319907 2.1665098520271875
 2.110000 0.6222007459022831 -0.7418182044657397 -0.25014392521480167 2.235067771194912
 2.120000 0.6262173101390737 -0.7356812741150088 -0.2581180803405689 2.30871423087985
 2.130000 0.6263632858965562 -0.7309443909271269 -0.2709046538046928 2.3781553827909674
 2.140000 0.625000121368877 -0.7274425270080059 -0.28319996149204457 2.432865466785954
 2.150000 0.6247685867546514 -0.7230742719675611 -0.2946655904973928 2.4849483023564107
 2.160000 0.6207456936494475 -0.7182341361841693 -0.31434775239445595 2.533392716585719
 2.170000 0.6152851346794911 -0.7129699581606077 -0.3363005230488079 2.5900244740925276
 2.180000 0.6019139549621814 -0.7098910339503479 -0.3657243644313177 2.653818246870424
 2.190000 0.5903219705073303 -0.7090768438347764 -0.38565528736639254 2.723600837477908
 2.200000 0.5802761847320762 -0.7091610328530004 -0.40046245631226296 2.799077676380084
 2.210000 0.5677085750686461 -0.7132050180110838 -0.41115152447405207 2.8547946060274274
 2.220000 0.5574932790855659 -0.7159269660763173 -0.4202973031309896 2.914718934812402
 2.230000 0.5480985402129808 -0.7192549931396107 -0.42691948311143885 2.978585165774679
 2.240000 0.5410664527707334 -0.7181679750216665 -0.4375863952859765 3.0421478774451933
 2.250000 0.5348767844810428 -0.7158746807720032 -0.44880983373005817 3.109947132270067
 2.260000 0.5229264868557179 -0.7152500816819535 -0.4636434082338449 3.1546090598113654
 2.270000 0.5105924833374138 -0.7150127745284658 -0.47754795384383997 3.212497319568834
 2.280000 0.4953094365990637 -0.7164539770001382 -0.49128633286160445 3.291866816055965
 2.290000 0.47992590878724695 -0.7137984746330428 -0.5100616234204219 3.381138607225281
 2.300000 0.4645414653267202 -0.710080597036104 -0.529137763446301 3.4808770285839508
 2.310000 0.44765053332207666 -0.7072575290171305 -0.5471707116294174 3.501898047807868
 2.320000 0.4325676407318227 -0.7027794561815366 -0.5647886969131803 3.541326934877032
 2.330000 0.41509686743452884 -0.6964666990673023 -0.585344964731343 3.607528604107773
 2.340000 0.3989402904902527 -0.6834341397004726 -0.6113627575469638 3.684624020587508
 2.350000 0.3846408672753607 -0.6680003282972878 -0.6370454965042718 3.7744652004092347
 2.360000 0.3659763106864351 -0.6408624810021294 -0.67480117105718 3.8709380114806065
 2.370000 0.3448419590966885 -0.6148721586360794 -0.7092363863907193 3.9962217394701143
 2.380000 0.31596315342524267 -0.5901417042371281 -0.7428997608006579 4.166086741222152
 2.390000 0.2877550504941565 -0.5593502133697832 -0.7773830263893621 4.388538789912091
 2.400000 0.2622315154687088 -0.5280051920638025 -0.8077407687176941 4.644250084976508
 2.410000 0.22397344775974656 -0.5071863697050455 -0.8322246578202479 5.014606791951425
 2.420000 0.1922696465592802 -0.48479309768422896 -0.8532338691412216 5.41177819504957
 2.430000 0.1662614104389337 -0.4580937443789681 -0.8732166196080517 5.855418016790364
 2.440000 0.13619235007440766 -0.42586137055314693 -0.8944795899582086 6.403386595087568
 2.450000 0.10803051493799155 -0.3943555958432899 -0.9125859257457986 7.006409020862993
 2.460000 0.07542592757275984 -0.3578619742929644 -0.9307232331928382 7.743841397005628
 2.470000 0.048761619639409504 -0.3195316777300245 -0.946320142117443 8.59760017529142
 2.480000 0.028214893578951804 -0.2733157103032804 -0.9615105003491858 9.704261884923062
 2.490000 0.010844987151556318 -0.23369646469626326 -0.9722491186121747 10.901646036812256
 2.500000 -0.003547474201677538 -0.20102465408982131 -0.9795797588123469 12.148328169709306
