0.0 1.15 1.0
Linear 1 explicit
 0.000000 -19.895
 0.010000 -20.268612565523142
 0.020000 -20.782512677819362
 0.030000 -21.355244990436468
 0.040000 -21.97814458616907
 0.050000 -22.614387925184293
 0.060000 -23.231045788231523
 0.070000 -23.81590330001079
 0.080000 -23.99117578137572
 0.090000 -24.34076149805218
 0.100000 -24.71275816482094
 0.110000 -25.082081060607848
 0.120000 -24.932746787538683
 0.130000 -24.957424978531925
 0.140000 -24.6740080248537
 0.150000 -24.27721917963235
 0.160000 -23.80474725591518
 0.170000 -23.573512232338437
 0.180000 -23.13073752941296
 0.190000 -22.629078808266108
 0.200000 -22.09615728102628
 0.210000 -21.535409235997477
 0.220000 -20.95071577406352
 0.230000 -20.34689209032415
 0.240000 -19.719441226311936
 0.250000 -19.126800430941376
 0.260000 -18.512893391064587
 0.270000 -17.88688874128876
 0.280000 -17.506515884641548
 0.290000 -16.816632368201155
 0.300000 -16.001282041627746
 0.310000 -15.606124592489095
 0.320000 -14.972028053430995
 0.330000 -14.23306150116244
 0.340000 -13.38233330809984
 0.350000 -12.466435895777735
 0.360000 -11.48718883649755
 0.370000 -10.460612681371051
 0.380000 -9.396432708673276
 0.390000 -8.309671316765534
 0.400000 -7.230435121980315
 0.410000 -6.136872435101041
 0.420000 -5.033103431254144
 0.430000 -3.937286719405187
 0.440000 -2.780148079973975
 0.450000 -1.6730506108406245
 0.460000 -0.5741196458379214
 0.470000 0.5448781020521912
 0.480000 1.458400887983048
 0.490000 2.4079489697192007
 0.500000 3.363245837143446
 0.510000 4.322770450300044
 0.520000 5.292229342104175
 0.530000 6.080128223841255
 0.540000 6.489309567798586
 0.550000 6.725397701311745
 0.560000 7.001683939687088
 0.570000 7.1897697820962
 0.580000 7.312566451463189
 0.590000 7.597286832211331
 0.600000 7.9408945480822855
 0.610000 8.368435461134201
 0.620000 8.76703847061462
 0.630000 9.080966812168889
 0.640000 9.295038493708658
 0.650000 9.612351224631817
 0.660000 9.96664806182594
 0.670000 10.343312337906411
 0.680000 10.734458225213087
 0.690000 11.13607652440037
 0.700000 11.545384555919954
 0.710000 11.964373936407455
 0.720000 12.614393448328165
 0.730000 13.161102950623903
 0.740000 13.612155240136236
 0.750000 14.00302145835837
 0.760000 14.351211333061146
 0.770000 14.660725492036244
 0.780000 14.938077017598836
 0.790000 15.010054743783169
 0.800000 14.945352840746626
 0.810000 14.761436715527747
 0.820000 14.450747756303294
 0.830000 14.088044185336331
 0.840000 13.703966248070854
 0.850000 13.20495198818984
 0.860000 12.642754504089686
 0.870000 11.962014990378576
 0.880000 11.23926281204854
 0.890000 10.473635428117204
 0.900000 9.663384941229939
 0.910000 8.807165482328273
 0.920000 7.946106463042814
 0.930000 6.999269644116655
 0.940000 5.85672198216631
 0.950000 4.697101085281723
 0.960000 3.5235931844713906
 0.970000 2.2857302216945428
 0.980000 1.0553181914219605
 0.990000 -0.05554079759565877
 1.000000 -1.1871012343421061
 1.010000 -2.3236149342116463
 1.020000 -3.327450019898753
 1.030000 -4.3776363610212075
 1.040000 -5.257434640702764
 1.050000 -6.015093729740916
 1.060000 -6.710208521147442
 1.070000 -7.376370032705472
 1.080000 -7.881514174599005
 1.090000 -8.385741163841638
 1.100000 -8.93289499218227
 1.110000 -9.59529385840198
 1.120000 -10.429231548535931
 1.130000 -11.477509126755558
 1.140000 -12.6763253425565
 1.150000 -13.826080926460591
