0.0 1.15 1.0
Linear 1 explicit
 0.000000 7.926000000000001
 0.010000 7.905738342925476
 0.020000 7.8848618991871975
 0.030000 7.888658203415779
 0.040000 7.855059412209364
 0.050000 7.795123930152821
 0.060000 7.723901522890372
 0.070000 7.6441793761546375
 0.080000 7.5971564474217175
 0.090000 7.552720401720154
 0.100000 7.502282695777298
 0.110000 7.370820048399535
 0.120000 6.880313993484255
 0.130000 6.165186846908559
 0.140000 5.324397948903382
 0.150000 4.416361911092791
 0.160000 3.4885424181836195
 0.170000 2.4843763239655843
 0.180000 1.5378801362020007
 0.190000 0.5779705712225367
 0.200000 -0.3704555951358154
 0.210000 -1.4054727502555255
 0.220000 -2.4513091372664384
 0.230000 -3.413014276914216
 0.240000 -4.3957491936664175
 0.250000 -5.269739885123177
 0.260000 -6.1087583987783045
 0.270000 -6.970018044797829
 0.280000 -7.844506314601982
 0.290000 -8.648056868677083
 0.300000 -9.377731428918128
 0.310000 -10.214132082775327
 0.320000 -11.021621918613693
 0.330000 -11.776639501134241
 0.340000 -12.545352037345761
 0.350000 -13.270629071483244
 0.360000 -13.902989058915127
 0.370000 -14.420294282923686
 0.380000 -14.930486508163526
 0.390000 -15.430298297788871
 0.400000 -15.945594438632327
 0.410000 -16.437534277244463
 0.420000 -16.893366057545993
 0.430000 -17.12936788394102
 0.440000 -17.46305041589798
 0.450000 -17.699280228570334
 0.460000 -17.80813238941095
 0.470000 -17.814023268844466
 0.480000 -17.732668390797027
 0.490000 -17.592236570553396
 0.500000 -17.436207219429818
 0.510000 -17.269800729415753
 0.520000 -17.10609583329023
 0.530000 -17.082025439126678
 0.540000 -17.351463117308406
 0.550000 -17.721984279158285
 0.560000 -17.904369218555846
 0.570000 -18.13645718632876
 0.580000 -18.391087956059412
 0.590000 -18.446721579661556
 0.600000 -18.084179141055177
 0.610000 -17.436642621151012
 0.620000 -16.770660029639068
 0.630000 -16.13441603750085
 0.640000 -15.547360241633118
 0.650000 -14.830414633047333
 0.660000 -14.046277505047968
 0.670000 -13.183651471511961
 0.680000 -12.249768521934833
 0.690000 -11.245483740030116
 0.700000 -10.17741094449325
 0.710000 -9.050266868483464
 0.720000 -7.462967276733647
 0.730000 -5.714098922731727
 0.740000 -3.9087928644580225
 0.750000 -2.099998819063734
 0.760000 -0.3094954964498907
 0.770000 1.4564703701382788
 0.780000 3.2003070548512165
 0.790000 4.857115635207826
 0.800000 6.4739713824657015
 0.810000 8.071834440905267
 0.820000 9.655030930552925
 0.830000 11.222120454966428
 0.840000 12.769672774205524
 0.850000 14.300685716486928
 0.860000 15.812292117345214
 0.870000 17.312875896491573
 0.880000 18.781411616028855
 0.890000 20.215831617842767
 0.900000 21.61336092717682
 0.910000 22.96986699094969
 0.920000 24.279024712417417
 0.930000 25.5406181656295
 0.940000 26.76384422221677
 0.950000 27.95393054099373
 0.960000 29.103061969697603
 0.970000 30.167386157257667
 0.980000 31.169830157862567
 0.990000 32.19247426834436
 1.000000 33.12595491821263
 1.010000 33.97779778994483
 1.020000 34.88140912600329
 1.030000 35.648895351523834
 1.040000 36.518976407421526
 1.050000 37.380831212016574
 1.060000 38.19250493723672
 1.070000 38.93932273126686
 1.080000 39.76442603361827
 1.090000 40.512349599938325
 1.100000 41.13525979121939
 1.110000 41.603303324232705
 1.120000 41.84477921154129
 1.130000 41.855069472178144
 1.140000 41.70979764079608
 1.150000 41.581992080900484
