0.0 1.15 1.0
Linear 1 explicit
 0.000000 -8.15
 0.010000 -7.870698654294009
 0.020000 -7.576825519284765
 0.030000 -7.308751791285687
 0.040000 -6.991804455073767
 0.050000 -6.661512762792046
 0.060000 -6.323721811915201
 0.070000 -5.988692599742763
 0.080000 -5.686847946928549
 0.090000 -5.438361175663207
 0.100000 -5.239982856533207
 0.110000 -5.596860920668697
 0.120000 -6.260465710890195
 0.130000 -7.053549408725112
 0.140000 -7.962256823232155
 0.150000 -8.915847542183506
 0.160000 -9.832488681081607
 0.170000 -10.396291209151807
 0.180000 -11.201415863095448
 0.190000 -11.985249941514013
 0.200000 -12.797577739397232
 0.210000 -13.421882264997112
 0.220000 -13.981749105292169
 0.230000 -14.640428290170906
 0.240000 -14.989713278421075
 0.250000 -15.58731369412254
 0.260000 -16.21157043834626
 0.270000 -16.881647190465397
 0.280000 -17.289317429078935
 0.290000 -17.413504797623123
 0.300000 -17.79895462857268
 0.310000 -17.869479019296186
 0.320000 -18.199347142510284
 0.330000 -18.48383131648191
 0.340000 -18.48496803276782
 0.350000 -18.338019403212886
 0.360000 -18.396968547034106
 0.370000 -18.056110275424768
 0.380000 -18.023751545131862
 0.390000 -18.034109604435827
 0.400000 -18.061746667467613
 0.410000 -17.987010786066843
 0.420000 -17.69903572530507
 0.430000 -17.539845301243513
 0.440000 -17.498381824207684
 0.450000 -17.402928103254176
 0.460000 -17.279292416774855
 0.470000 -17.1392804037987
 0.480000 -16.992359800565104
 0.490000 -16.846529451212994
 0.500000 -16.69798396469962
 0.510000 -16.554278841462512
 0.520000 -16.413428155484098
 0.530000 -16.22690143403322
 0.540000 -15.993672019878872
 0.550000 -15.728463774169688
 0.560000 -15.166965855535773
 0.570000 -14.513829057381825
 0.580000 -13.946185811381357
 0.590000 -13.365072642553717
 0.600000 -12.961687179594252
 0.610000 -12.699256647284445
 0.620000 -12.652789619385564
 0.630000 -12.75457341216904
 0.640000 -12.95757626562634
 0.650000 -13.173864859280721
 0.660000 -13.456249824864726
 0.670000 -13.783425026512846
 0.680000 -14.152193394055974
 0.690000 -14.535479579320867
 0.700000 -14.920613539031203
 0.710000 -15.29722711087138
 0.720000 -15.588980683702992
 0.730000 -15.775396027752558
 0.740000 -15.87585600216236
 0.750000 -15.93066879492157
 0.760000 -15.940899477544875
 0.770000 -15.912298979201175
 0.780000 -15.847740583675302
 0.790000 -15.720259482858637
 0.800000 -15.541484869431832
 0.810000 -15.309415445247016
 0.820000 -15.016203799124172
 0.830000 -14.675355937427145
 0.840000 -14.27579803604727
 0.850000 -13.81289079463227
 0.860000 -13.298973603205805
 0.870000 -12.723333682670917
 0.880000 -12.099622753108791
 0.890000 -11.425615999672335
 0.900000 -10.703361751147844
 0.910000 -9.939516021559493
 0.920000 -9.13732679416116
 0.930000 -8.302050793030583
 0.940000 -7.424987726388359
 0.950000 -6.598273247330088
 0.960000 -5.778352571579995
 0.970000 -4.798504677642645
 0.980000 -3.8543372186371876
 0.990000 -2.9261589662674354
 1.000000 -2.0321207497619387
 1.010000 -1.165054069977195
 1.020000 -0.3348754821447473
 1.030000 0.5010196124873191
 1.040000 1.548466656478254
 1.050000 2.6287759196221647
 1.060000 3.708883469072663
 1.070000 4.777517014003938
 1.080000 5.955085809237857
 1.090000 7.092142725752484
 1.100000 8.10822207452658
 1.110000 8.977482645762437
 1.120000 9.76612148636018
 1.130000 10.468803823930381
 1.140000 11.099769813128916
 1.150000 11.648474066882596
