0.0 1.15 1.0
Linear 1 explicit
 0.000000 -0.985
 0.010000 -0.8883098012752485
 0.020000 -0.660148295347517
 0.030000 -0.3295509046140999
 0.040000 -0.003042320907642152
 0.050000 0.37345881833810995
 0.060000 0.7733965504277015
 0.070000 1.194384019528697
 0.080000 1.5955830301416127
 0.090000 2.014831113022014
 0.100000 2.4614791662361193
 0.110000 3.1068279442230073
 0.120000 3.627537315736619
 0.130000 4.042616130310289
 0.140000 4.3523624142222275
 0.150000 4.5876203635260895
 0.160000 4.734972180727142
 0.170000 4.8465647385598265
 0.180000 4.922510357104019
 0.190000 4.990898838519376
 0.200000 5.0820898500835785
 0.210000 5.178485595342438
 0.220000 5.287620496498264
 0.230000 5.416488051150481
 0.240000 5.533925345665523
 0.250000 5.661401811540132
 0.260000 5.801041532023394
 0.270000 5.994403261344659
 0.280000 6.119918972649744
 0.290000 6.237089562391618
 0.300000 6.355433836669532
 0.310000 6.47367193170056
 0.320000 6.614215024934954
 0.330000 6.727150797124932
 0.340000 6.835362724908483
 0.350000 6.9342264937787155
 0.360000 7.040593583614853
 0.370000 7.152881666941954
 0.380000 7.300771271588031
 0.390000 7.486421160525192
 0.400000 7.70795033868515
 0.410000 7.964440192087089
 0.420000 8.263160081999176
 0.430000 8.457262837234053
 0.440000 8.842003393531064
 0.450000 9.180050308796744
 0.460000 9.48019519841515
 0.470000 9.759764983790495
 0.480000 9.813751622788374
 0.490000 9.847277516430932
 0.500000 9.871071516775721
 0.510000 9.886122220449856
 0.520000 9.868037666292055
 0.530000 9.76340846759205
 0.540000 9.565916028529161
 0.550000 9.274793398587647
 0.560000 8.649625811545993
 0.570000 7.881075637632443
 0.580000 7.153619583716507
 0.590000 6.365118889200029
 0.600000 5.5356288454268165
 0.610000 4.688918889655771
 0.620000 3.944941210642379
 0.630000 3.2697651731765065
 0.640000 2.6374979932657125
 0.650000 1.9703196542654444
 0.660000 1.3286868340098499
 0.670000 0.7114561327365037
 0.680000 0.12487371069374087
 0.690000 -0.445924867118863
 0.700000 -1.0038210952678968
 0.710000 -1.5537814088626405
 0.720000 -2.155454216921001
 0.730000 -2.880358565284686
 0.740000 -3.8461291970732296
 0.750000 -4.732105807198828
 0.760000 -5.60818158965043
 0.770000 -6.475121970725803
 0.780000 -7.334000859862142
 0.790000 -8.190546470601818
 0.800000 -9.035025227605052
 0.810000 -9.926915468167728
 0.820000 -10.821181942350538
 0.830000 -11.660388758774618
 0.840000 -12.4846352879708
 0.850000 -13.328697465341781
 0.860000 -14.118555657033514
 0.870000 -15.037533521813337
 0.880000 -15.821684393536296
 0.890000 -16.559047216940993
 0.900000 -17.250995232142117
 0.910000 -17.895843903408554
 0.920000 -18.515248221781533
 0.930000 -19.07881906726493
 0.940000 -19.553978553033648
 0.950000 -19.884100503681413
 0.960000 -20.115994917189006
 0.970000 -20.430252901197136
 0.980000 -20.65309394290635
 0.990000 -20.774192642003797
 1.000000 -20.81204894483679
 1.010000 -20.77527573262394
 1.020000 -20.617160744543952
 1.030000 -20.432605220179003
 1.040000 -20.28875802113009
 1.050000 -20.1438493013174
 1.060000 -19.99193756654296
 1.070000 -19.83026216375801
 1.080000 -19.769397919473793
 1.090000 -19.685513247316504
 1.100000 -19.513785690107216
 1.110000 -19.182292976471246
 1.120000 -18.791874792801636
 1.130000 -18.326144157218657
 1.140000 -17.771945856335147
 1.150000 -17.09606778185946
