0.0 1.15 1.0
Linear 1 explicit
 0.000000 6.456
 0.010000 6.378636092246389
 0.020000 6.45950674232226
 0.030000 6.610794105023058
 0.040000 6.901708215609533
 0.050000 7.255922100614385
 0.060000 7.649579818055469
 0.070000 8.06825623084438
 0.080000 8.412876180308768
 0.090000 8.8862174774436
 0.100000 9.3769807986332
 0.110000 10.589764072307494
 0.120000 11.356389953493427
 0.130000 11.782739212154308
 0.140000 11.92671457034671
 0.150000 11.854325741311772
 0.160000 11.641487128242213
 0.170000 10.490690935646798
 0.180000 9.972956700028682
 0.190000 9.283503854440083
 0.200000 8.669680661775226
 0.210000 7.38018294059025
 0.220000 5.997897356423133
 0.230000 5.056758035406302
 0.240000 3.6052379321229098
 0.250000 2.747313578500387
 0.260000 1.9166387593527465
 0.270000 1.0558694751183657
 0.280000 -0.4235588566152845
 0.290000 -2.039368727002416
 0.300000 -3.136716437320201
 0.310000 -4.725336891440954
 0.320000 -5.845079560727269
 0.330000 -6.932202640390821
 0.340000 -8.6119188707482
 0.350000 -10.34500120244214
 0.360000 -11.557560640988884
 0.370000 -13.276743131503284
 0.380000 -14.451024740339076
 0.390000 -15.633943081818341
 0.400000 -16.834568437095836
 0.410000 -18.243002932337422
 0.420000 -19.953289129963796
 0.430000 -21.006194470828724
 0.440000 -22.16415170726219
 0.450000 -23.114984097065957
 0.460000 -23.870573337432326
 0.470000 -24.516043388007766
 0.480000 -25.117882639473834
 0.490000 -25.617601647971156
 0.500000 -26.073600045940534
 0.510000 -26.490694609432865
 0.520000 -26.879593142742507
 0.530000 -27.148805353416403
 0.540000 -27.267822425196606
 0.550000 -27.226646522279616
 0.560000 -26.9378160746013
 0.570000 -26.513069628630678
 0.580000 -26.041339813459345
 0.590000 -25.477885587084707
 0.600000 -24.499772827496873
 0.610000 -23.239925966843092
 0.620000 -21.855308852272362
 0.630000 -20.372201845024197
 0.640000 -18.809873312199578
 0.650000 -17.175239088075983
 0.660000 -15.49869349135631
 0.670000 -13.785845331422653
 0.680000 -12.043882363223318
 0.690000 -10.275763586220439
 0.700000 -8.48654297646419
 0.710000 -6.681981620091969
 0.720000 -4.741772894775633
 0.730000 -2.7273491998025543
 0.740000 -0.7269274211520566
 0.750000 1.3035282428712518
 0.760000 3.318899037534805
 0.770000 5.310682624392006
 0.780000 7.27828648253268
 0.790000 9.319343224603681
 0.800000 11.418290741156873
 0.810000 13.564978595059774
 0.820000 15.71033373446672
 0.830000 17.91243868046993
 0.840000 20.13444654016007
 0.850000 22.376292737948642
 0.860000 24.626907909385185
 0.870000 26.894804447334586
 0.880000 29.158159604316296
 0.890000 31.414002026854355
 0.900000 33.65999678284324
 0.910000 35.89369896790409
 0.920000 38.11100414384604
 0.930000 40.312262340204235
 0.940000 42.601751902457856
 0.950000 44.8618088573092
 0.960000 47.143047994793356
 0.970000 49.39634108158823
 0.980000 51.618400527288934
 0.990000 53.81421595450937
 1.000000 55.97744068864261
 1.010000 58.102033735066804
 1.020000 60.23321306393653
 1.030000 62.280481174729346
 1.040000 64.32950395242877
 1.050000 66.31848099080915
 1.060000 68.24052293298912
 1.070000 70.1018927038242
 1.080000 71.87976090919389
 1.090000 73.59871422246856
 1.100000 75.30582062185715
 1.110000 77.01946853848939
 1.120000 78.69711137939531
 1.130000 80.35792387915257
 1.140000 82.02923899908065
 1.150000 83.7776897134746
