0.0 1.15 1.0
Linear 1 explicit
 0.000000 -16.418
 0.010000 -16.215742910553395
 0.020000 -16.162866896007657
 0.030000 -16.22546509011116
 0.040000 -16.38416815960305
 0.050000 -16.592902519561704
 0.060000 -16.834848962215755
 0.070000 -17.09368654500028
 0.080000 -17.367300641748262
 0.090000 -17.632914373424
 0.100000 -17.883508238392093
 0.110000 -17.977590935676453
 0.120000 -17.655731431434027
 0.130000 -17.026168260745585
 0.140000 -16.194101074189454
 0.150000 -15.203689873638451
 0.160000 -14.110910366410021
 0.170000 -12.875666375459435
 0.180000 -11.609791012602797
 0.190000 -10.300929176282061
 0.200000 -8.953655211688321
 0.210000 -7.57961729700026
 0.220000 -6.187453525025238
 0.230000 -4.788056628780086
 0.240000 -3.384025622150452
 0.250000 -1.9803221095350863
 0.260000 -0.5712871372792641
 0.270000 0.8573146785210656
 0.280000 2.333287619276152
 0.290000 3.813154873276293
 0.300000 5.315800545973917
 0.310000 6.849211123414863
 0.320000 8.368136967843826
 0.330000 9.874522969395832
 0.340000 11.407367040892536
 0.350000 12.944020572263554
 0.360000 14.485291037489533
 0.370000 16.02716252761832
 0.380000 17.580539482190275
 0.390000 19.142395934060684
 0.400000 20.712438124303297
 0.410000 22.282312472398747
 0.420000 23.852080840695717
 0.430000 25.283275292259766
 0.440000 26.764657256285115
 0.450000 28.14350626674986
 0.460000 29.421915846911208
 0.470000 30.625728387048436
 0.480000 31.799029014528337
 0.490000 32.93063910545876
 0.500000 34.028148047679444
 0.510000 35.096922553708026
 0.520000 36.144241583365556
 0.530000 37.112299597527524
 0.540000 37.96544209201554
 0.550000 38.7067101550153
 0.560000 39.33884442872645
 0.570000 39.90707172502122
 0.580000 40.43290807892921
 0.590000 40.91617613157457
 0.600000 41.02802179904516
 0.610000 40.872182178207474
 0.620000 40.538823221068036
 0.630000 40.070662882698386
 0.640000 39.50091386373778
 0.650000 38.87147097507971
 0.660000 38.185869602849465
 0.670000 37.455851628504234
 0.680000 36.69084226840632
 0.690000 35.900670742971904
 0.700000 35.09367696683607
 0.710000 34.27673678002896
 0.720000 33.40182209763772
 0.730000 32.47740606340453
 0.740000 31.194551053539445
 0.750000 30.241921235132743
 0.760000 29.30778656258348
 0.770000 28.37795140592209
 0.780000 27.449299832159042
 0.790000 26.474765156494314
 0.800000 25.45340424477308
 0.810000 23.310547782130094
 0.820000 21.06327021081447
 0.830000 19.8532214794897
 0.840000 18.663007395930766
 0.850000 16.338595813409917
 0.860000 15.005624212550718
 0.870000 13.25099335188883
 0.880000 11.848443086231326
 0.890000 10.432666940935562
 0.900000 8.988424902992952
 0.910000 7.5164300527316925
 0.920000 6.031530399155521
 0.930000 4.511911939447588
 0.940000 2.851227717640001
 0.950000 1.1617418010140639
 0.960000 -0.538350326044812
 0.970000 -2.2697120273967952
 0.980000 -3.985500609208444
 0.990000 -5.669907467885174
 1.000000 -7.315835420324027
 1.010000 -8.917865581820575
 1.020000 -10.487493938223219
 1.030000 -11.987773944359205
 1.040000 -13.506792556956318
 1.050000 -14.973177643041714
 1.060000 -16.382482337367644
 1.070000 -17.74028806615657
 1.080000 -19.07548728404881
 1.090000 -20.379561567122654
 1.100000 -21.649238271279774
 1.110000 -22.884368102226
 1.120000 -24.095504238579363
 1.130000 -25.274035230295194
 1.140000 -26.431059570231227
 1.150000 -27.583991459357136
