0.0 1.15 1.0
Linear 1 explicit
 0.000000 13.292
 0.010000 12.13679479656565
 0.020000 10.342488786858022
 0.030000 8.311380755913463
 0.040000 6.091779543419494
 0.050000 3.6505311805112703
 0.060000 0.9869991001383182
 0.070000 -1.8105844924891057
 0.080000 -4.676723632669314
 0.090000 -7.532573152679765
 0.100000 -10.326433843033891
 0.110000 -12.112233119982893
 0.120000 -12.463074346008787
 0.130000 -12.980059605649307
 0.140000 -13.863665943549812
 0.150000 -14.995664585137275
 0.160000 -17.0869951030938
 0.170000 -15.353929154410308
 0.180000 -15.315979931805698
 0.190000 -13.572974354111295
 0.200000 -11.813040507516746
 0.210000 -10.383015427829447
 0.220000 -9.201446584190514
 0.230000 -8.233665151100524
 0.240000 -7.428964147020271
 0.250000 -8.8139024196675
 0.260000 -8.481502761631006
 0.270000 -10.35401265277969
 0.280000 -10.049932722780879
 0.290000 -9.571710913302242
 0.300000 -9.140801540868667
 0.310000 -8.60839542631699
 0.320000 -7.914142599605797
 0.330000 -7.196290828150729
 0.340000 -8.126038056297894
 0.350000 -7.507003949908255
 0.360000 -9.190460797212188
 0.370000 -8.635023822410416
 0.380000 -10.364465206652238
 0.390000 -12.422431605010802
 0.400000 -14.641566431050666
 0.410000 -14.472556195467847
 0.420000 -14.007432044231763
 0.430000 -13.390378441869608
 0.440000 -12.610758852583642
 0.450000 -11.704708015428714
 0.460000 -10.717849579257619
 0.470000 -9.683510398084122
 0.480000 -8.593700901377632
 0.490000 -7.448721107056407
 0.500000 -6.7831780908203445
 0.510000 -6.3648641482658315
 0.520000 4.729992299990417
 0.530000 16.49359734103087
 0.540000 31.153608059111793
 0.550000 48.8767596325266
 0.560000 70.68616780722341
 0.570000 93.58568165506081
 0.580000 91.73720548986269
 0.590000 90.93201142510169
 0.600000 90.62933992222186
 0.610000 90.51007428160453
 0.620000 90.46421730148788
 0.630000 90.44667074994751
 0.640000 90.43818421941603
 0.650000 90.46819266835475
 0.660000 90.47237353493165
 0.670000 90.46384743054233
 0.680000 90.45242771983891
 0.690000 90.43589441986667
 0.700000 90.41781406017053
 0.710000 90.39957523437734
 0.720000 90.3822403064602
 0.730000 90.36567244508413
 0.740000 90.34954016369781
 0.750000 90.33443105583385
 0.760000 90.32020031147717
 0.770000 90.30674606133711
 0.780000 90.2946792366432
 0.790000 90.28383791086063
 0.800000 90.27412552788289
 0.810000 90.26563775577027
 0.820000 90.25783735096834
 0.830000 90.25058791203571
 0.840000 90.24363566062338
 0.850000 90.23671700729147
 0.860000 90.2292143882555
 0.870000 90.22120816331278
 0.880000 90.2122224218172
 0.890000 90.2023880086151
 0.900000 90.19103699233514
 0.910000 90.17824895776155
 0.920000 90.16349366142451
 0.930000 90.14710166896708
 0.940000 90.12876967308975
 0.950000 90.10603425139388
 0.960000 90.08425117440223
 0.970000 90.06258526705818
 0.980000 90.04114302519795
 0.990000 90.02120771285011
 1.000000 89.21060479545196
 1.010000 87.47550217971198
 1.020000 84.92150539676311
 1.030000 81.60353247624256
 1.040000 77.72740080736367
 1.050000 73.45368087029026
 1.060000 68.95094493716971
 1.070000 64.45298566321269
 1.080000 61.578643711740625
 1.090000 59.702481510385816
 1.100000 58.55422860290851
 1.110000 58.281758750392825
 1.120000 58.8227876476217
 1.130000 59.67090667791571
 1.140000 60.79380778810038
 1.150000 62.512265395956724
