0.0 1.15 1.0
Linear 1 explicit
 0.000000 8.415
 0.010000 7.373486296315159
 0.020000 5.767190443789241
 0.030000 3.752713282741634
 0.040000 2.9673783555302022
 0.050000 1.5788143516276731
 0.060000 2.0478136066549038
 0.070000 3.028731081640607
 0.080000 4.05095897727106
 0.090000 6.736727575818946
 0.100000 10.586750425987221
 0.110000 11.671575227165883
 0.120000 16.17371194418176
 0.130000 20.842659738452674
 0.140000 24.28487586591296
 0.150000 29.06888415645711
 0.160000 33.67513197195616
 0.170000 35.15967594555579
 0.180000 39.615772495175996
 0.190000 43.955645521670164
 0.200000 48.18480871687065
 0.210000 52.399228684449604
 0.220000 56.55870523508941
 0.230000 60.67674761584894
 0.240000 64.77331001560029
 0.250000 68.85294755195487
 0.260000 72.92816534194431
 0.270000 76.90662859249396
 0.280000 80.95363829805295
 0.290000 84.9503068104183
 0.300000 88.96080296342758
 0.310000 93.02075436215348
 0.320000 91.286270417266
 0.330000 90.57318575064146
 0.340000 90.27950043065982
 0.350000 90.1600998083896
 0.360000 90.110884775216
 0.370000 90.09047960829488
 0.380000 90.08179303215981
 0.390000 90.07799778026586
 0.400000 90.07627207724677
 0.410000 90.07508401027725
 0.420000 90.07397876754297
 0.430000 90.07207175231254
 0.440000 90.06977384167008
 0.450000 90.06708885501226
 0.460000 90.06614039058103
 0.470000 90.06514503118177
 0.480000 90.06392862265936
 0.490000 90.06380790510556
 0.500000 90.06218015999379
 0.510000 90.06262099158931
 0.520000 90.06455977744469
 0.530000 90.06327885468988
 0.540000 90.05957433697469
 0.550000 90.05781347544793
 0.560000 90.05642043171244
 0.570000 90.05383720329284
 0.580000 90.05037572652472
 0.590000 90.04878067295644
 0.600000 90.0484342954213
 0.610000 90.0495814189566
 0.620000 90.05081682393464
 0.630000 90.05178918357137
 0.640000 90.05251581689609
 0.650000 90.05293551502491
 0.660000 90.05302133226417
 0.670000 90.05285651532624
 0.680000 90.05255710783518
 0.690000 90.05219080417233
 0.700000 90.05177975457714
 0.710000 90.05133065825692
 0.720000 90.04363897047787
 0.730000 90.04047149944833
 0.740000 90.03969904277582
 0.750000 90.03957596111408
 0.760000 90.03951975140198
 0.770000 90.03937588652006
 0.780000 90.03912309723586
 0.790000 90.03867913982693
 0.800000 90.03821848293497
 0.810000 90.03776066630108
 0.820000 90.0372794034686
 0.830000 90.03675858324063
 0.840000 90.03619142513786
 0.850000 90.03557568623417
 0.860000 90.03457410236632
 0.870000 90.03360178531649
 0.880000 90.0328138170349
 0.890000 90.03211748528304
 0.900000 90.0314448341653
 0.910000 90.03075407195371
 0.920000 90.02900696855681
 0.930000 90.02787127797882
 0.940000 90.02656788779676
 0.950000 90.02593594530875
 0.960000 90.02562450040395
 0.970000 90.02509433023992
 0.980000 90.02472689670671
 0.990000 90.02678373135187
 1.000000 90.02679982795084
 1.010000 90.02698050353045
 1.020000 90.02782047048991
 1.030000 90.02914997665239
 1.040000 90.03157379787942
 1.050000 90.03274190938863
 1.060000 90.03306523583292
 1.070000 90.03293543065192
 1.080000 90.03224921441866
 1.090000 90.03118023882023
 1.100000 90.03020817937974
 1.110000 90.0294023617363
 1.120000 90.0288012877364
 1.130000 90.02816776410118
 1.140000 90.02742525300098
 1.150000 90.02648222296017
