0.0 1.15 1.0
Linear 1 explicit
 0.000000 -2.012
 0.010000 -1.8153328530992932
 0.020000 -1.9621776420488095
 0.030000 -2.2627172351147453
 0.040000 -2.502618338812151
 0.050000 -2.7193839046893804
 0.060000 -2.9847906408718923
 0.070000 -3.2880049796143798
 0.080000 -3.6809355422669485
 0.090000 -3.9678301891059053
 0.100000 -4.165808904524138
 0.110000 -4.019561334175692
 0.120000 -3.6011075108472888
 0.130000 -2.9209408112062185
 0.140000 -2.310215428339407
 0.150000 -1.6780372957304448
 0.160000 -0.9515970653738219
 0.170000 -0.5909858585034138
 0.180000 -0.07501391184697596
 0.190000 0.47570904242012835
 0.200000 1.0249413936981575
 0.210000 1.6026686870241678
 0.220000 2.177859607342555
 0.230000 2.7381001200908006
 0.240000 3.2320103079803246
 0.250000 3.5912756646711035
 0.260000 3.882666536159869
 0.270000 4.388894441937946
 0.280000 4.4900164751963745
 0.290000 4.301301616008604
 0.300000 4.008778771847652
 0.310000 4.240779222479531
 0.320000 4.1202849503226835
 0.330000 3.7001435242176557
 0.340000 3.1017509901204283
 0.350000 2.337126367089326
 0.360000 1.485949417057832
 0.370000 0.47778147455682324
 0.380000 -0.5456322609715728
 0.390000 -1.572252305671021
 0.400000 -2.5230572015349018
 0.410000 -3.5188810689717207
 0.420000 -4.511953376696096
 0.430000 -5.777980505022806
 0.440000 -6.828718980137332
 0.450000 -7.970314320584186
 0.460000 -9.234242842412387
 0.470000 -10.597964055965617
 0.480000 -12.019005581794923
 0.490000 -13.467151779032971
 0.500000 -14.87015230893016
 0.510000 -16.244091324203897
 0.520000 -17.715601118252245
 0.530000 -19.425596319632636
 0.540000 -20.61039203066187
 0.550000 -22.24170547046371
 0.560000 -24.701598976243613
 0.570000 -27.078212331519065
 0.580000 -29.478390889074756
 0.590000 -32.735253578514104
 0.600000 -36.27083929751999
 0.610000 -39.92438624397871
 0.620000 -42.902853939407215
 0.630000 -45.365997364929456
 0.640000 -47.361609693262366
 0.650000 -48.829472708585
 0.660000 -49.81545217675094
 0.670000 -50.37709603577507
 0.680000 -50.62261892724072
 0.690000 -50.589111099470024
 0.700000 -50.341553183929896
 0.710000 -49.935098536968425
 0.720000 -49.55738920235356
 0.730000 -49.3059438654111
 0.740000 -49.10419094220825
 0.750000 -48.915294019132105
 0.760000 -48.70886044228716
 0.770000 -48.462966146401065
 0.780000 -48.162818480253264
 0.790000 -47.76399174517808
 0.800000 -47.25988005034971
 0.810000 -46.645080138955706
 0.820000 -45.92353623446036
 0.830000 -45.107313344156395
 0.840000 -44.21466211071789
 0.850000 -43.264699453339254
 0.860000 -42.280361256897685
 0.870000 -41.290899458209985
 0.880000 -40.31078655439401
 0.890000 -39.354867430529964
 0.900000 -38.4338851250866
 0.910000 -37.5568894326072
 0.920000 -36.70284497109237
 0.930000 -35.878252691354895
 0.940000 -34.922480522014354
 0.950000 -33.837426360391106
 0.960000 -32.704930335665004
 0.970000 -31.966667801871637
 0.980000 -31.161452853191452
 0.990000 -29.96385071566092
 1.000000 -28.96989996489292
 1.010000 -28.104291962479973
 1.020000 -26.893431269618453
 1.030000 -25.919645235047305
 1.040000 -25.30552259799133
 1.050000 -24.815508538315328
 1.060000 -24.44780419312907
 1.070000 -24.198548349334093
 1.080000 -23.934827357231764
 1.090000 -23.482886009623552
 1.100000 -22.823886070548898
 1.110000 -21.919092487627623
 1.120000 -20.909398863640558
 1.130000 -20.08839848256633
 1.140000 -19.296919159392843
 1.150000 -18.118485430904844
