0.0 1.15 1.0
Linear 1 explicit
 0.000000 -11.291
 0.010000 -10.073432539520454
 0.020000 -8.905393606873181
 0.030000 -7.73325119257652
 0.040000 -6.498894707940725
 0.050000 -5.229723742156948
 0.060000 -3.970705942590613
 0.070000 -2.741041521823923
 0.080000 -1.7330150325594929
 0.090000 -0.7027730132784845
 0.100000 0.3222799803627947
 0.110000 2.000528148974732
 0.120000 4.005613433021914
 0.130000 6.212491032196195
 0.140000 8.462555312342715
 0.150000 10.721880886225538
 0.160000 12.73097959994943
 0.170000 14.555043046678163
 0.180000 16.426542024639396
 0.190000 18.228825428419167
 0.200000 19.9211774929142
 0.210000 21.4835206764023
 0.220000 22.905948031863293
 0.230000 24.19443362218049
 0.240000 25.345962392116366
 0.250000 26.236882107405158
 0.260000 26.928176910115056
 0.270000 27.527336769835884
 0.280000 27.77299410369525
 0.290000 27.63872910204069
 0.300000 27.284454176743683
 0.310000 27.432632314524792
 0.320000 27.546705657470728
 0.330000 27.60090979455983
 0.340000 27.487009152786833
 0.350000 27.225722601176123
 0.360000 26.846472677286087
 0.370000 26.292343416863705
 0.380000 25.615369057617134
 0.390000 24.827742665842845
 0.400000 24.043950284376848
 0.410000 23.126811385050814
 0.420000 22.083674449932953
 0.430000 21.010927850337747
 0.440000 19.829637271912034
 0.450000 18.68068276363324
 0.460000 17.464117390546296
 0.470000 16.177766384781545
 0.480000 14.793913028211582
 0.490000 13.306821246468077
 0.500000 11.875517150490884
 0.510000 10.467126842983214
 0.520000 8.982458961113414
 0.530000 8.24488044828056
 0.540000 8.702788618816555
 0.550000 9.686586018663036
 0.560000 10.866701711857553
 0.570000 12.384399454523802
 0.580000 14.194245887358584
 0.590000 15.624130789720029
 0.600000 16.777490005946568
 0.610000 17.54328932142996
 0.620000 18.678087423601603
 0.630000 20.340186167728366
 0.640000 22.38351355909112
 0.650000 26.362307680636928
 0.660000 30.87106258886782
 0.670000 35.448812284414885
 0.680000 39.95350124540867
 0.690000 44.22409771172918
 0.700000 48.16800678167309
 0.710000 51.71124460316889
 0.720000 53.225346119305904
 0.730000 54.55653626967035
 0.740000 55.68673061246497
 0.750000 56.59093547083536
 0.760000 57.273391492781165
 0.770000 57.75772305468252
 0.780000 58.08077895246918
 0.790000 58.58010276478897
 0.800000 59.13294923149543
 0.810000 59.712044039074954
 0.820000 60.309744326386706
 0.830000 60.928006267562196
 0.840000 61.564433120685734
 0.850000 62.21336790874455
 0.860000 62.83840752345949
 0.870000 63.456691029618014
 0.880000 64.07538038306281
 0.890000 64.69897607016335
 0.900000 65.3298429161711
 0.910000 65.9579814917981
 0.920000 66.5973598863802
 0.930000 67.23594073153023
 0.940000 67.79024531289268
 0.950000 67.86881954759158
 0.960000 67.69145126637696
 0.970000 68.0020540693248
 0.980000 68.06139244230664
 0.990000 67.39246071692168
 1.000000 66.97571330993956
 1.010000 66.54524015149615
 1.020000 65.4187494614581
 1.030000 64.70751027450146
 1.040000 62.778942634726135
 1.050000 60.831588361934145
 1.060000 59.009400318192895
 1.070000 57.37314585728127
 1.080000 56.359050140875766
 1.090000 55.508557032338764
 1.100000 54.832948243000516
 1.110000 54.34330625080829
 1.120000 54.25657896930273
 1.130000 54.88079343850285
 1.140000 55.77257101291235
 1.150000 56.155941154789225
