0.0 1.15 1.0
Linear 1 explicit
 0.000000 15.752
 0.010000 14.461919692779086
 0.020000 13.780673212096918
 0.030000 13.315842902818808
 0.040000 11.96265342196395
 0.050000 10.191719725806212
 0.060000 8.21531387843826
 0.070000 6.135608713788835
 0.080000 4.018817033122672
 0.090000 1.8662640684880083
 0.100000 -0.3255605082385163
 0.110000 -1.156309421793793
 0.120000 -0.9814352829098455
 0.130000 -1.4767241265175497
 0.140000 -0.909372498588706
 0.150000 0.09402077546322461
 0.160000 0.009934603349762318
 0.170000 0.8830087859881455
 0.180000 2.0534874949445623
 0.190000 3.3587398931169146
 0.200000 4.701611078461317
 0.210000 6.032390048209857
 0.220000 7.346142925994685
 0.230000 8.62981082136957
 0.240000 9.869108395705135
 0.250000 11.012390513140728
 0.260000 12.088274829517037
 0.270000 11.990621928422305
 0.280000 12.724287815170022
 0.290000 12.778192727740981
 0.300000 12.598339473190965
 0.310000 12.019189249020995
 0.320000 11.349439190881847
 0.330000 11.645923514257905
 0.340000 11.335347883302454
 0.350000 11.803608714979363
 0.360000 12.564243941180953
 0.370000 13.38356408427106
 0.380000 14.224794914310136
 0.390000 15.044877618071594
 0.400000 15.966542641096204
 0.410000 16.696548623760524
 0.420000 17.350203518810847
 0.430000 17.840527367655117
 0.440000 17.809696759962804
 0.450000 17.08454723187264
 0.460000 16.90878074793538
 0.470000 16.842376080791492
 0.480000 16.7355241201575
 0.490000 16.553070222250422
 0.500000 16.451361732964468
 0.510000 16.301907379313988
 0.520000 16.00180010262329
 0.530000 15.562944658372588
 0.540000 14.098718297237324
 0.550000 13.135482169635038
 0.560000 12.273171596100092
 0.570000 10.799673600008553
 0.580000 9.672341978703772
 0.590000 9.34237524280824
 0.600000 8.940508396893893
 0.610000 8.314141249275762
 0.620000 7.934713062555735
 0.630000 7.814586394890824
 0.640000 7.785606149156479
 0.650000 9.389675146090724
 0.660000 11.486932905107192
 0.670000 13.6787543968965
 0.680000 15.853108961599112
 0.690000 17.85565267884917
 0.700000 19.620130591584232
 0.710000 21.09894670931834
 0.720000 22.346391682330474
 0.730000 23.42598015547501
 0.740000 24.31046500807552
 0.750000 24.981743516382707
 0.760000 25.452024423120424
 0.770000 25.752714483481224
 0.780000 25.927735049577223
 0.790000 26.119713748515718
 0.800000 26.270645123833397
 0.810000 26.39366383417434
 0.820000 26.504950395844805
 0.830000 26.626193646678857
 0.840000 26.757506050119783
 0.850000 26.882569632703063
 0.860000 26.986742579116875
 0.870000 27.057290351099425
 0.880000 27.093353729392277
 0.890000 27.08582387292153
 0.900000 27.0249256381707
 0.910000 26.885905668872233
 0.920000 26.660700645507298
 0.930000 26.36187266314931
 0.940000 25.852041602679357
 0.950000 24.95583875316569
 0.960000 23.859186616655524
 0.970000 23.030308938519582
 0.980000 21.95726681093216
 0.990000 20.94117972282219
 1.000000 19.733294019857013
 1.010000 18.39916043961404
 1.020000 17.21961105037453
 1.030000 16.1019037590688
 1.040000 15.525688675674008
 1.050000 15.199821488289617
 1.060000 15.03523164130416
 1.070000 15.004616241668376
 1.080000 15.6734586425941
 1.090000 16.346054815993764
 1.100000 16.94866686265669
 1.110000 17.39894833143725
 1.120000 17.74682526972425
 1.130000 17.489679090978388
 1.140000 16.79429815810252
 1.150000 16.1542863636557
