0.0 1.15 1.0
Linear 1 explicit
 0.000000 0.0
 0.010000 0.9999999991656172
 0.020000 -1.0000000000822853
 0.030000 1.0000000032551515
 0.040000 1.000000002492416
 0.050000 1.000000003846217
 0.060000 1.0000000035219674
 0.070000 0.99999999647186
 0.080000 0.9999999984088621
 0.090000 1.0000000022354667
 0.100000 0.9999999990242102
 0.110000 0.9999999999948985
 0.120000 1.0000000004035636
 0.130000 1.000000001936462
 0.140000 0.9999999994771653
 0.150000 1.000000000490114
 0.160000 0.99999999493193
 0.170000 1.0000000027511478
 0.180000 1.0000000005776108
 0.190000 0.9999999983375215
 0.200000 0.999999999256201
 0.210000 0.9999999984353793
 0.220000 1.0000000025227427
 0.230000 0.9999999983166117
 0.240000 0.9999999997467679
 0.250000 1.0000000019058424
 0.260000 0.9999999996852251
 0.270000 0.9999999955820961
 0.280000 1.000000000022887
 0.290000 1.0000000007379282
 0.300000 1.0000000008899295
 0.310000 0.999999997705498
 0.320000 0.9999999981053211
 0.330000 0.9999999982860271
 0.340000 1.0000000049165816
 0.350000 0.9999999920187892
 0.360000 1.0000000000889298
 0.370000 1.0000000008051182
 0.380000 0.9999999916763249
 0.390000 1.0000000075557274
 0.400000 1.0000000080404177
 0.410000 0.9999999992972942
 0.420000 1.000000007602937
 0.430000 0.9999999936420331
 0.440000 0.9999999887522363
 0.450000 0.9999999936889284
 0.460000 1.0000000025762772
 0.470000 0.9999999949425782
 0.480000 1.000000003376924
 0.490000 0.9999999963505313
 0.500000 0.9999999987503059
 0.510000 0.9999999995936946
 0.520000 1.0000000053452849
 0.530000 0.9999999790036075
 0.540000 0.9999999989558479
 0.550000 0.999999991264778
 0.560000 0.9999999887294607
 0.570000 1.0000000061591119
 0.580000 0.9999999916487917
 0.590000 0.9999999946001797
 0.600000 0.9999999744746519
 0.610000 1.000000005324018
 0.620000 0.9999999916442406
 0.630000 0.9999999958039029
 0.640000 1.0000000346778553
 0.650000 1.0000000084725844
 0.660000 1.0000000013458206
 0.670000 1.0000000174028412
 0.680000 0.9999999883947099
 0.690000 1.0000000176751922
 0.700000 1.0000000092458148
 0.710000 1.0000000087076377
 0.720000 0.9999999749535706
 0.730000 1.0000000155689464
 0.740000 1.0000000003354428
 0.750000 1.0000000021979536
 0.760000 1.000000022909519
 0.770000 1.000000000829928
 0.780000 0.9999999934367818
 0.790000 1.0000000063665422
 0.800000 1.0000000319033349
 0.810000 0.9999999786663843
 0.820000 0.9999999958653993
 0.830000 0.9999999987021243
 0.840000 1.0000000297951142
 0.850000 0.9999999956731391
 0.860000 0.9999999812575364
 0.870000 1.0000000017994701
 0.880000 1.0000000171516954
 0.890000 1.0000000110415064
 0.900000 0.9999999986943717
 0.910000 0.9999999709758454
 0.920000 1.0000000342565774
 0.930000 0.9999999792335323
 0.940000 1.0000000163460687
 0.950000 -0.999999995354168
 0.960000 -0.9999999828308256
 0.970000 -1.0000000128683244
 0.980000 -1.0000000073037567
 0.990000 -0.9999999923968834
 1.000000 -0.9999999910869446
 1.010000 -0.9999999798741297
 1.020000 -1.0000000028211804
 1.030000 -1.000000017070562
 1.040000 -1.0000000035585626
 1.050000 -0.9999999850916657
 1.060000 -0.9999999752416985
 1.070000 -0.9999999851782873
 1.080000 -1.0000000009640724
 1.090000 -0.9999999869322028
 1.100000 -0.9999999758370655
 1.110000 -0.9999999617583153
 1.120000 -1.0000000164512115
 1.130000 -1.0000000020279827
 1.140000 -1.0000000075734876
 1.150000 -1.0000000261077369
