0.0 1.15 1.0
Linear 1 explicit
 0.000000 0.0
 0.010000 -1.0000000006359593
 0.020000 -0.999999997795907
 0.030000 -1.0000000004120266
 0.040000 -0.9999999983879017
 0.050000 -0.9999999968286163
 0.060000 -0.9999999973513813
 0.070000 -1.0000000012197112
 0.080000 -0.9999999976840286
 0.090000 -1.0000000017253905
 0.100000 -1.0000000015492565
 0.110000 -1.0000000001906804
 0.120000 -0.999999999983144
 0.130000 -1.000000000178858
 0.140000 -0.9999999989437426
 0.150000 -0.9999999994861387
 0.160000 -0.9999999993160836
 0.170000 -1.0000000001629212
 0.180000 -0.9999999974437894
 0.190000 -1.0000000018340782
 0.200000 -0.999999995506487
 0.210000 -1.0000000012855257
 0.220000 -1.0000000000735767
 0.230000 -0.9999999995503344
 0.240000 -0.9999999975307736
 0.250000 -1.0000000052956728
 0.260000 -0.9999999972510853
 0.270000 -1.0000000036051653
 0.280000 -0.9999999915642565
 0.290000 -1.0000000011188956
 0.300000 -0.9999999951021686
 0.310000 -1.0000000110282896
 0.320000 -1.0000000009095067
 0.330000 -0.9999999993665843
 0.340000 -0.999999979248911
 0.350000 -0.9999999945541177
 0.360000 -0.9999999999211053
 0.370000 -0.9999999983146811
 0.380000 -1.0000000121410595
 0.390000 -1.0000000074307756
 0.400000 -1.0000000043107806
 0.410000 -0.9999999934072701
 0.420000 -0.9999999936059609
 0.430000 -0.9999999955602908
 0.440000 -1.000000008128081
 0.450000 -0.9999999874606552
 0.460000 -1.0000000059289547
 0.470000 -0.9999999977654869
 0.480000 -0.9999999873698279
 0.490000 -1.0000000037465975
 0.500000 -0.9999999958608167
 0.510000 -1.000000002435883
 0.520000 -0.9999999816618577
 0.530000 -0.9999999910375983
 0.540000 -1.0000000126963091
 0.550000 -0.9999999764407332
 0.560000 -0.999999999724317
 0.570000 -1.0000000178214492
 0.580000 -0.9999999757509359
 0.590000 -0.9999999883267812
 0.600000 -1.0000000065266303
 0.610000 -1.000000014787245
 0.620000 -0.9999999967991015
 0.630000 -0.999999975603053
 0.640000 -1.0000000009712757
 0.650000 -1.0000000007454637
 0.660000 -0.9999999927940906
 0.670000 -0.9999999948935349
 0.680000 -0.9999999962946262
 0.690000 -0.999999995345133
 0.700000 -1.000000025851462
 0.710000 -1.0000000028841645
 0.720000 -0.9999999936959799
 0.730000 -0.9999999973948634
 0.740000 -1.00000000345173
 0.750000 -0.9999999953311459
 0.760000 -0.9999999913230737
 0.770000 -0.9999999985575501
 0.780000 -0.9999999986574432
 0.790000 -0.99999998708242
 0.800000 -0.9999999868466715
 0.810000 -0.9999999999151673
 0.820000 -0.9999999927263366
 0.830000 -0.9999999790463675
 0.840000 -1.0000000144975862
 0.850000 -1.0000000275637657
 0.860000 -0.9999999601199671
 0.870000 -0.9999999883710791
 0.880000 -0.999999985205268
 0.890000 -0.9999999962044651
 0.900000 -1.0000000201172738
 0.910000 -0.9999999907137727
 0.920000 -1.0000000003606506
 0.930000 -1.0000000169495222
 0.940000 -0.9999999731271776
 0.950000 -0.9999999997832698
 0.960000 -0.9999999915234816
 0.970000 -1.0000000044334856
 0.980000 -0.9999999945841948
 0.990000 0.9999999955474864
 1.000000 0.9999999967531974
 1.010000 0.9999999746873461
 1.020000 0.9999999967219568
 1.030000 0.9999999696603319
 1.040000 0.9999999927099836
 1.050000 0.999999996830513
 1.060000 0.9999999894629489
 1.070000 1.0000000113913152
 1.080000 0.9999999959738692
 1.090000 0.9999999987172141
 1.100000 0.9999999710118042
 1.110000 0.9999999742049273
 1.120000 1.0000000121432697
 1.130000 0.9999999884057684
 1.140000 1.0000000063825634
 1.150000 0.9999999911135413
