0.0 1.15 1.0
Linear 1 explicit
 0.000000 0.0
 0.010000 -0.9999999981253516
 0.020000 -0.9999999995102371
 0.030000 -1.0000000044582775
 0.040000 -1.0000000040087393
 0.050000 -1.000000001550336
 0.060000 -0.9999999947526955
 0.070000 -0.9999999974994539
 0.080000 -1.0000000083320484
 0.090000 -0.999999997942989
 0.100000 -1.0000000067619248
 0.110000 0.999999999915722
 0.120000 1.000000000778561
 0.130000 0.9672717680297745
 0.140000 1.0000000009649093
 0.150000 0.9999999997133461
 0.160000 -1.0000000024407623
 0.170000 1.0000000000953848
 0.180000 0.9999999979644022
 0.190000 1.0000000009198151
 0.200000 1.0000000002393452
 0.210000 0.9999999987204403
 0.220000 0.9999999987097781
 0.230000 0.9999999984509763
 0.240000 0.9999999955661579
 0.250000 1.0000000009407437
 0.260000 1.0000000014487664
 0.270000 -0.9999999944705543
 0.280000 0.999999993000122
 0.290000 0.24220354500608743
 0.300000 -1.0000000095012278
 0.310000 -0.9999999891509818
 0.320000 -1.0000000043023987
 0.330000 -0.9999999999384304
 0.340000 -1.0000000235460993
 0.350000 -1.0000000025125722
 0.360000 -1.000000003534809
 0.370000 -0.9999999973817734
 0.380000 -0.999999998776892
 0.390000 -0.9999999949953741
 0.400000 -1.0000000003464649
 0.410000 -0.9999999965729849
 0.420000 -0.9999999939529745
 0.430000 -1.000000014146697
 0.440000 -0.9999999878310512
 0.450000 -0.07289096163797763
 0.460000 -0.9999999878140998
 0.470000 -0.9999999943065123
 0.480000 -1.0000000014616923
 0.490000 -0.9999999982188865
 0.500000 -0.9999999970907141
 0.510000 -0.999999983511661
 0.520000 -1.0000000102196247
 0.530000 -0.9999999865819363
 0.540000 -1.0000000012368464
 0.550000 -0.9999999934825062
 0.560000 -1.000000000547495
 0.570000 -0.9999999934358194
 0.580000 -0.9999999851507435
 0.590000 -1.0000000369098943
 0.600000 -1.0000000038642216
 0.610000 -1.000000009892736
 0.620000 -0.9999999986292832
 0.630000 -1.0000000038479162
 0.640000 -1.000000015686533
 0.650000 -0.9999999836026287
 0.660000 -1.000000003972785
 0.670000 -0.9999999989158854
 0.680000 -0.9999999881286732
 0.690000 -0.9999999902532523
 0.700000 -0.9999999893806688
 0.710000 -1.000000007057871
 0.720000 -0.9999999954160914
 0.730000 -1.000000014238447
 0.740000 -1.000000011680129
 0.750000 -0.9999999962635175
 0.760000 -1.0000000040357577
 0.770000 -1.0000000141521657
 0.780000 -0.9999999835425705
 0.790000 -0.9999999850662253
 0.800000 -1.0000000075837696
 0.810000 -1.0000000152272934
 0.820000 -1.0000000155739641
 0.830000 -1.000000023941336
 0.840000 -1.0000000081140474
 0.850000 -0.9999999955217006
 0.860000 -1.0000000111043046
 0.870000 -0.9999999947543147
 0.880000 -1.0000000171782275
 0.890000 -1.0000000033231664
 0.900000 -1.0000000193966532
 0.910000 -1.0000000023133675
 0.920000 -0.9999999941326817
 0.930000 -1.0000000066059893
 0.940000 -1.000000011095457
 0.950000 -0.9999999961511012
 0.960000 -1.0000000110232745
 0.970000 -0.9999999967411941
 0.980000 -0.9999999852343423
 0.990000 -1.0000000097666761
 1.000000 -0.9999999845882074
 1.010000 -1.000000022123686
 1.020000 -0.9999999762336061
 1.030000 -0.9999999636631826
 1.040000 -1.000000008858832
 1.050000 -1.0000000000140465
 1.060000 -1.0000000013563435
 1.070000 -1.0000000137112675
 1.080000 -0.9999999599882445
 1.090000 -0.9999999887699988
 1.100000 -1.0000000046204365
 1.110000 -0.9999999871549785
 1.120000 -1.000000011178821
 1.130000 -0.9999999752180911
 1.140000 -1.0000000189344775
 1.150000 -0.9999999966297739
