0.0 1.15 1.0
Linear 4 explicit
 0.000000 -0.21541999814441637 0.9610973599233965 -0.17287593571037238 71.19885428206992
 0.010000 -0.22110556524991062 0.9552155808199089 -0.19666093454064948 73.46585966498702
 0.020000 -0.24114016799452762 0.9440192657346144 -0.22512006863327524 73.22979652207471
 0.030000 -0.2524329635061467 0.9338125816717018 -0.25351856193804745 74.84248516985329
 0.040000 -0.26324802227126876 0.9231564243429292 -0.28014763066041315 77.62476490739238
 0.050000 -0.2742741193383152 0.9122981506684292 -0.3041147673957248 80.54016781996269
 0.060000 -0.28574709014923577 0.9006254225015922 -0.32744839107113216 83.57746280860975
 0.070000 -0.29765800806371073 0.8883804739805764 -0.3495423346114033 86.70761389664533
 0.080000 -0.3098594820858053 0.8758869449118046 -0.3698772243523274 89.9014043543044
 0.090000 -0.32195848248873454 0.8635331647321718 -0.388140707683684 93.13397841126125
 0.100000 -0.3338125781241908 0.8516118097559867 -0.40413671965092973 96.37540800915987
 0.110000 -0.3504738799395952 0.8363955984090792 -0.4214385630694045 96.29503775857039
 0.120000 -0.3602756879051213 0.8263388549514665 -0.4328573962657804 95.29726410467664
 0.130000 -0.3668963531701123 0.8219940041891731 -0.4355604700928699 96.64599601022893
 0.140000 -0.37836538047782126 0.810153424905077 -0.44776228846392074 96.13212422596445
 0.150000 -0.38669774745977503 0.8024796091807195 -0.45441316987813624 97.02353805724692
 0.160000 -0.394207073231886 0.7940229406463457 -0.4627400492082789 99.6452946149894
 0.170000 -0.39339301787634096 0.7993419055845792 -0.4541964899276068 97.92328680392951
 0.180000 -0.39730234950981713 0.7989109138016587 -0.4515442335835747 98.29395020595175
 0.190000 -0.39355982716260257 0.8090856115534804 -0.4364529019503399 97.98866608988136
 0.200000 -0.3892624018345866 0.8193388232349472 -0.4209022157911985 97.73309721007406
 0.210000 -0.38560413109987063 0.8279946216006758 -0.4071048521929793 97.6203857293012
 0.220000 -0.3823593197960596 0.8355665872960221 -0.3944994661080975 97.60313197702455
 0.230000 -0.3794932231746272 0.8422213380344007 -0.3829466168071948 97.66271817773728
 0.240000 -0.3752553037561174 0.8496677231181667 -0.3704702650606314 97.67610604092943
 0.250000 -0.381083202348087 0.8455305508256776 -0.37397015991727606 98.61482946513102
 0.260000 -0.3786094989465619 0.850823260674174 -0.36435508285627055 98.76674792100756
 0.270000 -0.38125264557499194 0.8475592416905234 -0.36917441957299046 101.02545938390539
 0.280000 -0.37931978078054424 0.852653043117495 -0.35930389918712974 101.38908587246328
 0.290000 -0.3733779921653335 0.8600624987455661 -0.3476799867954975 102.41862490817732
 0.300000 -0.36552401556003755 0.8677797107683385 -0.33667576038034597 103.91217808715817
 0.310000 -0.3572205251431333 0.8754970124188197 -0.3254204628817694 105.48898878418328
 0.320000 -0.34840084967696733 0.8833328792793511 -0.313591888173815 107.04998206552006
 0.330000 -0.341269219215515 0.8896605060261479 -0.30338013124351304 107.92312194536413
 0.340000 -0.34278342908553217 0.8890023109399834 -0.3036023911100387 110.06719022802564
 0.350000 -0.3378695403697103 0.8938867803070903 -0.29463638214345544 110.71015922242354
 0.360000 -0.3456426562148324 0.8887722611841219 -0.30102329138194284 112.3852365251244
 0.370000 -0.34345739129835184 0.891186845444896 -0.29634950121183923 111.4924669295024
 0.380000 -0.35426944622490203 0.883276263055266 -0.3071094309763637 111.26623554173086
 0.390000 -0.3665424168833001 0.873541351522595 -0.32026889297187006 111.12314596759794
 0.400000 -0.37922349345192163 0.8627739407520861 -0.3343810239431 111.04463340487546
 0.410000 -0.3771269290415824 0.8659556060687976 -0.32847552071605984 111.38577332799507
 0.420000 -0.37319302319634645 0.8708635305618038 -0.31988072554469654 111.80368320422905
 0.430000 -0.36783285354508727 0.8767023799342462 -0.3099869817758594 112.49813854942641
 0.440000 -0.3609173883791471 0.8834555329072706 -0.2987389498225939 113.59232580504244
 0.450000 -0.35419158565616937 0.8900830197858429 -0.28688070436905183 114.88380545388951
 0.460000 -0.34663430510890986 0.896282933601063 -0.2766253087791056 115.69418979533508
 0.470000 -0.3391241252676716 0.902290025573813 -0.2662095742294862 116.42356060971987
 0.480000 -0.33126507880287515 0.908247446027149 -0.2556365082512392 117.13224241879524
 0.490000 -0.32297515923476666 0.9141485895899275 -0.2449885766072032 117.83269550890843
 0.500000 -0.317867271265115 0.9177635313734088 -0.23805566227141042 118.42593035566689
 0.510000 -0.31458862450449865 0.9202169570788926 -0.2328835529547567 118.95393938008479
 0.520000 -0.243237329260757 0.9563613518725725 -0.1618905997844208 116.16502426585318
 0.530000 -0.15917778661854684 0.9835374485558303 -0.08553665609262479 113.64966951729357
 0.540000 -0.04693824041048651 0.998828603465494 0.011756805958190543 112.33933114739844
 0.550000 0.09365649318647776 0.9876586473544565 0.12553428850308748 111.6473297172439
 0.560000 0.2620797235280305 0.9303055537885849 0.25660435519605945 113.20874903110388
 0.570000 0.4228340408345439 0.829185491977586 0.36559922566304764 117.61386121032584
 0.580000 0.43040074144681933 0.8288113116398962 0.35752903582755763 118.06393780408342
 0.590000 0.4457740111763972 0.8144815329229241 0.37135611411047065 119.2138779149504
 0.600000 0.46906510559281306 0.7919170881337247 0.3909542840755241 120.30593008299593
 0.610000 0.49687812130672177 0.7633171261094658 0.4128669247526236 121.53455714896157
 0.620000 0.5260881836088311 0.7300661253102698 0.436159002820772 122.83598413234041
 0.630000 0.5527232796235455 0.6930289771406177 0.4628258992381704 123.99063790163821
 0.640000 0.5759924714828614 0.6552000803572128 0.48882054733303415 125.21501145040736
 0.650000 0.5715848933359116 0.6469023964726288 0.5047851019474964 125.23721857646993
 0.660000 0.5699490001197257 0.6354642794272113 0.5209062169283261 125.08649869220234
 0.670000 0.563563668356582 0.6169207800866962 0.5493675844147474 124.20603945916413
 0.680000 0.5607332975193348 0.5993260663635419 0.5713024026120462 123.63576136834314
 0.690000 0.5550431193741869 0.5780090316663807 0.5981911859493292 122.74595707864067
 0.700000 0.5493027786244961 0.555637059638866 0.6241265219098474 121.82951901997308
 0.710000 0.5433205814615766 0.5325503457017735 0.6489937403805802 120.92191623981162
 0.720000 0.536329767165261 0.509197047636234 0.6731038163099358 120.03047972605422
 0.730000 0.5285927432148484 0.48470819823508404 0.6968842618285334 119.1516166028397
 0.740000 0.5202339561415572 0.459139487000274 0.7201024665659949 118.26541681213313
 0.750000 0.5113770788085227 0.4325599094635198 0.7425533031332995 117.38041202388028
 0.760000 0.5022960601089151 0.40525300434458666 0.7638512096401677 116.51827903532616
 0.770000 0.4930826994717674 0.37734318141806433 0.783888751621637 115.68847389135485
 0.780000 0.48376975527239363 0.34880755173847633 0.8026830730331234 114.89536759784465
 0.790000 0.4741515473292454 0.3197095042237362 0.8203451365579583 114.12565415966046
 0.800000 0.46419471476101987 0.2898959455122375 0.8369489874320306 113.3781585739545
 0.810000 0.4538954151650274 0.2591949194791536 0.8525238681751747 112.65384050678813
 0.820000 0.44325717495340233 0.22755916871394027 0.8670293545126078 111.95566811236398
 0.830000 0.43233727074103645 0.19499212167541338 0.8803763722480927 111.28937092500178
 0.840000 0.42124966826640203 0.16158070058332116 0.8924350924209834 110.66044845361209
 0.850000 0.41002999381628363 0.12735138643300314 0.9031373254077202 110.07103989037681
 0.860000 0.39878782471168794 0.09250471810060659 0.9123656876444047 109.52979140087301
 0.870000 0.3875072757001788 0.05700668392648887 0.9201023580380234 109.03472924258328
 0.880000 0.3763051577721505 0.02103694006969653 0.9262569165121418 108.58632806918196
 0.890000 0.3649186779424875 -0.01568860642367459 0.9309072059647997 108.17637649067167
 0.900000 0.3533656830697416 -0.0531218265430955 0.9339757842542709 107.80153437992921
 0.910000 0.3414655895145313 -0.09146468257071792 0.9354333022828146 107.45645739135959
 0.920000 0.32921890695224876 -0.13068384094398314 0.9351666402418846 107.13229703321241
 0.930000 0.3164887985491034 -0.1708651638674782 0.9330808840446174 106.82885041092818
 0.940000 0.30340251569613225 -0.21186677177298235 0.9290098947200472 106.53472577249728
 0.950000 0.2909959679137085 -0.2534475566653479 0.9225430519375935 106.08778932085352
 0.960000 0.2785614012642438 -0.29520161538757717 0.9139253536248274 105.62437639212311
 0.970000 0.2658506149033746 -0.33659340128957554 0.9033428655631328 105.1808576986969
 0.980000 0.25324070975123814 -0.37759715526675797 0.8906680252816651 104.75276149894832
 0.990000 0.24409806305665163 -0.41419875012745305 0.8768440745108829 104.48598611168855
 1.000000 0.2344479159344965 -0.45310157915995275 0.8600773998174399 103.40704773622501
 1.010000 0.22873424372037987 -0.4922646626961328 0.8398548372250578 101.51051553399444
 1.020000 0.23216034110776296 -0.527427488594751 0.8172648409734515 99.0899974746745
 1.030000 0.2382613122713964 -0.5654125331044637 0.7896456258874016 96.06848615567141
 1.040000 0.25371323784759864 -0.5980569688645127 0.7602351313465324 92.65704005406874
 1.050000 0.27467974534054007 -0.6301205417222024 0.7262913605429809 89.18031915563056
 1.060000 0.3002552784288197 -0.6609581768968407 0.687736182099529 85.80914571822693
 1.070000 0.3290519687201932 -0.6897406068790372 0.6449672062233107 82.68895739358368
 1.080000 0.3604321483893651 -0.7115968622901045 0.6030908488663252 79.5520294582681
 1.090000 0.38559568613919537 -0.7330466758541971 0.5603200316336681 77.20544372351084
 1.100000 0.40458061233464004 -0.7523108571859703 0.5199450954505083 75.51029356630542
 1.110000 0.4149365031161182 -0.7686028704645862 0.48690586964562876 74.4403088941214
 1.120000 0.41653228944264686 -0.7824804318681288 0.46284471002176725 73.87381977541536
 1.130000 0.4072840182887614 -0.8007716980915736 0.4391860835478481 73.62312814889825
 1.140000 0.39335173104387694 -0.8183918060831022 0.4189382620635452 73.60118741356756
 1.150000 0.37844776809743663 -0.8294567152323787 0.4108270248875813 73.75486386198436
