0.0 1.15 1.0
Linear 4 explicit
 0.000000 0.12515162299229163 0.9742642977558115 0.187473063080462 113.74970684594895
 0.010000 0.10814697440344954 0.9779327509500012 0.17875057075920803 113.02618562239002
 0.020000 0.09027861640322105 0.9815543159886351 0.16852565438058006 111.12452148346014
 0.030000 0.06961994978694415 0.9854935530241314 0.15477570720089415 109.33675028901897
 0.040000 0.05596915447151889 0.9878523758628094 0.14496598652768908 109.95340683414305
 0.050000 0.03919786391176758 0.9899597681474277 0.13580568807765592 109.16235464429536
 0.060000 0.03530547045093184 0.9902918833885497 0.13444519125278334 110.20044046262304
 0.070000 0.033152510116714065 0.9903152989830447 0.13482032366480942 111.45118738806656
 0.080000 0.03185156789633101 0.990224684130509 0.13579599611615586 112.72255851092487
 0.090000 0.04556383713354435 0.9883176254593489 0.14543798661994087 114.34459195879538
 0.100000 0.06995580351429712 0.9846408981579954 0.15996401854568768 116.23473507356738
 0.110000 0.07548598574151269 0.9840319186445872 0.1611925837167603 114.99169995376815
 0.120000 0.10715970861803022 0.978153515729783 0.1781361740758003 116.08774737628413
 0.130000 0.13715285085194623 0.9711334077681524 0.195164033110098 118.10272367192769
 0.140000 0.1580846792511933 0.9658570013180948 0.20525468859654605 119.27976060624353
 0.150000 0.18997969363681783 0.956327309053484 0.2221391319965557 120.84205982062399
 0.160000 0.21884175626540067 0.9464502006066815 0.23736112463132464 123.04306110223234
 0.170000 0.22701936774202908 0.9432280273682004 0.24245225314915647 122.00112699924934
 0.180000 0.25627059084150644 0.9313961355883834 0.25850845804493666 123.43491468968674
 0.190000 0.2844521970143093 0.9187360041877246 0.2738815477955861 125.06089699817989
 0.200000 0.31177265292858586 0.9052771450172553 0.28856732939693436 126.74856630983791
 0.210000 0.33929656387721985 0.8905744351331942 0.30291090642019425 128.2386448013071
 0.220000 0.3659643046663881 0.8749129583758235 0.3171709995824203 129.72988124742267
 0.230000 0.3918199275250964 0.8583643814887157 0.3311913842262848 131.264640224734
 0.240000 0.4169179648567375 0.8409127125225272 0.3450293038246487 132.85907770231464
 0.250000 0.44135758286525384 0.8224494988337873 0.3588597301389399 134.51192370485487
 0.260000 0.46506600561977923 0.8030357101354512 0.3726221392565331 136.2412239110507
 0.270000 0.4869535103575427 0.7848354201971177 0.3832879360930632 138.5473025956543
 0.280000 0.5094716748554083 0.7640374163084994 0.3958351159266417 140.50142834172883
 0.290000 0.5302914693752306 0.7443709958435936 0.40583590040147477 142.97556707181343
 0.300000 0.5509193957512565 0.7242967509161907 0.414586584439632 145.57553389737717
 0.310000 0.5710062490990426 0.7035335888246905 0.4230748785797775 148.25850487996982
 0.320000 0.5674485054833739 0.7072986385852574 0.4215813438473371 148.36784916267106
 0.330000 0.5677907624192977 0.7049627653874926 0.4250189990206693 148.4916816072315
 0.340000 0.5699778111044272 0.7024671183400242 0.42622205773477795 149.20761068562553
 0.350000 0.5726891898827337 0.6969390629151152 0.43162835214390094 149.36063985597005
 0.360000 0.575569107821163 0.6907551783205069 0.4376956542454531 149.43152324763383
 0.370000 0.5784591640774956 0.6843614565394367 0.44388556216437774 149.50360293124103
 0.380000 0.5813104830770855 0.6779297192507872 0.4499882420922067 149.5912240351592
 0.390000 0.5840938790065534 0.6715349642502133 0.4559332542122175 149.70411310935822
 0.400000 0.5867147033151147 0.6653434581197503 0.4616101598222347 149.835146053462
 0.410000 0.589290516033446 0.6591412142988055 0.46719326549697954 149.98278326701765
 0.420000 0.5918235382795859 0.6529159549527604 0.47270038640385764 150.15744538828892
 0.430000 0.5946015631822781 0.6475180797696699 0.47662282512757465 150.58334954665133
 0.440000 0.5974529634620039 0.6435619546088538 0.47841192191510146 151.3371461629799
 0.450000 0.6004345269488126 0.6409826733751716 0.47814181084754953 152.4139674868352
 0.460000 0.6032248127025505 0.6363310206334043 0.4808353746550092 153.05255105907264
 0.470000 0.6059922853288999 0.6314742322593946 0.48374956755977094 153.62698507107703
 0.480000 0.6080755582514028 0.6269255787667023 0.4870404851193382 153.84952378954173
 0.490000 0.6107290251604276 0.6223604492911157 0.48956871732654084 154.36108282430456
 0.500000 0.6122920018300609 0.6192138430392511 0.49160219800515365 154.4716116376422
 0.510000 0.6136536374398321 0.6165060008765201 0.4933047376015186 154.51126626636253
 0.520000 0.6158261878681504 0.6119485354169314 0.49626313215556733 154.76573353180066
 0.530000 0.61844616960028 0.6068551958301323 0.49925054491779314 155.085157585272
 0.540000 0.6216142726413098 0.6049425814208296 0.49763457399232064 156.1061478697364
 0.550000 0.6246204938257942 0.6009882610361312 0.4986605546758114 156.68749776700173
 0.560000 0.6279828458809558 0.5968760476698545 0.4993761397957148 157.09931618983634
 0.570000 0.6317619989538712 0.5956045982726785 0.49611686042126224 157.8156603940884
 0.580000 0.6352623855744017 0.595229746101181 0.4920805328710369 158.38360886606006
 0.590000 0.6382649817754819 0.5934701084040814 0.4903172885693422 158.33402982183497
 0.600000 0.640908291753065 0.5918809940947906 0.48878773551668686 158.03926201028756
 0.610000 0.6432175694961172 0.5898280359123868 0.48823564632587396 157.4279237519266
 0.620000 0.645163180636919 0.5880913685945227 0.4877632750987668 156.74147891369785
 0.630000 0.6468646594038454 0.5866717198459392 0.48721905293959394 156.0261976902085
 0.640000 0.6484078035574873 0.5854921195156728 0.48658637287823836 155.29313691910272
 0.650000 0.6499501668727063 0.584417085289277 0.4858203896545791 154.5360508999523
 0.660000 0.6513650979792683 0.5833511199286405 0.48520612116136685 153.7644013007154
 0.670000 0.6527336107304832 0.5822782219324509 0.4846554504861463 152.9894053103009
 0.680000 0.6540461099401467 0.5811958551202037 0.48418494819981406 152.21585700580664
 0.690000 0.6553857536141315 0.5800933062785107 0.4836954310002346 151.44701210930717
 0.700000 0.6567465695663345 0.5789397656233561 0.48323150884728666 150.684473159816
 0.710000 0.6581472288028823 0.5777057213017114 0.4828025733095836 149.93029094380526
 0.720000 0.659868024304465 0.5717168971232361 0.48755920670653013 148.32157261932863
 0.730000 0.6617221398125062 0.5648692918315373 0.4929974572223427 146.53191712728037
 0.740000 0.6637051418073001 0.5575898355265866 0.4985870636669043 144.6951009614808
 0.750000 0.6657974985748768 0.5499495524665516 0.504251108708029 142.83695894169085
 0.760000 0.6680042262675613 0.5419466536600386 0.5099648794528532 140.96820053086353
 0.770000 0.6703329308135864 0.5335696693041432 0.51571035462315 139.09741550708284
 0.780000 0.672789968034743 0.5248087876439341 0.5214684988793796 137.2320960922159
 0.790000 0.6754587827369937 0.5156557941369617 0.5271190897666655 135.39443385314132
 0.800000 0.6782518614925503 0.506125902671824 0.5327391322462821 133.57815630602926
 0.810000 0.6811524849992643 0.49622171695788303 0.5383263877971223 131.78168239517228
 0.820000 0.6841569973004173 0.48593744371061 0.5438694731687692 130.00567464552347
 0.830000 0.6872607510651744 0.47526290053091663 0.5493612977124185 128.251062550502
 0.840000 0.6904636923707798 0.4641852774111237 0.5547899762544989 126.51888623140219
 0.850000 0.6937619708455577 0.4526943411179881 0.560144768187866 124.81052063143909
 0.860000 0.6966760845967709 0.44314111792915173 0.5641528008894527 123.44698904957026
 0.870000 0.699636181675078 0.43355102094398706 0.5679284510653995 122.16533815829678
 0.880000 0.7026653291964916 0.4236886583200452 0.5716199401316807 120.91514283621088
 0.890000 0.7057432086339877 0.4135290299391017 0.575256694758635 119.68829988294144
 0.900000 0.7088400906292313 0.40307639349256436 0.5788567585558371 118.48353103391453
 0.910000 0.7119220581860427 0.3922671545225067 0.5824890235454782 117.29292710805542
 0.920000 0.7149920487924657 0.38064729621776233 0.5864247658870311 116.24246626330431
 0.930000 0.7179583297046651 0.36874651442314876 0.5903912642548719 115.22477843064163
 0.940000 0.7208858092279491 0.35639137864528525 0.5943978762420657 114.2629020540094
 0.950000 0.7241269462981763 0.34257689680642145 0.5985659825110015 113.17997135638213
 0.960000 0.7274910318004362 0.3273019565867164 0.603017601620752 111.960789995556
 0.970000 0.7298450633580994 0.31415851339875556 0.6071495795525973 110.94378920821339
 0.980000 0.7324642496643244 0.29972096841412765 0.611280184577069 109.84650196832087
 0.990000 0.7346610225732854 0.28406567644829483 0.6161005383665457 108.80363795217718
 1.000000 0.7359748117747517 0.26662164857378234 0.6222973348367461 107.64917791231315
 1.010000 0.7366743198867847 0.24782344887036067 0.629201465835342 106.35246638003684
 1.020000 0.7377930140428647 0.22818532879963443 0.6352896379999818 104.9843135066341
 1.030000 0.7382158679467437 0.20761848862779994 0.6418192077926181 103.37311405368955
 1.040000 0.7396418192827101 0.18718561694897237 0.6464452985176669 101.70549348178811
 1.050000 0.7408771591681962 0.16672056298106344 0.6506191581118255 100.0486240159403
 1.060000 0.7415956178675732 0.14610677744924014 0.6547432696431562 98.40793886383749
 1.070000 0.7417085624812487 0.12526442240876917 0.6589212645078293 96.77509008688273
 1.080000 0.7407364073991334 0.10377560104034343 0.6637320237732548 95.10847684755677
 1.090000 0.7392110876466965 0.0821058627860407 0.6684501441366796 93.49613820198874
 1.100000 0.737213870911543 0.06017744889369821 0.6729742812175404 91.90767325527221
 1.110000 0.7347492000735344 0.03794252642386408 0.677276884058415 90.33015076724763
 1.120000 0.7317191949251629 0.015231076601750933 0.681436008795854 88.73472648893535
 1.130000 0.7273471181176167 -0.008331943516822565 0.6862191694227364 87.04529307763272
 1.140000 0.7222481961675852 -0.03245190453041635 0.690872214685913 85.34524112966628
 1.150000 0.7175816144457503 -0.05618861386416583 0.6942041963870963 83.78329602167605
