0.0 1.15 1.0
Linear 1 explicit
 0.000000 34.31
 0.010000 34.24680771213145
 0.020000 34.2205355175176
 0.030000 34.18209959991192
 0.040000 34.23161530714579
 0.050000 34.33120375110905
 0.060000 34.464530838817396
 0.070000 34.62804775105292
 0.080000 34.75526829825293
 0.090000 34.93236442625266
 0.100000 35.148299916299116
 0.110000 35.473427115877136
 0.120000 36.08883332482308
 0.130000 36.85051298346918
 0.140000 37.69062366637343
 0.150000 38.5638774357526
 0.160000 39.458687847654446
 0.170000 40.32505697480292
 0.180000 41.213554047742015
 0.190000 42.09263971366336
 0.200000 42.98349749441707
 0.210000 43.90268392950099
 0.220000 44.82309407132107
 0.230000 45.69922733571833
 0.240000 46.50623722177638
 0.250000 47.33184566781947
 0.260000 48.153845833421094
 0.270000 48.99304823626174
 0.280000 49.854918344626334
 0.290000 50.66008224603981
 0.300000 51.486405256420085
 0.310000 52.26348999222576
 0.320000 53.06418538139807
 0.330000 53.83378717133681
 0.340000 54.63643931673417
 0.350000 55.443367932516026
 0.360000 56.20122451772501
 0.370000 56.84363688325531
 0.380000 57.56427559739116
 0.390000 58.29167593134527
 0.400000 59.045821744103826
 0.410000 59.81410240683247
 0.420000 60.619222801128565
 0.430000 61.243539954735716
 0.440000 61.92484867474726
 0.450000 62.55868956729651
 0.460000 63.1322038846171
 0.470000 63.67634069503391
 0.480000 64.2055065088742
 0.490000 64.73992269045125
 0.500000 65.28877041444316
 0.510000 65.84979859005902
 0.520000 66.44134906102198
 0.530000 67.0622174988553
 0.540000 67.68465585068691
 0.550000 68.2929588118458
 0.560000 68.80105711681595
 0.570000 69.29598626705466
 0.580000 69.71269150611283
 0.590000 70.0844524468844
 0.600000 70.29911712447455
 0.610000 70.43554764294872
 0.620000 70.60503689715905
 0.630000 70.7719216542347
 0.640000 70.92529424686063
 0.650000 71.07795094915114
 0.660000 71.24030902035395
 0.670000 71.37326618764534
 0.680000 71.47598928517861
 0.690000 71.54358423125979
 0.700000 71.58071568140213
 0.710000 71.59333362151403
 0.720000 71.3469231686745
 0.730000 71.00337591493815
 0.740000 70.62325261865959
 0.750000 70.26471699196756
 0.760000 69.93622538134599
 0.770000 69.64370363891985
 0.780000 69.38472872832034
 0.790000 69.01929291984312
 0.800000 68.58351674559326
 0.810000 68.10170483829512
 0.820000 67.5793117692682
 0.830000 67.04615348697126
 0.840000 66.4998520277865
 0.850000 65.9441612363154
 0.860000 65.38709262801419
 0.870000 64.82376400149167
 0.880000 64.27088350336086
 0.890000 63.72930280818278
 0.900000 63.20199380496046
 0.910000 62.692978945037765
 0.920000 62.205926763670995
 0.930000 61.74277041597223
 0.940000 61.253626402623915
 0.950000 60.81618301418132
 0.960000 60.42317365201723
 0.970000 60.001088116419865
 0.980000 59.65285048888227
 0.990000 59.322651405733424
 1.000000 59.0497086870437
 1.010000 58.825160310041156
 1.020000 58.613041877718494
 1.030000 58.44491835332302
 1.040000 58.10022761036732
 1.050000 57.76878458936994
 1.060000 57.48483289116502
 1.070000 57.25114142429012
 1.080000 56.985052927689964
 1.090000 56.79159197973691
 1.100000 56.709116888787044
 1.110000 56.742448129462865
 1.120000 56.85702697627504
 1.130000 57.05078279509726
 1.140000 57.304364408829684
 1.150000 57.60379472795882
