0.0 1.15 1.0
Linear 1 explicit
 0.000000 6.487
 0.010000 6.793453736835415
 0.020000 7.24452904571488
 0.030000 7.773990082586052
 0.040000 8.353576005100386
 0.050000 8.971599593491405
 0.060000 9.596281015484966
 0.070000 10.218000813241243
 0.080000 10.359232211477083
 0.090000 10.781760862512218
 0.100000 11.275394626187238
 0.110000 11.67922772308912
 0.120000 11.392730101865457
 0.130000 11.317876101867657
 0.140000 10.83510886343028
 0.150000 10.221976644995506
 0.160000 9.56064927661897
 0.170000 9.329159837836045
 0.180000 8.792659608282479
 0.190000 8.179818712360445
 0.200000 7.564652080779852
 0.210000 6.946096312768108
 0.220000 6.327619028049496
 0.230000 5.709979286990534
 0.240000 5.073457853022383
 0.250000 4.7905630531237575
 0.260000 4.554635826935064
 0.270000 4.318606894201781
 0.280000 4.522102145214585
 0.290000 4.422817856204948
 0.300000 4.228420380839409
 0.310000 4.472844077389576
 0.320000 4.410753975121664
 0.330000 4.261627990782315
 0.340000 4.0594749527202545
 0.350000 3.8378830161107693
 0.360000 3.5975595733176156
 0.370000 3.3574142333436883
 0.380000 3.1082320037462985
 0.390000 2.859908673248851
 0.400000 2.624364564683953
 0.410000 2.398983057659233
 0.420000 2.1865577985661266
 0.430000 2.0077629848280596
 0.440000 1.4736262585181414
 0.450000 0.9264249505735853
 0.460000 0.38621773147543803
 0.470000 -0.1519902509657931
 0.480000 -0.05634469896547885
 0.490000 -0.0241128870258851
 0.500000 -0.013576078310621506
 0.510000 -0.010065007440311543
 0.520000 -0.009147994856863155
 0.530000 -0.00877289114701032
 0.540000 -0.008277498932770081
 0.550000 -0.008183609363919871
 0.560000 -0.008110321981493942
 0.570000 -0.007995717714312196
 0.580000 -0.007871723378450149
 0.590000 -0.008140481044482768
 0.600000 -0.007572869320409332
 0.610000 -0.007268536229732217
 0.620000 -0.0072347593723513055
 0.630000 -0.00725488032885638
 0.640000 -0.007290909386430245
 0.650000 -0.007512707728643613
 0.660000 -0.007575193865181564
 0.670000 -0.00753205585355579
 0.680000 -0.007476113292001355
 0.690000 -0.007397446101240537
 0.700000 -0.007346455150151767
 0.710000 -0.007283563986311786
 0.720000 -0.007387791106408965
 0.730000 0.1268728489728669
 0.740000 0.5050929936853732
 0.750000 0.8410290859796236
 0.760000 1.1858719301747704
 0.770000 1.5451282433106988
 0.780000 1.9174416071795153
 0.790000 2.263457603131039
 0.800000 2.5931088807440936
 0.810000 2.978618878675287
 0.820000 3.430832416270219
 0.830000 3.7938447325535614
 0.840000 4.06212013251128
 0.850000 4.451824254105697
 0.860000 4.858123169395377
 0.870000 5.313493785540112
 0.880000 5.783222798355123
 0.890000 6.239660957392912
 0.900000 6.686820548368542
 0.910000 7.126449625783104
 0.920000 7.430720949124547
 0.930000 7.844258327781323
 0.940000 8.335116374368848
 0.950000 8.812403884987553
 0.960000 9.277671011041274
 0.970000 9.645872874603393
 0.980000 9.96817243995107
 0.990000 10.220516618478296
 1.000000 10.455303024681553
 1.010000 10.66766471313422
 1.020000 10.821365005853927
 1.030000 11.048260426810264
 1.040000 11.199543539939933
 1.050000 11.29902670880923
 1.060000 11.365882190346602
 1.070000 11.411397355494303
 1.080000 11.412511110913199
 1.090000 11.415155571810908
 1.100000 11.339575096918656
 1.110000 11.368839407858706
 1.120000 11.447390635022046
 1.130000 11.587581571902984
 1.140000 11.768729955966336
 1.150000 11.842323976437472
