0.0 1.15 1.0
Linear 1 explicit
 0.000000 0.0
 0.010000 0.9999999991384483
 0.020000 -1.0000000001953295
 0.030000 -1.0000000002126057
 0.040000 0.9999999999489536
 0.050000 1.0000000013786619
 0.060000 1.0000000013394421
 0.070000 0.9999999970973547
 0.080000 1.0000000030067469
 0.090000 1.0000000033693925
 0.100000 1.0000000003784328
 0.110000 -1.000000001073906
 0.120000 -1.000000000689137
 0.130000 0.9999999991847868
 0.140000 -0.9999999993391443
 0.150000 -1.00000000170873
 0.160000 0.9999999987502344
 0.170000 -0.9999999999071194
 0.180000 -1.0000000003821192
 0.190000 -1.0000000010605978
 0.200000 -1.0000000001134928
 0.210000 -1.000000000473345
 0.220000 -1.0000000007472547
 0.230000 -0.9999999999609872
 0.240000 -0.9999999995630748
 0.250000 -1.0000000001856402
 0.260000 -1.000000000160184
 0.270000 1.0000000023368898
 0.280000 -1.000000000745957
 0.290000 0.9999999979926313
 0.300000 0.9999999999224243
 0.310000 1.0000000023370563
 0.320000 1.000000004602267
 0.330000 -1.0000000005793341
 0.340000 1.000000007128249
 0.350000 -1.0000000032538965
 0.360000 -0.9999999989160955
 0.370000 -1.0000000072286739
 0.380000 -1.0000000039436918
 0.390000 -0.9999999918933173
 0.400000 -0.9999999996867246
 0.410000 -1.0000000000238463
 0.420000 -1.00000000035093
 0.430000 -1.0000000008401306
 0.440000 0.058219275338145124
 0.450000 0.9999999994943776
 0.460000 -0.9999999990176289
 0.470000 -1.0000000062865362
 0.480000 -1.000000013118469
 0.490000 -0.999999998005681
 0.500000 -1.0000000023710733
 0.510000 -0.9999999912235029
 0.520000 -1.0000000086787377
 0.530000 -0.9999999985241695
 0.540000 0.9999999991453885
 0.550000 -0.999999993160109
 0.560000 -1.0000000023048863
 0.570000 1.0000000014617472
 0.580000 0.999999996374989
 0.590000 -0.7715854643737493
 0.600000 -1.0000000088848469
 0.610000 -1.000000009752663
 0.620000 -1.0000000031771652
 0.630000 -1.000000012258437
 0.640000 -0.9999999820622222
 0.650000 -1.0000000100787723
 0.660000 -0.999999985035743
 0.670000 -0.9999999904027075
 0.680000 -1.000000001564038
 0.690000 -0.9999999888176138
 0.700000 -0.9999999888402185
 0.710000 -1.0000000067171397
 0.720000 -1.0000000031596301
 0.730000 -0.9999999892046384
 0.740000 -0.9999999990982105
 0.750000 -0.9999999988232338
 0.760000 -0.9999999890942042
 0.770000 -0.9999999934719387
 0.780000 -1.0000000171594483
 0.790000 -0.9999999929232761
 0.800000 -1.000000003035268
 0.810000 -0.9999999893995624
 0.820000 -1.0000000024212543
 0.830000 -0.9999999903770408
 0.840000 -0.9999999916486114
 0.850000 -0.9999999897986509
 0.860000 -1.000000013466525
 0.870000 -1.0000000057956977
 0.880000 -0.9999999789294557
 0.890000 -0.9999999939562761
 0.900000 -1.000000003157615
 0.910000 -0.999999989523865
 0.920000 -0.9999999824722702
 0.930000 -0.9999999877327346
 0.940000 -0.9999999821920554
 0.950000 -0.9999999826423001
 0.960000 -0.9999999818715257
 0.970000 -0.9999999932954096
 0.980000 -1.0000000081480471
 0.990000 -0.9999999838407646
 1.000000 -0.9999999974106909
 1.010000 -0.9999999808704378
 1.020000 -0.9999999948361643
 1.030000 -0.9999999956067794
 1.040000 -0.9999999973545199
 1.050000 -0.999999993843438
 1.060000 -0.9999999791636692
 1.070000 -1.0000000094220833
 1.080000 -1.0000000023962035
 1.090000 -1.0000000024136793
 1.100000 -0.9999999818259419
 1.110000 -0.9999999879517036
 1.120000 -1.0000000118696433
 1.130000 -1.0000000009092809
 1.140000 -1.0000000045597737
 1.150000 -1.0000000015632702
