0.0 1.15 1.0
Linear 4 explicit
 0.000000 -0.19317539140194553 0.9618136649162801 -0.19390137218962322 73.04267359168017
 0.010000 -0.17734866881543399 0.9673456459283237 -0.18107968128121868 74.54791670357363
 0.020000 -0.17358596137048302 0.9697271894019106 -0.17174717508522827 73.38327309084377
 0.030000 -0.16462782918054344 0.9729558337167905 -0.16203278524967413 73.94881785158218
 0.040000 -0.15440743300865842 0.9757188963403517 -0.15534149463695418 75.62274848509178
 0.050000 -0.14515688981290223 0.9779116220350969 -0.15039393880250274 77.37135676356658
 0.060000 -0.13670129398929157 0.9797586315849074 -0.14623877754044207 79.12983157109858
 0.070000 -0.12869128024035292 0.9813852616662849 -0.1425535779077344 80.89272067109926
 0.080000 -0.12124282869621968 0.9827857321804353 -0.13940007572560673 82.66354579333978
 0.090000 -0.11378174308516721 0.9840925587562954 -0.1364388168410594 84.44750815540424
 0.100000 -0.10635720931753466 0.9852962188838834 -0.13371426655113683 86.24612755455236
 0.110000 -0.10736732905586371 0.9863986365673766 -0.12445877401545653 85.05077936280583
 0.120000 -0.10718712262833811 0.9879600365793634 -0.11156113509982181 83.5027534487404
 0.130000 -0.10084092611317692 0.9895833737924254 -0.10274168547497023 84.35994978697259
 0.140000 -0.10104904225975497 0.9906828254261769 -0.09130515025995592 83.14268999289129
 0.150000 -0.09755545580241874 0.9918855307884457 -0.08152316760103111 83.34047546104357
 0.160000 -0.09065050805984115 0.9927912355030736 -0.07840948983875237 84.87580692505473
 0.170000 -0.09186385993414115 0.9932550039657273 -0.07074975855113129 84.04386195384348
 0.180000 -0.08944033197523517 0.9939526907333474 -0.06370616610735913 84.39104442799938
 0.190000 -0.0862469329514981 0.9945789241841296 -0.058088123787905094 85.0382699627598
 0.200000 -0.0834578287788045 0.9950898118851093 -0.05320767893815226 85.72366818938166
 0.210000 -0.08134295620437552 0.9954702214498347 -0.049217493663841205 86.39792242613062
 0.220000 -0.07993080835283897 0.9957424157930498 -0.04591412927065949 87.06501976526538
 0.230000 -0.07914767368135295 0.9959297631863322 -0.04312252949962647 87.72154115486015
 0.240000 -0.07974557375089303 0.9959454610093154 -0.04163270543795224 88.36250182869134
 0.250000 -0.08088053165307793 0.9959461506769507 -0.03936501684592723 88.91462621916719
 0.260000 -0.08267454778198713 0.9958274333589311 -0.03863472685043559 89.51336405530803
 0.270000 -0.08114386134737707 0.995767073331952 -0.0431695428926054 91.1710984875136
 0.280000 -0.08308053277286001 0.9955766327589802 -0.04387246720288746 91.94509502727547
 0.290000 -0.08367302956033505 0.9953430332794445 -0.047865125365656284 93.45009727572945
 0.300000 -0.08283681634470154 0.9951042459777814 -0.053903631555448736 95.34001836256257
 0.310000 -0.08140427277037218 0.9948671186445317 -0.06010624438986434 97.32757522619755
 0.320000 -0.08005463258386866 0.9946047034000328 -0.06597529671319713 99.3432762932245
 0.330000 -0.07936957292816471 0.9945046987748278 -0.06827060134486758 100.63368491790206
 0.340000 -0.0771833753275408 0.9944393622565755 -0.0716455258043623 102.51558491310743
 0.350000 -0.07676221574583682 0.9944043414371341 -0.07257801295688153 103.50840019192157
 0.360000 -0.07500727179921442 0.9945687926020524 -0.07215833949956417 104.58956040716254
 0.370000 -0.07735058792052595 0.9945501784449406 -0.0699058588638003 104.06860818623662
 0.380000 -0.07963081066036191 0.9946104043019749 -0.06640088589646684 103.22436691435438
 0.390000 -0.08190837532441853 0.9946784679574342 -0.06249610734730283 102.31327683611711
 0.400000 -0.08397086483573536 0.9947664478062389 -0.058211752917224906 101.38119858024439
 0.410000 -0.08406666274376735 0.9948172624734117 -0.057196245506439064 101.9116917839928
 0.420000 -0.08405284007817253 0.9948339416192623 -0.05692581731583007 102.69285036867933
 0.430000 -0.08313285916421026 0.994891673283586 -0.05726679804363027 103.81160481857877
 0.440000 -0.0817632387176538 0.9948952631577376 -0.0591454828426999 105.38326946721176
 0.450000 -0.08053016361380005 0.9948638557983973 -0.061325371374988814 107.1785229823603
 0.460000 -0.07937048605440492 0.9948933548880506 -0.06235012704948501 108.442215072868
 0.470000 -0.07804573878899627 0.9949610118060946 -0.06294003211527685 109.63804509783111
 0.480000 -0.07667698311918475 0.9950410158579119 -0.0633562705672833 110.82453258071381
 0.490000 -0.07531804775297447 0.9951202997076914 -0.0637399465983076 112.00816448091169
 0.500000 -0.07402684314305581 0.9952384452047006 -0.0634071264196986 112.88866957942048
 0.510000 -0.07276333358175584 0.9953735129576544 -0.06274605157624102 113.61500834777196
 0.520000 -0.0743817924948981 0.9952093533145013 -0.06344834135403349 114.49027746232976
 0.530000 -0.07625091714725714 0.9950696397119893 -0.0634208936995857 115.16893705132607
 0.540000 -0.0765416887900858 0.9949194169257556 -0.06539666429777695 116.72791733310498
 0.550000 -0.076367168793203 0.9949386355981633 -0.06530824545626257 118.0026789666115
 0.560000 -0.07313851258244514 0.995304676823769 -0.06339840904912647 119.53164250028163
 0.570000 -0.06427021418305508 0.9960852065865236 -0.06069267491507478 121.74512652871188
 0.580000 -0.07212140616238148 0.9955110606275801 -0.06128809787643368 122.53302321496811
 0.590000 -0.08725769261395065 0.9942663771464858 -0.06180992117525579 122.6636143977592
 0.600000 -0.10508490777301874 0.9925273733938924 -0.062020764443507195 122.45585010128889
 0.610000 -0.12535911681038747 0.9901201572511406 -0.06282647560938175 122.00967630884651
 0.620000 -0.14666670635535684 0.987076885272021 -0.0645608225517382 121.24422638314887
 0.630000 -0.16862238537935018 0.98340619629271 -0.06692342072908315 119.80396598993683
 0.640000 -0.1896117910037868 0.9793092151599048 -0.07071654555496684 118.15990174475276
 0.650000 -0.17964757896492856 0.9821083942406585 -0.0564787511731194 116.37782383139711
 0.660000 -0.1696034624031825 0.9846360819841673 -0.04155059079869345 114.65796518186983
 0.670000 -0.1611397717103613 0.9865712601860287 -0.026666881109046314 111.30538708725052
 0.680000 -0.15142723663996707 0.9883760566796019 -0.013511572301684076 108.65806436098046
 0.690000 -0.1420014406441496 0.9898663260057933 -4.974884707793135E-4 105.30140725146563
 0.700000 -0.13196719179805624 0.9911858125526473 0.01163379917668011 101.93877162247824
 0.710000 -0.12139721825843176 0.9923342144441818 0.023141353516230735 98.61879593929378
 0.720000 -0.1111700328933895 0.9932094496536097 0.03429596048015621 95.31782100073993
 0.730000 -0.10026902118365418 0.9939145366472105 0.045607205924422585 91.97450236761696
 0.740000 -0.08844079677606503 0.9944609679608267 0.056794442228356494 88.59749629866742
 0.750000 -0.07548643871069247 0.9948363764031548 0.06784085609584653 85.20947794400705
 0.760000 -0.06122637716998614 0.9950147571602286 0.07872079631209312 81.86600649022023
 0.770000 -0.04552126083112252 0.9949487384369782 0.08946967472283787 78.5872047656809
 0.780000 -0.028177548138766523 0.9945715954569947 0.10016669751477071 75.37383272359254
 0.790000 -0.009262231300274848 0.9938075087784386 0.11072870705889218 72.20769662859027
 0.800000 0.011555124231014983 0.9925543595018976 0.12125313413592 69.0744735749617
 0.810000 0.03470306610999822 0.9906627842508847 0.13184439731308306 65.96499266860845
 0.820000 0.060589213218728295 0.9879288044290798 0.14256796491801516 62.88198314136462
 0.830000 0.08966203132633489 0.984078418032273 0.15346135442362793 59.838374450041314
 0.840000 0.12237160719345457 0.9787579505488084 0.16449335545968774 56.85772175480661
 0.850000 0.15922328955691425 0.9714970731718204 0.17561714290256927 53.9548682685024
 0.860000 0.20055444650805684 0.9617125643307209 0.1867802387681193 51.16366510039456
 0.870000 0.24687053492230684 0.9486394540038395 0.19783357979491537 48.49545955529362
 0.880000 0.29841855670153833 0.9313904784286757 0.20846616442140722 45.98588322364489
 0.890000 0.35576259992143 0.908690610406275 0.21843613953880364 43.62433756977914
 0.900000 0.4190069873628237 0.8790965256283602 0.2272057287334022 41.444195188601604
 0.910000 0.48819585218732187 0.8407366942773915 0.23415085052721607 39.463442268669475
 0.920000 0.5625263629160834 0.791723973319507 0.238195804109929 37.730998347002185
 0.930000 0.6404195148837903 0.7301038971285979 0.23835088494411888 36.29285300372021
 0.940000 0.7189224186143867 0.6548409357235231 0.23309634255899706 35.22356816869157
 0.950000 0.7941172456515172 0.567825444968323 0.2166842500168706 34.630039339201474
 0.960000 0.8607447441731024 0.4711840918824987 0.1926240819192798 34.52247753411826
 0.970000 0.9148652794772647 0.36927064874352966 0.16328107172455378 34.889960582757816
 0.980000 0.9549785225333394 0.2668121569341445 0.12972006171826156 35.750450529719416
 0.990000 0.978536084347064 0.18035727673717475 0.099691445764749 37.11521029353227
 1.000000 0.994149707677858 0.08722018148022379 0.06371027128011839 38.74682052379489
 1.010000 0.999660804842877 -0.0015960519652687554 0.02599476637739777 40.7112342389185
 1.020000 0.997485732977449 -0.07065341129021181 -0.005505268340176476 42.90542267334385
 1.030000 0.9893291244936393 -0.14040069502246305 -0.03892978635772881 45.33917469363763
 1.040000 0.9792978135848734 -0.19039538282367952 -0.06874147588836761 47.58100025514475
 1.050000 0.9676575183319384 -0.23377654427450512 -0.09480218648715175 49.933705151697865
 1.060000 0.955024509445864 -0.2719790208300455 -0.11813381643719226 52.28546559652279
 1.070000 0.942045895707612 -0.30583416888897325 -0.13789485675845245 54.56418077792175
 1.080000 0.9309802988320232 -0.3449575188564627 -0.11949892623379597 55.95259215168029
 1.090000 0.9178084803504956 -0.3830392410802301 -0.10444392365951838 57.36527839655844
 1.100000 0.9037058734134131 -0.4184122174842116 -0.09081250254257267 58.669072289443626
 1.110000 0.8898775084609698 -0.4496168648170928 -0.07721848747123182 59.719377515108334
 1.120000 0.8766565385022762 -0.47697640126712015 -0.06298274474389275 60.51812971622189
 1.130000 0.858963987359425 -0.508813674118024 -0.0573542801377077 61.39306001536312
 1.140000 0.8407493705714147 -0.5387200739162108 -0.05404792173138938 62.15586986785534
 1.150000 0.8275746789826401 -0.5595883599369076 -0.04450862983626974 62.501916693482926
