0.0 1.15 1.0
Linear 3 explicit
 0.000000 0.28948345974263057 0.889338846945282 0.19198800215886402
 0.010000 0.28894454180093687 0.8907868947924844 0.1926609304227362
 0.020000 0.2884030142629886 0.8914426331431071 0.1936425793497061
 0.030000 0.28712965745500096 0.8913097538337016 0.19509940200170078
 0.040000 0.28584803314078067 0.8904272087787438 0.19568328475149094
 0.050000 0.2846820595167228 0.8894786493562008 0.19569328646280554
 0.060000 0.28353572708084945 0.8884802834616612 0.19535917957372673
 0.070000 0.2823989013785162 0.8875054146145354 0.19482057106566641
 0.080000 0.28122440766101037 0.8865887820450182 0.19394972038357605
 0.090000 0.28008063461381366 0.8857804819395647 0.19303005042378912
 0.100000 0.2789593575243755 0.8850206403389556 0.1920418774599089
 0.110000 0.27689069039214154 0.8844707614482469 0.1927812995293701
 0.120000 0.2746701215634187 0.8844187014412449 0.19451347371807853
 0.130000 0.2727466587488075 0.8844319436523217 0.195359356919324
 0.140000 0.27040743272498685 0.8844067686278122 0.19681917146884262
 0.150000 0.26786154562500963 0.884548141970181 0.1987276677714943
 0.160000 0.26635308437485977 0.8847994634095269 0.19918183837007344
 0.170000 0.26387603622494865 0.8846695302676466 0.20016674040321475
 0.180000 0.2613060481740556 0.8847559378631388 0.2016461049347901
 0.190000 0.2587735958214277 0.8848950534687714 0.20321796320254915
 0.200000 0.25617980894097553 0.8850336946283864 0.20471332080284155
 0.210000 0.25370248560932745 0.885165886148443 0.20606754744548025
 0.220000 0.25130804393985184 0.8852604535640227 0.20726221342101442
 0.230000 0.24895984805973675 0.885308696270546 0.2082974732284604
 0.240000 0.24664779189531705 0.8851117871223272 0.20913299008091063
 0.250000 0.24417017862581855 0.8848441486480679 0.20969705774371286
 0.260000 0.24183097971342582 0.8843224318754577 0.2099778425761479
 0.270000 0.24107421277785077 0.8838912328889251 0.20883845934317888
 0.280000 0.239126805376255 0.883058306793934 0.20816684056989768
 0.290000 0.23786447481519804 0.8817853178329775 0.20656353857595983
 0.300000 0.2371831229128424 0.8802738188479232 0.20445295539529526
 0.310000 0.23687531467809958 0.8789114956045125 0.20219754786016364
 0.320000 0.23646924508561143 0.8775264226088595 0.19982645035427424
 0.330000 0.23517384815163914 0.8763012563873481 0.19881008884501464
 0.340000 0.2342401707081525 0.8750354280110081 0.19729046386461202
 0.350000 0.23263634550865142 0.8737109476503483 0.19672240000188065
 0.360000 0.23084818901090562 0.872647084764188 0.19679497085101352
 0.370000 0.22878969080314143 0.8713324248970407 0.19696880201162925
 0.380000 0.22679801478001504 0.8701721545498203 0.1972146926243759
 0.390000 0.22483928235648032 0.8690460177288055 0.19746425133790932
 0.400000 0.22296145889316127 0.8680131098993502 0.19792289592462842
 0.410000 0.22117152664513162 0.8667875795781018 0.19830400274033746
 0.420000 0.21929506871499996 0.865523537510788 0.19868451414107696
 0.430000 0.2175797927434798 0.8641987807723409 0.1991554980864238
 0.440000 0.21614540826384027 0.8627758383915798 0.19899708377519973
 0.450000 0.21482166669433092 0.8610598578471705 0.19823021616284958
 0.460000 0.21344626146320209 0.8594623799546065 0.19806390873397567
 0.470000 0.21205532748638084 0.8579731369332585 0.19822547938520396
 0.480000 0.2106443770932026 0.8565400107173469 0.1985184919435388
 0.490000 0.20926000868276826 0.8551395313339867 0.19883119412866215
 0.500000 0.20799425184199533 0.8538779358638191 0.19935072843314894
 0.510000 0.20683770978073415 0.8527092526942832 0.19995909878741971
 0.520000 0.2051772536611745 0.8508067327973973 0.20064226164413265
 0.530000 0.2033469076842415 0.8491566602556264 0.20159828052501746
 0.540000 0.20221152183841015 0.8473571703589506 0.2019667836921522
 0.550000 0.2005686507045693 0.8452586691433518 0.20305951289580498
 0.560000 0.1988403390745768 0.8430514635906046 0.20467716067020933
 0.570000 0.1979278665252663 0.8414475079178244 0.2056960200926651
 0.580000 0.1958868787565843 0.8435746819129394 0.20597212943284113
 0.590000 0.19320180440516527 0.8448186041153266 0.20729605717350463
 0.600000 0.18998005624182251 0.8462057328373286 0.20904553230841874
 0.610000 0.186380259761985 0.8476236011386422 0.21083089635569002
 0.620000 0.18353447968530887 0.8494991225725268 0.2126868332643148
 0.630000 0.1817123900031103 0.8515861325593014 0.2146380183315141
 0.640000 0.18091774756234788 0.8536363746985363 0.21650958243824697
 0.650000 0.18416960258336154 0.8559804942537577 0.2250870314360874
 0.660000 0.1868350354104705 0.8592100072197731 0.2330004978473575
 0.670000 0.1895675806223728 0.8630416111240831 0.2399311996286369
 0.680000 0.19214744749660803 0.8672642578865469 0.24650209255373198
 0.690000 0.19473647830634166 0.8716184117632071 0.2525146326880248
 0.700000 0.19730923412457 0.8759639165282843 0.2580971534755136
 0.710000 0.1998514226310925 0.8801409573692992 0.26330249683791274
 0.720000 0.20178689503151923 0.8834498126884894 0.2677701689489361
 0.730000 0.2034280206442553 0.8864175321549524 0.27223219583446423
 0.740000 0.2050064819199415 0.889106769925126 0.27662000524159824
 0.750000 0.20659961237569885 0.8915491730737146 0.2809211268386148
 0.760000 0.2082425867818266 0.8937926059683413 0.28513635990582986
 0.770000 0.20994064009140612 0.895896354083898 0.2892671184274879
 0.780000 0.21168350121319363 0.8979268593303906 0.29333630600732796
 0.790000 0.21344727045596565 0.8998095400860361 0.2971273259761003
 0.800000 0.21524489021150964 0.9015961891560117 0.30070440854541935
 0.810000 0.2170701467211573 0.9033494539106288 0.3041636587019226
 0.820000 0.21889080880368386 0.9051069776651434 0.30757309794494847
 0.830000 0.22067512689863322 0.9068775356192739 0.31098346699884444
 0.840000 0.2223989455425292 0.908653216710133 0.31441712845453923
 0.850000 0.22404670180704003 0.9104067889574007 0.31788817312187845
 0.860000 0.2255428804763124 0.9120873842725444 0.3213956399333087
 0.870000 0.2268838803981964 0.9136740821105769 0.3249303109511421
 0.880000 0.2280726800483475 0.915147414791636 0.3284759049639358
 0.890000 0.22911694807311933 0.916486683092528 0.3320302290841625
 0.900000 0.23003589169342611 0.9176652643699494 0.3355995497985456
 0.910000 0.23085074545996936 0.9186433989664428 0.33920085918221093
 0.920000 0.23163654898707048 0.9194141024101248 0.3428717849323717
 0.930000 0.23238249867589103 0.919931120858285 0.346624108038976
 0.940000 0.23322231906937083 0.9201659990095314 0.35050768610897465
 0.950000 0.23458758544501654 0.9199778855141246 0.3545983024534301
 0.960000 0.23603781159650863 0.9193426944274388 0.3588181851823853
 0.970000 0.23725509028427882 0.91839702982304 0.3628637071640302
 0.980000 0.23850919665037085 0.9169998624626643 0.36698689805286644
 0.990000 0.2393854248445355 0.9151928227926077 0.3712822037455554
 1.000000 0.2403757830327449 0.9130531495258574 0.3754939182455597
 1.010000 0.24125310312848033 0.9105323478370997 0.3796052909713496
 1.020000 0.24175047078201342 0.9077450462285443 0.38362481193178805
 1.030000 0.24196295175300142 0.9047709575523495 0.3874062858471091
 1.040000 0.24199025825128367 0.9011514972791596 0.39074963624886144
 1.050000 0.24157439015841387 0.8972041044210093 0.3941222112824104
 1.060000 0.24080863792152843 0.8933814785337542 0.39719816983052175
 1.070000 0.2396662557354993 0.8898529912377299 0.3998917766782816
 1.080000 0.2354630737170524 0.890136563587897 0.40355683304672363
 1.090000 0.23143237385911739 0.8897333988695696 0.40583911555325725
 1.100000 0.22766922125940067 0.8891054003684365 0.4067408245070074
 1.110000 0.22428887123916796 0.8886315242610647 0.40646046105476347
 1.120000 0.2210908902459475 0.8883124522424953 0.4052584561926058
 1.130000 0.21886298834909354 0.888193411858412 0.4034569298594827
 1.140000 0.2173433789375529 0.888276782803468 0.4012586484623073
 1.150000 0.2160125502333449 0.8884815786905867 0.3986493749892376
