0.0 1.15 1.0
Linear 1 explicit
 0.000000 0.0
 0.010000 -0.9999999995693801
 0.020000 -1.00000000032643
 0.030000 -1.0000000003374165
 0.040000 -1.0000000002122449
 0.050000 -1.000000000148564
 0.060000 -0.9999999984489194
 0.070000 -1.0000000006021805
 0.080000 -1.0000000016197002
 0.090000 -1.000000000825396
 0.100000 -1.0000000004424836
 0.110000 -1.000000000316779
 0.120000 -1.0000000005648046
 0.130000 -0.9999999989290898
 0.140000 -0.9999999999669926
 0.150000 -0.9999999994624652
 0.160000 -1.0000000007516
 0.170000 -1.0000000016457948
 0.180000 -1.0000000001727631
 0.190000 -1.0000000010639856
 0.200000 -0.999999998212014
 0.210000 -1.0000000014810635
 0.220000 -0.9999999997848231
 0.230000 -1.000000000172263
 0.240000 -0.9999999976781463
 0.250000 -1.00000000096808
 0.260000 -0.9999999965627969
 0.270000 -0.999999998757459
 0.280000 -0.9999999971225387
 0.290000 -0.9999999976844605
 0.300000 -0.999999998654632
 0.310000 -0.9999999994053111
 0.320000 -1.000000001584707
 0.330000 -0.9999999998009549
 0.340000 -0.9999999992524283
 0.350000 -1.0000000030653398
 0.360000 -1.000000001679887
 0.370000 -0.9999999975213255
 0.380000 -1.000000003094134
 0.390000 -1.000000000210252
 0.400000 -1.0000000013429928
 0.410000 -1.0000000000590004
 0.420000 -1.0000000019938549
 0.430000 -1.0000000021638267
 0.440000 -1.0000000001422176
 0.450000 -1.000000000473219
 0.460000 -0.9999999957066532
 0.470000 -0.9999999962412105
 0.480000 -0.9999999979266223
 0.490000 -0.999999996311434
 0.500000 -0.9999999966605838
 0.510000 -1.0000000033631553
 0.520000 -1.0000000002199692
 0.530000 -0.9999999969404155
 0.540000 -0.9999999998599456
 0.550000 -1.0000000042573323
 0.560000 -0.9999999997843971
 0.570000 -0.9999999908025973
 0.580000 -1.0000000059045269
 0.590000 -0.9999999993388028
 0.600000 -1.0000000012159984
 0.610000 -1.0000000019131092
 0.620000 -1.0000000034779375
 0.630000 -0.9999999991566167
 0.640000 -1.0000000096169546
 0.650000 -1.000000006578619
 0.660000 -0.9999999994436044
 0.670000 -0.9999999921534598
 0.680000 -1.0000000066887054
 0.690000 -0.9999999900261795
 0.700000 -1.000000000976314
 0.710000 -0.999999994597744
 0.720000 -0.9999999969366175
 0.730000 -0.9999999920579956
 0.740000 -0.9999999976888599
 0.750000 -0.9999999953460788
 0.760000 -0.9999999977752433
 0.770000 -0.9999999982119443
 0.780000 -0.9999999976536162
 0.790000 -0.9999999999784369
 0.800000 -1.0000000006148915
 0.810000 -1.0000000014736201
 0.820000 -1.0000000104728473
 0.830000 -1.0000000024377922
 0.840000 -1.000000007142667
 0.850000 -1.0000000027718463
 0.860000 -1.0000000009344243
 0.870000 -0.9999999936350001
 0.880000 -1.0000000020587148
 0.890000 -1.0000000064176593
 0.900000 -0.999999993385965
 0.910000 -1.0000000073539674
 0.920000 -0.9999999951816388
 0.930000 -0.9999999997754325
 0.940000 -0.9999999975485745
 0.950000 -0.9999999964195613
 0.960000 -0.9999999951854894
 0.970000 -1.0000000068191583
 0.980000 -1.000000011484945
 0.990000 -1.000000002791391
 1.000000 -1.0000000026369522
 1.010000 -0.9999999940416311
 1.020000 -0.9999999916540567
 1.030000 -1.0000000066115267
 1.040000 -0.999999997186622
 1.050000 -1.00000001517514
 1.060000 -1.0000000042992634
 1.070000 -1.0000000152497477
 1.080000 -0.9999999863702862
 1.090000 -0.999999993140623
 1.100000 -0.9999999877387166
 1.110000 -0.9999999896356682
 1.120000 -1.000000001181528
 1.130000 -1.0000000017279864
 1.140000 -1.0000000016282333
 1.150000 -1.0000000113063812
