0.0 1.15 1.0
Linear 1 explicit
 0.000000 0.0
 0.010000 -1.0000000000616671
 0.020000 -0.999999999983629
 0.030000 -0.9999999999084404
 0.040000 -0.999999999872494
 0.050000 -0.9999999999231398
 0.060000 -0.9999999997502664
 0.070000 -1.000000000101757
 0.080000 -1.0000000001961566
 0.090000 -1.0000000001566183
 0.100000 -0.9999999999691271
 0.110000 -1.0000000000486053
 0.120000 -1.00000000000109
 0.130000 -1.0000000000246616
 0.140000 -0.9999999999977146
 0.150000 -1.000000000017792
 0.160000 -1.0000000000497067
 0.170000 -1.0000000000493048
 0.180000 -1.0000000000076228
 0.190000 1.0000000000032274
 0.200000 0.9999999998228887
 0.210000 0.9999999999610453
 0.220000 0.9999999999115763
 0.230000 0.9999999999442881
 0.240000 1.0000000001938674
 0.250000 1.0000000001602107
 0.260000 0.9999999998388441
 0.270000 1.0000000001445415
 0.280000 1.0000000001292928
 0.290000 1.0000000002223144
 0.300000 0.9999999998971345
 0.310000 0.9999999999047248
 0.320000 0.9999999998463233
 0.330000 0.9999999998311195
 0.340000 0.9999999999855833
 0.350000 0.9999999998186193
 0.360000 0.9999999998305963
 0.370000 0.9999999999066064
 0.380000 1.000000000149345
 0.390000 1.0000000001423546
 0.400000 0.9999999995880418
 0.410000 1.0000000002014866
 0.420000 1.0000000001261204
 0.430000 0.9999999998810803
 0.440000 0.999999999577136
 0.450000 1.0000000000470872
 0.460000 0.9999999994740346
 0.470000 0.9999999998179192
 0.480000 0.9999999999631746
 0.490000 1.0000000003018117
 0.500000 0.9999999995218138
 0.510000 0.9999999992422707
 0.520000 1.0000000001104001
 0.530000 0.999999999924488
 0.540000 0.999999999944198
 0.550000 0.9999999998649627
 0.560000 1.000000000566881
 0.570000 1.0000000001772367
 0.580000 0.999999999553341
 0.590000 1.0000000003542275
 0.600000 1.0000000002595253
 0.610000 0.9999999997231088
 0.620000 1.000000000248311
 0.630000 1.0000000000416196
 0.640000 0.9999999996914806
 0.650000 0.9999999988668358
 0.660000 1.0000000010167205
 0.670000 1.0000000000162026
 0.680000 1.000000000635383
 0.690000 0.9999999999112917
 0.700000 0.9999999990760887
 0.710000 1.000000000541032
 0.720000 1.0000000001027256
 0.730000 1.0000000003468115
 0.740000 0.9999999999427146
 0.750000 0.9999999992936635
 0.760000 1.0000000004969927
 0.770000 0.9999999999124353
 0.780000 1.0000000001270961
 0.790000 1.0000000003319582
 0.800000 1.0000000002900025
 0.810000 1.0000000002459541
 0.820000 0.9999999997654608
 0.830000 0.9999999993071658
 0.840000 1.000000000841552
 0.850000 0.9999999997955246
 0.860000 0.9999999995918092
 0.870000 0.9999999998463701
 0.880000 1.000000000412056
 0.890000 0.9999999998451999
 0.900000 0.9999999993698946
 0.910000 1.0000000002137874
 0.920000 0.9999999996880854
 0.930000 0.9999999997068286
 0.940000 1.0000000000987035
 0.950000 1.00000000022115
 0.960000 1.0000000004074436
 0.970000 1.0000000001939156
 0.980000 1.000000000027832
 0.990000 0.9999999990311241
 1.000000 1.000000000564745
 1.010000 0.9999999995645878
 1.020000 1.0000000002610183
 1.030000 1.0000000003197682
 1.040000 1.0000000006737353
 1.050000 0.9999999989332512
 1.060000 1.0000000005711338
 1.070000 1.0000000000788845
 1.080000 1.0000000004880683
 1.090000 1.0000000000279692
 1.100000 0.9999999995899228
 1.110000 1.00000000091007
 1.120000 0.999999999742601
 1.130000 0.9999999999472696
 1.140000 0.9999999999569361
 1.150000 1.0000000003628724
