0.0 1.15 1.0
Linear 1 explicit
 0.000000 0.0
 0.010000 -0.9999999998443913
 0.020000 1.0000000000647904
 0.030000 -0.9999999999515529
 0.040000 -1.0000000002897829
 0.050000 -1.0000000002862528
 0.060000 -0.9999999999758777
 0.070000 -0.9999999997629256
 0.080000 -1.0000000002783718
 0.090000 -1.000000000262603
 0.100000 -1.0000000002006466
 0.110000 -0.9999999999728058
 0.120000 -0.999999999959042
 0.130000 -1.000000000049826
 0.140000 -0.9999999999932783
 0.150000 -0.9999999999402982
 0.160000 -0.9999999999168311
 0.170000 -1.0000000000029163
 0.180000 -1.0000000000538896
 0.190000 -0.9999999999419023
 0.200000 -0.9999999998546218
 0.210000 -0.9999999999230694
 0.220000 -1.0000000000606382
 0.230000 -0.9999999999080453
 0.240000 -1.00000000024402
 0.250000 -1.0000000000339873
 0.260000 -1.0000000001229974
 0.270000 -0.9999999999634213
 0.280000 -1.000000000288584
 0.290000 -0.9999999997891383
 0.300000 -1.0000000005364125
 0.310000 -0.9999999993960087
 0.320000 -1.0000000002452916
 0.330000 -1.000000000040102
 0.340000 -1.000000001092927
 0.350000 -1.0000000004548995
 0.360000 -0.9999999998337002
 0.370000 -1.0000000002308185
 0.380000 -0.9999999991948856
 0.390000 -1.0000000004531358
 0.400000 -1.0000000008564527
 0.410000 -0.999999999670716
 0.420000 -0.9999999997587063
 0.430000 -1.0000000008547631
 0.440000 -0.9999999992326583
 0.450000 -0.9999999999301472
 0.460000 -0.9999999995010336
 0.470000 -0.9999999997272008
 0.480000 -1.0000000005903833
 0.490000 -0.9999999992184195
 0.500000 -0.9999999997735296
 0.510000 -1.0000000005486458
 0.520000 -0.9999999996946805
 0.530000 -0.9999999996661713
 0.540000 -0.9999999994944766
 0.550000 -1.0000000011890198
 0.560000 -1.0000000001047267
 0.570000 -0.9999999999584426
 0.580000 -0.9999999997932862
 0.590000 -1.0000000001932987
 0.600000 -0.9999999998661133
 0.610000 -1.0000000007693173
 0.620000 -0.9999999990620227
 0.630000 -1.000000000009433
 0.640000 -1.0000000008989973
 0.650000 -0.9999999996762345
 0.660000 -0.9999999989330882
 0.670000 -1.0000000009203884
 0.680000 -1.0000000002396956
 0.690000 0.999999999214948
 0.700000 0.9999999987757252
 0.710000 1.0000000013208494
 0.720000 1.0000000007882166
 0.730000 0.9999999990148127
 0.740000 1.0000000003195124
 0.750000 0.9999999996581269
 0.760000 0.9999999994512373
 0.770000 1.0000000011084904
 0.780000 1.0000000008941974
 0.790000 0.999999999108792
 0.800000 0.9999999990585725
 0.810000 0.9999999991494959
 0.820000 0.9999999995273264
 0.830000 0.9999999994354081
 0.840000 0.9999999993291281
 0.850000 1.0000000004380907
 0.860000 1.0000000020904907
 0.870000 1.0000000004547849
 0.880000 0.9999999984915895
 0.890000 0.9999999982780126
 0.900000 0.9999999999243566
 0.910000 1.0000000009408232
 0.920000 0.9999999982909232
 0.930000 0.9999999984632686
 0.940000 1.0000000003161102
 0.950000 0.999999998341227
 0.960000 0.9999999993333426
 0.970000 0.9999999996659541
 0.980000 0.9999999998570774
 0.990000 0.9999999995199452
 1.000000 1.000000001029062
 1.010000 1.00000000021752
 1.020000 1.0000000006717844
 1.030000 1.000000001817979
 1.040000 0.9999999984298948
 1.050000 1.0000000002036689
 1.060000 0.9999999984806915
 1.070000 0.999999999893777
 1.080000 1.000000001606679
 1.090000 1.0000000012053967
 1.100000 0.9999999980480476
 1.110000 0.9999999992558074
 1.120000 1.0000000014854327
 1.130000 1.0000000002819747
 1.140000 1.0000000005573197
 1.150000 1.0000000010913328
