0.0 1.15 1.0
Linear 4 explicit
 0.000000 0.06699203817767743 0.9851590511277103 0.15803072739802865 111.09697136251418
 0.010000 0.08010725878215627 0.9824722230853303 0.1683186203489609 111.20452844995496
 0.020000 0.09215641836232062 0.9800339443060966 0.17618360469255845 110.18416142103287
 0.030000 0.10196845386298599 0.9779182794253423 0.18242333508235842 109.34870345286231
 0.040000 0.10779994468974716 0.9764098088467889 0.18709103963756452 110.47982299208745
 0.050000 0.11535854621206758 0.9744757776429014 0.19258599274895621 110.43146578536064
 0.060000 0.12111370134365107 0.9727070544472519 0.19792033138460471 111.57646090798731
 0.070000 0.12661821155317685 0.9708787130822903 0.20337736596472752 112.8556568585598
 0.080000 0.1311716904991487 0.9692723045003139 0.20809898447673006 114.12490023920395
 0.090000 0.1354581534828128 0.9675698523343392 0.21321273298921822 115.22651885124587
 0.100000 0.1395047585227074 0.9658010280111806 0.21855616358745852 116.17925303326439
 0.110000 0.14773941116235864 0.9630866189317356 0.22502717796754543 114.89969426287345
 0.120000 0.15273220128704523 0.9610277554947971 0.23043117813925695 114.71314202186502
 0.130000 0.15706385325687788 0.9589192044886576 0.2362306188091246 115.4247617923452
 0.140000 0.16143962954617064 0.9569423949335213 0.2412436502602543 115.64166106995343
 0.150000 0.16526260794197015 0.9549820182345642 0.24636886017688436 115.65437257928943
 0.160000 0.16861866795156225 0.9530797366147578 0.2514095472979987 116.341726975325
 0.170000 0.17513923146011423 0.9501233398059786 0.25805404232348955 115.05799652527854
 0.180000 0.1786764606294767 0.9480579515489853 0.26317454839263027 114.82881833280223
 0.190000 0.18130115288660506 0.9463307361250405 0.2675593949519004 114.7446239500688
 0.200000 0.18359897637003228 0.9447198331612328 0.2716539208398965 114.67153147704106
 0.210000 0.18752466627832598 0.9427437147811651 0.2758057065722384 114.34944746475666
 0.220000 0.1916123645065835 0.9407089604505099 0.2799131177639181 113.98416940158069
 0.230000 0.19563180765683905 0.9386658538371824 0.28396234023727646 113.60322474761095
 0.240000 0.19954856325556766 0.9366255008772404 0.2879462484719977 113.21090447510755
 0.250000 0.20299217629150604 0.9347360273738683 0.2916551653815806 112.77737876121206
 0.260000 0.2062647953755347 0.9328902305858503 0.2952467643618938 112.32878536856606
 0.270000 0.2098364339635095 0.9310406748126981 0.2985497158360622 112.57782423348397
 0.280000 0.2129259198562673 0.9292709545706368 0.3018576579196557 112.22382202719585
 0.290000 0.21540728424836025 0.9279246842963799 0.30422932496097366 112.44444390145804
 0.300000 0.21810597400916387 0.9265166791270617 0.30658869418306245 112.7775647921859
 0.310000 0.22212567498948554 0.924397017341254 0.3100811810495099 113.16924521727383
 0.320000 0.22204030045314543 0.9243643298582114 0.3102397309508514 113.73202145443875
 0.330000 0.22161350910182448 0.9242671526101208 0.31083385142155134 113.6112200720136
 0.340000 0.22087912899077977 0.924508857974977 0.3106377019971633 114.02944183123336
 0.350000 0.22124413676427074 0.9240265598240298 0.311810757811852 113.60992486077203
 0.360000 0.2218820175399762 0.9234739080133225 0.3129925103113349 113.05725940791838
 0.370000 0.22248134530700675 0.9229415515955833 0.31413523095749957 112.48535400791268
 0.380000 0.22322365760649904 0.9223598340729581 0.31531497771860095 111.93198324680432
 0.390000 0.2241265249441102 0.9217112772800955 0.3165685109911788 111.41335269514704
 0.400000 0.22542323715173881 0.9208732052000147 0.31808317166534056 110.94833013379812
 0.410000 0.22692662740153838 0.9199356139354815 0.319722961310745 110.50681550953165
 0.420000 0.22851768174679618 0.918946876188621 0.3214285424044436 110.09118684776142
 0.430000 0.22948491264667972 0.9183552707720413 0.32242870764365356 109.98128383241259
 0.440000 0.23002839815872297 0.9179270759203532 0.32325967786416254 110.32160927735569
 0.450000 0.23018684378112356 0.9176282461871809 0.32399447333175824 111.09908856856495
 0.460000 0.2313060421267532 0.9168435298130011 0.3254158212436715 111.25959182528881
 0.470000 0.232519068884601 0.9161044436661229 0.32663057251307875 111.34803925839591
 0.480000 0.23489151945944095 0.9149439664523272 0.3281821328752036 111.19027875976057
 0.490000 0.23629428863124613 0.9142479736460777 0.3291134330960894 111.27427964128306
 0.500000 0.23920847664588202 0.9129614377802663 0.33057634190447677 111.19417080714756
 0.510000 0.24247595356345614 0.9115715393581979 0.3320282225588935 111.11418094463014
 0.520000 0.2452057107874524 0.9102937548154979 0.333525770130469 111.01966252668069
 0.530000 0.24752654210838262 0.9093500887698884 0.33438454959232644 110.92482553296551
 0.540000 0.24876801018716022 0.9088320618844387 0.3348712594392071 111.81345933355136
 0.550000 0.25071044261218633 0.9081146928302783 0.3353684222328793 112.08121300056015
 0.560000 0.2527308032137964 0.9079156183440209 0.3343895498874083 112.2129117952198
 0.570000 0.25431025825874065 0.9082824897084003 0.3321885179133715 112.97153124656114
 0.580000 0.2545777559640555 0.9095484477101765 0.32849929594492916 113.63309456735016
 0.590000 0.25470709463530544 0.9113136682509241 0.32346822719006946 113.55179437936228
 0.600000 0.25464028628545377 0.9133846310391243 0.3176268886319055 113.2616850120612
 0.610000 0.25554009497212227 0.9151659567904453 0.3117218814800582 112.67375176453362
 0.620000 0.2571878438477472 0.9164946418160854 0.30641798984288143 112.07423378923616
 0.630000 0.2597318374962184 0.9172785451406957 0.30189309898605915 111.51165191165452
 0.640000 0.26343213334718324 0.9174016383548588 0.2982913761139815 110.99896866953937
 0.650000 0.26968862215050876 0.9162048043658958 0.29637274425866295 110.57838426661077
 0.660000 0.27695817555334906 0.9143279776134271 0.29546322672627234 110.17417174455845
 0.670000 0.2847046462418706 0.9120770381891388 0.29505718228238337 109.78100417056437
 0.680000 0.2925977482768916 0.9096078114759971 0.294957941078283 109.38942396921234
 0.690000 0.3007082787518044 0.9069242836537613 0.29506418760879644 109.00962641725816
 0.700000 0.3089536671873411 0.9040521232535533 0.29535976363112787 108.63542054002833
 0.710000 0.31732388692507524 0.9009953621181269 0.2958258072386303 108.26642654410115
 0.720000 0.3280326956793988 0.8974993339478334 0.2947702429494914 106.80332464506876
 0.730000 0.3398638598783787 0.8932567262809765 0.2942532543615489 105.1095208866718
 0.740000 0.35231637701950186 0.8885000079135659 0.2940083441357499 103.36277768069618
 0.750000 0.36530284161346827 0.8832553152634393 0.29396238189266327 101.5960080151378
 0.760000 0.3787480841342294 0.8775469570747484 0.2940428997501903 99.81872858824784
 0.770000 0.3925726488540406 0.8714102308755091 0.2941613926014326 98.03651415828935
 0.780000 0.4067077364158905 0.8648815230336159 0.2942257097102759 96.25406581750725
 0.790000 0.42084156554818547 0.8582531334300576 0.2937582946308752 94.48202447317293
 0.800000 0.4350452094595902 0.8514462377638923 0.29287364156573514 92.71554781402125
 0.810000 0.44938828220136007 0.8443988099117288 0.2916175948734352 90.95693546399805
 0.820000 0.46392293068566187 0.8370655065984458 0.28999457244423366 89.20959188013232
 0.830000 0.47869132656415253 0.8294046051946061 0.2879975950493883 87.47642810562132
 0.840000 0.49372919308543195 0.8213799340408224 0.2855984731231988 85.76034523564412
 0.850000 0.5090509892628077 0.8129692190649055 0.28275101977456174 84.06382180676549
 0.860000 0.5220738048511991 0.8054418469022678 0.2805394331406116 82.75562643679835
 0.870000 0.5349381983524448 0.7978467029311315 0.27799597580785795 81.51870903089781
 0.880000 0.5479683551969998 0.7899668625344076 0.2751055030351792 80.30767480587836
 0.890000 0.5611752442853083 0.7817726055251253 0.2718711798844839 79.11585795530155
 0.900000 0.5745324116019891 0.7732599086960743 0.26829390902914935 77.94207344052771
 0.910000 0.5880596474118968 0.7644032772511883 0.26433592418254254 76.77479407581042
 0.920000 0.601403273286662 0.7555523390924274 0.2597205532337597 75.67460522826048
 0.930000 0.6148087304505664 0.7464212536014037 0.2546871357840279 74.60070118280358
 0.940000 0.6281319943290257 0.7372829291020073 0.24872490859382237 73.55575004292913
 0.950000 0.64305076238926 0.7268966914405756 0.24105376363653033 72.40256033285131
 0.960000 0.6595517057906529 0.7149737890603659 0.2319569536472304 71.13196313987001
 0.970000 0.6739406907611459 0.7032975510718745 0.22622223584938198 70.09593621171014
 0.980000 0.6894263618482619 0.6906885559170615 0.21826729098486966 68.98065514470237
 0.990000 0.7059838574482917 0.6759992330702546 0.21121512708813642 67.90056931390616
 1.000000 0.7230670410536479 0.6605812272016153 0.2020061791399712 66.60844815209477
 1.010000 0.7414475722396754 0.6430054079549138 0.1918320696875948 65.18589094171003
 1.020000 0.7616507027403211 0.6218271760148513 0.18226126901942308 63.84130116639682
 1.030000 0.7829215177532626 0.5978803483449701 0.17196797987365242 62.306697692168704
 1.040000 0.8050526448173058 0.5705163325524767 0.1624849327277231 60.943761964984574
 1.050000 0.826351965739914 0.5422092951348142 0.1521561993058057 59.62418402326558
 1.060000 0.8467727220999732 0.512996663459895 0.14074935305860764 58.33594487653201
 1.070000 0.8663243219242118 0.48276098617111374 0.12815615269525069 57.06919354816799
 1.080000 0.8851898663651204 0.4510486015635974 0.1139914887700996 55.75269191596041
 1.090000 0.9029944327425743 0.41802631894720266 0.09927261003604229 54.51859020245895
 1.100000 0.919773256729177 0.3833552357643141 0.08399952034321656 53.350714333094295
 1.110000 0.9354415081192369 0.34681669375355645 0.06831812220384549 52.24297665964659
 1.120000 0.9499549826842378 0.308002807714877 0.05215171438353371 51.17163900368218
 1.130000 0.96342946382731 0.2655184746862868 0.03610550968605364 50.03484662611707
 1.140000 0.9752757706458682 0.22001671316912444 0.02073203119241267 48.947943389954794
 1.150000 0.9845906747295501 0.17479090923599627 0.005416759553766866 48.07790869022424
