0.0 1.15 1.0
Linear 1 explicit
 0.000000 70.436
 0.010000 70.436
 0.020000 70.436
 0.030000 70.436
 0.040000 70.436
 0.050000 70.436
 0.060000 70.436
 0.070000 70.436
 0.080000 70.436
 0.090000 70.436
 0.100000 70.436
 0.110000 70.436
 0.120000 70.436
 0.130000 70.436
 0.140000 70.436
 0.150000 70.436
 0.160000 70.436
 0.170000 70.436
 0.180000 70.436
 0.190000 70.436
 0.200000 70.436
 0.210000 70.436
 0.220000 70.436
 0.230000 70.436
 0.240000 70.436
 0.250000 70.436
 0.260000 70.436
 0.270000 70.436
 0.280000 70.436
 0.290000 70.436
 0.300000 70.436
 0.310000 70.436
 0.320000 70.436
 0.330000 70.436
 0.340000 70.436
 0.350000 70.436
 0.360000 70.436
 0.370000 70.436
 0.380000 70.436
 0.390000 70.436
 0.400000 70.436
 0.410000 70.436
 0.420000 70.436
 0.430000 70.436
 0.440000 70.436
 0.450000 70.436
 0.460000 70.436
 0.470000 70.436
 0.480000 70.436
 0.490000 70.436
 0.500000 70.436
 0.510000 70.436
 0.520000 70.436
 0.530000 70.436
 0.540000 70.436
 0.550000 70.436
 0.560000 70.436
 0.570000 70.436
 0.580000 70.436
 0.590000 70.436
 0.600000 70.436
 0.610000 70.436
 0.620000 70.436
 0.630000 70.436
 0.640000 70.436
 0.650000 70.436
 0.660000 70.436
 0.670000 70.436
 0.680000 70.436
 0.690000 70.436
 0.700000 70.436
 0.710000 70.436
 0.720000 70.436
 0.730000 70.436
 0.740000 70.436
 0.750000 70.436
 0.760000 70.436
 0.770000 70.436
 0.780000 70.436
 0.790000 70.436
 0.800000 70.436
 0.810000 70.436
 0.820000 70.436
 0.830000 70.436
 0.840000 70.436
 0.850000 70.436
 0.860000 70.436
 0.870000 70.436
 0.880000 70.436
 0.890000 70.436
 0.900000 70.436
 0.910000 70.436
 0.920000 70.436
 0.930000 70.436
 0.940000 70.436
 0.950000 70.436
 0.960000 70.436
 0.970000 70.436
 0.980000 70.436
 0.990000 70.436
 1.000000 70.436
 1.010000 70.436
 1.020000 70.436
 1.030000 70.436
 1.040000 70.436
 1.050000 70.436
 1.060000 70.436
 1.070000 70.436
 1.080000 70.436
 1.090000 70.436
 1.100000 70.436
 1.110000 70.436
 1.120000 70.436
 1.130000 70.436
 1.140000 70.436
 1.150000 70.436
