0.0 1.15 1.0
Linear 1 explicit
 0.000000 0.0
 0.010000 -0.999999999986481
 0.020000 -1.0000000000764777
 0.030000 -0.9999999999561346
 0.040000 -0.9999999999985424
 0.050000 -1.0000000000009477
 0.060000 -0.999999999989162
 0.070000 -1.0000000000010125
 0.080000 -1.0000000000658769
 0.090000 -1.0000000000623668
 0.100000 -0.9999999999945971
 0.110000 1.0000000000656917
 0.120000 1.0000000000468656
 0.130000 0.9999999999827557
 0.140000 0.9999999999788968
 0.150000 0.9999999999257722
 0.160000 -1.0000000000109575
 0.170000 0.9999999999607313
 0.180000 -1.0000000000437785
 0.190000 -1.0000000000709528
 0.200000 -1.0000000000789728
 0.210000 -0.9999999999375544
 0.220000 -1.0000000000602702
 0.230000 -1.0000000001534104
 0.240000 -1.0000000000508933
 0.250000 -0.9999999999159527
 0.260000 -0.9999999997554607
 0.270000 -0.9999999999792828
 0.280000 -0.9999999999889777
 0.290000 -0.9999999999648354
 0.300000 -1.0000000000681857
 0.310000 -1.0000000000198916
 0.320000 -1.0000000001145286
 0.330000 -0.9999999998194976
 0.340000 -0.9999999999776071
 0.350000 -0.9999999999219659
 0.360000 -0.9999999999975374
 0.370000 -0.9999999999969372
 0.380000 1.0000000000651401
 0.390000 -0.9999999999073746
 0.400000 -1.0000000000702765
 0.410000 -0.999999999951162
 0.420000 -0.9999999999315821
 0.430000 -0.9999999999911686
 0.440000 0.9999999997570812
 0.450000 -0.9999999997087015
 0.460000 0.9999999999110978
 0.470000 0.9999999999287069
 0.480000 -1.0000000001384137
 0.490000 1.0000000000639315
 0.500000 1.0000000006605148
 0.510000 0.999999999781346
 0.520000 0.999999999719113
 0.530000 0.9999999994827203
 0.540000 1.0000000000221119
 0.550000 1.000000000508515
 0.560000 0.9999999995220863
 0.570000 1.0000000002235183
 0.580000 1.0000000000919007
 0.590000 0.9999999994008812
 0.600000 1.0000000006209084
 0.610000 0.9999999999998682
 0.620000 0.9999999992362918
 0.630000 0.9999999995171039
 0.640000 0.999999999574637
 0.650000 0.9999999996285603
 0.660000 1.0000000004307277
 0.670000 0.9999999998523775
 0.680000 0.9999999997122305
 0.690000 1.0000000000980598
 0.700000 1.0000000001080414
 0.710000 1.0000000004568332
 0.720000 1.0000000003775409
 0.730000 1.0000000005555707
 0.740000 -1.000000000682709
 0.750000 0.9999999999814748
 0.760000 1.0000000000094535
 0.770000 1.000000000396369
 0.780000 0.9999999996807233
 0.790000 0.9999999995813877
 0.800000 0.9999999999548275
 0.810000 1.0000000003756473
 0.820000 -1.0000000001274856
 0.830000 0.9999999992997302
 0.840000 0.9999999997926596
 0.850000 1.0000000000793547
 0.860000 1.000000000228014
 0.870000 1.0000000001804294
 0.880000 0.999999998880559
 0.890000 1.000000000250602
 0.900000 1.0000000002430318
 0.910000 0.9999999998630805
 0.920000 1.0000000003972636
 0.930000 1.0000000002226426
 0.940000 1.0000000003682348
 0.950000 -1.0000000004970204
 0.960000 0.999999999904639
 0.970000 0.99999999952867
 0.980000 1.0000000005099687
 0.990000 0.9999999999707453
 1.000000 1.0000000007246699
 1.010000 1.0000000002697644
 1.020000 0.9999999999797478
 1.030000 0.9999999996075281
 1.040000 1.0000000007488834
 1.050000 0.9999999996945586
 1.060000 1.0000000000803853
 1.070000 1.000000000158033
 1.080000 0.9999999994848248
 1.090000 0.999999999567163
 1.100000 0.9999999987721379
 1.110000 1.0000000010244345
 1.120000 0.999999999847047
 1.130000 1.00000000083963
 1.140000 1.0000000008067818
 1.150000 0.9999999996634648
