0.0 1.15 1.0
Linear 1 explicit
 0.000000 0.0
 0.010000 -1.000000000018388
 0.020000 -0.9999999999921776
 0.030000 -0.9999999999729197
 0.040000 -1.0000000000163696
 0.050000 -1.0000000000049887
 0.060000 -0.999999999996435
 0.070000 -1.0000000000078146
 0.080000 -0.9999999999823512
 0.090000 -1.0000000000459643
 0.100000 -0.9999999999689432
 0.110000 -0.9999999999742238
 0.120000 -0.9999999999698467
 0.130000 -0.9999999999606989
 0.140000 -0.9999999999623331
 0.150000 -0.999999999994046
 0.160000 -0.9999999999718026
 0.170000 -1.0000000000006504
 0.180000 -1.0000000000017697
 0.190000 -0.9999999999683061
 0.200000 -0.999999999988204
 0.210000 -0.9999999999714263
 0.220000 -0.9999999999535357
 0.230000 -1.0000000000013305
 0.240000 -1.0000000000057496
 0.250000 -1.0000000000094305
 0.260000 -0.9999999999914001
 0.270000 -0.9999999999842897
 0.280000 -1.0000000000655775
 0.290000 -0.9999999998244167
 0.300000 -1.000000000041543
 0.310000 -0.9999999999961223
 0.320000 -1.00000000000767
 0.330000 -0.9999999999983553
 0.340000 -0.9999999999813872
 0.350000 -0.9999999999614338
 0.360000 -1.0000000000085794
 0.370000 -1.0000000000141471
 0.380000 -0.9999999999168127
 0.390000 -1.0000000000100182
 0.400000 -0.9999999999412413
 0.410000 -0.9999999999626525
 0.420000 -1.0000000000567724
 0.430000 -1.000000000039138
 0.440000 -0.9999999999948234
 0.450000 -0.9999999999284094
 0.460000 -0.9999999999108142
 0.470000 -1.0000000000269524
 0.480000 -1.0000000001415663
 0.490000 -0.9999999998727779
 0.500000 -1.0000000000602662
 0.510000 -1.0000000001080382
 0.520000 -0.999999999887983
 0.530000 -1.000000000063872
 0.540000 -0.9999999999424379
 0.550000 -0.999999999907194
 0.560000 -0.9999999998782579
 0.570000 -0.9999999998331279
 0.580000 -0.9999999997418122
 0.590000 -0.9999999999524246
 0.600000 -0.9999999997035077
 0.610000 -1.0000000000692855
 0.620000 -0.9999999997685961
 0.630000 -1.0000000000366485
 0.640000 -1.0000000002442768
 0.650000 -0.9999999999550486
 0.660000 -1.00000000026897
 0.670000 -1.0000000002446838
 0.680000 -1.000000000023566
 0.690000 -1.0000000000230598
 0.700000 -1.0000000001781086
 0.710000 -1.0000000000965978
 0.720000 -0.9999999998148505
 0.730000 -1.000000000099492
 0.740000 -1.0000000000801736
 0.750000 -0.9999999998558239
 0.760000 -0.9999999998983428
 0.770000 -1.0000000002231535
 0.780000 -0.9999999998589565
 0.790000 -1.0000000001275955
 0.800000 -1.000000000077333
 0.810000 -1.000000000200746
 0.820000 -0.9999999998704556
 0.830000 -1.00000000011945
 0.840000 -1.000000000170087
 0.850000 -0.9999999997749147
 0.860000 -0.9999999998580442
 0.870000 -0.999999999862194
 0.880000 -0.9999999999196714
 0.890000 -0.9999999998928117
 0.900000 -0.9999999999382206
 0.910000 -1.0000000001260538
 0.920000 -0.9999999995991932
 0.930000 -1.0000000001949791
 0.940000 -1.0000000001853822
 0.950000 -1.0000000001599012
 0.960000 -1.0000000002551777
 0.970000 -1.000000000021071
 0.980000 -1.0000000003019627
 0.990000 -1.0000000003306764
 1.000000 -0.9999999998403228
 1.010000 -1.000000000193337
 1.020000 -0.9999999999377501
 1.030000 -1.0000000000147788
 1.040000 -0.9999999999417017
 1.050000 -1.0000000001368319
 1.060000 -0.9999999998878227
 1.070000 -0.9999999996814217
 1.080000 -0.9999999999632275
 1.090000 -0.999999999981305
 1.100000 -1.0000000001666938
 1.110000 -1.0000000004217964
 1.120000 -1.000000000098959
 1.130000 -0.9999999999658316
 1.140000 -0.9999999999162704
 1.150000 -1.0000000001058464
