0.0 1.15 1.0
Linear 4 explicit
 0.000000 -0.015198908601144208 -0.9541280458477458 -0.2990128179595249 169.11927500787112
 0.010000 -0.015580583400085585 -0.9543219111436223 -0.2983738181075835 169.35225504081328
 0.020000 -0.01620239242107731 -0.9545671094257855 -0.29755523198615397 169.5779398699861
 0.030000 -0.015963629863682775 -0.9549377402167322 -0.2963765760503626 169.63598935219133
 0.040000 -0.01689309887644312 -0.9552526857203051 -0.2953081943233116 169.84511068829366
 0.050000 -0.017961622052558916 -0.9555707474879206 -0.29421408307322383 170.051009118547
 0.060000 -0.01911955642589225 -0.9559038582381162 -0.29305674598541587 170.25339752410466
 0.070000 -0.020320733909301527 -0.9562475656370193 -0.2918521217785849 170.45416520425997
 0.080000 -0.0205224430099654 -0.9566902696986728 -0.29038346577720925 170.49723827785073
 0.090000 -0.02149875646447004 -0.957098224426272 -0.2889650364154094 170.70192884319496
 0.100000 -0.0223883990979501 -0.9574907843520539 -0.28759373683500056 170.91197055539234
 0.110000 -0.023072319703495322 -0.957983636074988 -0.2858933736133886 170.65475798584865
 0.120000 -0.02379391547983992 -0.9584923476266487 -0.28412368631864166 170.38957795939078
 0.130000 -0.024555308669948837 -0.9590464731656853 -0.2821823862762948 170.12354289369713
 0.140000 -0.025285708685364942 -0.9596256354243612 -0.28014152275710563 169.85934524667135
 0.150000 -0.026007416321874394 -0.960223228784409 -0.27801972088164034 169.5964993718684
 0.160000 -0.028105095183289762 -0.9607568129061607 -0.27596458120406486 169.7591594209005
 0.170000 -0.0276411289774132 -0.9612714462548605 -0.27421373890442263 169.54628144783825
 0.180000 -0.029769705804614115 -0.9618000513088678 -0.2721294286154404 169.71113407749135
 0.190000 -0.03162350173477045 -0.9623275972100335 -0.2700473102735788 169.8890171217425
 0.200000 -0.03379350482120459 -0.9628284886572676 -0.2679912320615379 170.05799643122128
 0.210000 -0.03406311010525191 -0.9632396389135582 -0.266475331983348 170.28498833297573
 0.220000 -0.034059869542785025 -0.9636345540733473 -0.26504409346859553 170.5218364840737
 0.230000 -0.035461426942253446 -0.9641083918392422 -0.26313018828019225 170.7165769427147
 0.240000 -0.03604107203508708 -0.9645542876400528 -0.261411681685712 170.93817317146224
 0.250000 -0.03803762183321502 -0.9650192983192395 -0.25940488275419177 171.1151002690482
 0.260000 -0.040145307164129854 -0.9654755775884042 -0.2573815521614459 171.28710315501303
 0.270000 -0.042101746722615026 -0.965915197827377 -0.2554119682571744 171.46388930410006
 0.280000 -0.04197760073383414 -0.9662989240768892 -0.2539769091167091 171.70165309109535
 0.290000 -0.04233348257476256 -0.9667004399436085 -0.25238489587518087 171.93305425680794
 0.300000 -0.04407060306045751 -0.9671953170191964 -0.25018193516324033 172.1195977459258
 0.310000 -0.044759209962990855 -0.9676412317623532 -0.2483285318221103 172.33969649068518
 0.320000 -0.046569034566378245 -0.9681435239373634 -0.24602731977912418 172.5246400236086
 0.330000 -0.04847540615713965 -0.968672441318802 -0.24356485055806457 172.7052873353015
 0.340000 -0.04818714651075467 -0.9691632690050174 -0.24166207175032534 172.9475932379566
 0.350000 -0.0478515780478717 -0.969622265159298 -0.2398809900464823 173.19551276703268
 0.360000 -0.04932477317582253 -0.9701644063337967 -0.23737752933701514 173.3927622223835
 0.370000 -0.04881594653623767 -0.9707561810517077 -0.23505199491532772 173.4916875304714
 0.380000 -0.05008299930223393 -0.971307086639906 -0.23249567011880168 173.39545614661426
 0.390000 -0.05172393583191684 -0.9718320147506173 -0.22992861841843792 173.58258133341636
 0.400000 -0.05319578421403285 -0.9723400553921467 -0.2274313637602585 173.7784500454423
 0.410000 -0.05374204732317522 -0.9728173866067875 -0.22525124786569672 173.99912467040218
 0.420000 -0.0531820756193355 -0.9732228420235434 -0.22362684677032033 174.2507959844858
 0.430000 -0.054133812299997336 -0.9737593470019456 -0.22104810447550355 174.4628473895913
 0.440000 -0.05392730652444258 -0.9743442738846098 -0.21850647944464124 174.2566615123137
 0.450000 -0.054721636702151806 -0.9748894222386458 -0.21586142981977366 174.46499723007196
 0.460000 -0.05518381065824543 -0.97545392265631 -0.2131769026317166 174.3861377182213
 0.470000 -0.05563071238165132 -0.976000180703901 -0.2105442260093175 174.30360403326938
 0.480000 -0.05624074905460579 -0.9765109648674452 -0.20799835008823525 174.51975934807226
 0.490000 -0.056554895591534746 -0.9770181077434062 -0.20551681421753423 174.44360373882262
 0.500000 -0.056852024813145774 -0.9775116492409992 -0.2030734420666259 174.3630797368781
 0.510000 -0.0571197469386255 -0.9779953766607398 -0.20065487220569844 174.28199433332276
 0.520000 -0.05735971328293 -0.978450499080141 -0.19835444069121047 174.20080818952212
 0.530000 -0.05757622224571787 -0.9788652885093546 -0.19623385432541873 174.11936380988368
 0.540000 -0.05777793898479874 -0.9792894889000734 -0.19404588812057266 174.03684143614714
 0.550000 -0.05799742876609194 -0.9796882738119652 -0.1919562044109384 173.952920457758
 0.560000 -0.05845130342388643 -0.980090996622015 -0.18975005525299338 173.8623592725905
 0.570000 -0.058986952260051594 -0.9804996807346378 -0.18745910365288704 173.76827826387208
 0.580000 -0.05938278221256365 -0.9809762793382333 -0.1848221430251577 173.6756516999923
 0.590000 -0.059761291373570745 -0.9814256467470204 -0.18229725165387375 173.5837218040475
 0.600000 -0.06042868334671958 -0.9817476774631742 -0.18033267043063814 173.48641405187385
 0.610000 -0.06129323759112541 -0.9819801100013216 -0.17876857270613966 173.38376220272775
 0.620000 -0.062295830408200394 -0.9821035310637123 -0.17774105824468525 173.2769488776702
 0.630000 -0.06334997510594402 -0.9821711895140723 -0.17699303698899754 173.16704483328462
 0.640000 -0.06442861033147448 -0.9822056951125929 -0.1764112430066268 173.0546387055647
 0.650000 -0.06560536114897272 -0.982179022783034 -0.17612581807752423 172.93899274639423
 0.660000 -0.06687676771288252 -0.9820980176467964 -0.17609935171518934 172.82011167411397
 0.670000 -0.06818572554943796 -0.9820062870977033 -0.17610894052227927 172.6987219702597
 0.680000 -0.0695162214215261 -0.9819117375141906 -0.17611596943814248 172.57559384829125
 0.690000 -0.07086065574425363 -0.9818248024115238 -0.1760648313464863 172.45124512794195
 0.700000 -0.07221978535781821 -0.9817471635904083 -0.1759454727609062 172.3260656054631
 0.710000 -0.07359465125620446 -0.9816786892491909 -0.17575772637488324 172.2003656565408
 0.720000 -0.07495764998509936 -0.9816584750138789 -0.1752940077188518 172.0742224205157
 0.730000 -0.07631741639658154 -0.9816739882827198 -0.1746191074414518 171.9481259792362
 0.740000 -0.07785249581981164 -0.981696283611638 -0.17381425614064167 172.1282480120987
 0.750000 -0.07918441816001488 -0.9817420942499208 -0.1729516935402472 172.00832103624387
 0.760000 -0.08051471525195357 -0.9817949287957038 -0.17203516622753504 171.8851247261302
 0.770000 -0.08183080756441131 -0.9818527504403821 -0.17108154601245837 171.76279541717577
 0.780000 -0.08312674016152354 -0.9819141044642004 -0.1701018416254979 171.64148445752116
 0.790000 -0.08430975235716312 -0.9819927949489125 -0.1690621670448391 171.5227782939621
 0.800000 -0.08537906409828781 -0.982077124001873 -0.1680325501976037 171.40720147671067
 0.810000 -0.08637980513365631 -0.9821544954193069 -0.16706608390908753 171.294030345459
 0.820000 -0.08746294246361463 -0.982216766913064 -0.16613385112749948 171.48983902413963
 0.830000 -0.08829314844007038 -0.9822841469627471 -0.16529420608178608 171.38564818533976
 0.840000 -0.08908144686766449 -0.9823460041580655 -0.1645017444851129 171.2785813283157
 0.850000 -0.08982900445770164 -0.9824009995610079 -0.16376515508395142 171.17250268873855
 0.860000 -0.09050839832266278 -0.9824515123598836 -0.1630866508787393 171.06798985187083
 0.870000 -0.09114640490147925 -0.9824918787854915 -0.16248704869647537 170.96468553485983
 0.880000 -0.09170881138798657 -0.9825278293312917 -0.16195233404722192 170.86305127606687
 0.890000 -0.09220359382761521 -0.9825575608015121 -0.16149036193239164 170.76302509441535
 0.900000 -0.0926378688091831 -0.9825794258696839 -0.1611083396975307 170.66448494581581
 0.910000 -0.09301461615504919 -0.9825928207434941 -0.16080929638821437 170.56735464380438
 0.920000 -0.09334516500596822 -0.9825959789038968 -0.16059832630479504 170.47142734998428
 0.930000 -0.09362423606787994 -0.982590653864841 -0.16046840610590637 170.3767249064377
 0.940000 -0.0937859576279369 -0.9825884259662108 -0.16038759088238438 170.2843185206689
 0.950000 -0.09398015329453999 -0.9825759901127844 -0.16035009959652716 170.50206925903984
 0.960000 -0.0938790407603967 -0.9825834350930858 -0.1603637078224981 170.41941438983474
 0.970000 -0.09378128104526628 -0.9826003881008231 -0.16031702538913545 170.33235153334127
 0.980000 -0.09368532024694798 -0.9826044293751168 -0.16034835871510478 170.24540385054726
 0.990000 -0.09337042259652717 -0.982657827235895 -0.16020474011768776 170.16158274768853
 1.000000 -0.09302468958447167 -0.9827052047361571 -0.16011523260508437 170.07911911606422
 1.010000 -0.0926385820388784 -0.9827570829827718 -0.16002065168289822 169.99763955780898
 1.020000 -0.09200878228941624 -0.9828527794376328 -0.1597961136365294 169.92023126917377
 1.030000 -0.09138010418351292 -0.9829625608469019 -0.15948128583852986 169.8430093219767
 1.040000 -0.09023457745397014 -0.9831996415789109 -0.15867005335224618 169.7733425191159
 1.050000 -0.08896321130549699 -0.9834628329035744 -0.15775424980484573 169.7070404991463
 1.060000 -0.08771499056181153 -0.9837248037063973 -0.1568170622207658 169.64121595592246
 1.070000 -0.08649995717427056 -0.9839856136092054 -0.15585271771440112 169.57502351245753
 1.080000 -0.08509990176314204 -0.9842907052776287 -0.15469264437578095 169.51148169418676
 1.090000 -0.08375505294198328 -0.9846000784596035 -0.15345284814570329 169.44693785163807
 1.100000 -0.08253849364577 -0.9849006202637375 -0.1521780709261108 169.37970074537444
 1.110000 -0.08144777214454255 -0.985200490665309 -0.15081861160190105 169.30927330061138
 1.120000 -0.0804633304577405 -0.9855266986903403 -0.14920716678553955 169.23526048980474
 1.130000 -0.07971763689615229 -0.9858433418575777 -0.14750594456758828 169.15581856884157
 1.140000 -0.07910181554471593 -0.9861545771538932 -0.14574653593123904 169.07283075939404
 1.150000 -0.07833604791067698 -0.9864793956539466 -0.1439509136753236 168.99146536854022
