0.0 1.15 1.0
Linear 1 explicit
 0.000000 0.0
 0.010000 1.0000000000022293
 0.020000 0.9999999999820243
 0.030000 0.9999999999944889
 0.040000 1.0000000000000542
 0.050000 1.0000000000352647
 0.060000 1.0000000000094027
 0.070000 0.9999999999579499
 0.080000 1.0000000000542564
 0.090000 -1.0000000000052058
 0.100000 -1.0000000000064462
 0.110000 -1.000000000008477
 0.120000 -0.9999999999965364
 0.130000 -0.9999999999998472
 0.140000 -1.000000000007803
 0.150000 -0.9999999999927893
 0.160000 -1.0000000000190379
 0.170000 -1.00000000000527
 0.180000 -0.9999999999937756
 0.190000 -0.9999999999846713
 0.200000 -0.9999999999831041
 0.210000 -0.9999999999784387
 0.220000 -1.0000000000115508
 0.230000 -0.9999999999775175
 0.240000 -1.0000000000879417
 0.250000 -1.0000000000070612
 0.260000 -1.0000000000477023
 0.270000 -0.9999999999972744
 0.280000 -0.9999999999720365
 0.290000 0.9999999999973908
 0.300000 -0.9999999999349718
 0.310000 0.9999999999623396
 0.320000 -0.9999999999667337
 0.330000 -1.000000000042096
 0.340000 -1.0000000000202018
 0.350000 1.0000000001652136
 0.360000 -1.0000000000258504
 0.370000 1.0000000000719191
 0.380000 -0.9999999999647998
 0.390000 -1.0000000000242049
 0.400000 -1.0000000000408609
 0.410000 -0.999999999988659
 0.420000 -1.0000000000615377
 0.430000 -0.9999999999879696
 0.440000 -1.0000000000824403
 0.450000 -1.0000000000404323
 0.460000 -0.9999999998688192
 0.470000 -0.9999999999825597
 0.480000 -0.9999999999475723
 0.490000 -0.9999999999554415
 0.500000 -1.0000000001765237
 0.510000 -1.00000000001841
 0.520000 -1.0000000000819327
 0.530000 -0.9999999998347681
 0.540000 -1.000000000008929
 0.550000 -1.0000000001240341
 0.560000 -0.9999999999303312
 0.570000 -1.000000000021077
 0.580000 -1.0000000000993807
 0.590000 -0.9999999997810662
 0.600000 -1.0000000000000897
 0.610000 -1.0000000000737228
 0.620000 -0.9999999999177659
 0.630000 -1.0000000000027318
 0.640000 -0.9999999997235678
 0.650000 -1.0000000000494038
 0.660000 -1.0000000000318898
 0.670000 -0.9999999998994331
 0.680000 -1.000000000079451
 0.690000 -1.0000000000752132
 0.700000 -1.0000000000326075
 0.710000 -1.0000000001969835
 0.720000 -1.0000000001212908
 0.730000 -1.000000000268174
 0.740000 -0.9999999998723248
 0.750000 -0.9999999999755262
 0.760000 -0.9999999999080631
 0.770000 -0.9999999999546395
 0.780000 -1.0000000000054534
 0.790000 -0.9999999999732554
 0.800000 -1.0000000000343567
 0.810000 -0.9999999998385168
 0.820000 -1.000000000078929
 0.830000 -0.9999999997242248
 0.840000 -0.9999999999200846
 0.850000 -1.0000000000604485
 0.860000 -1.0000000000743876
 0.870000 -1.0000000000192533
 0.880000 -0.9999999998407744
 0.890000 -0.9999999997619489
 0.900000 -1.0000000001211125
 0.910000 -0.999999999942954
 0.920000 -1.0000000000354046
 0.930000 -1.0000000001051588
 0.940000 -0.9999999999600429
 0.950000 -0.9999999998819464
 0.960000 -0.9999999999215206
 0.970000 -1.000000000009877
 0.980000 -0.9999999999139985
 0.990000 -0.9999999997742149
 1.000000 -1.0000000001843532
 1.010000 -0.9999999997849627
 1.020000 -1.0000000000168476
 1.030000 -0.9999999998421358
 1.040000 -1.0000000002806613
 1.050000 -0.999999999869051
 1.060000 -0.9999999997558807
 1.070000 -0.9999999998450855
 1.080000 -0.99999999997464
 1.090000 -0.9999999997864453
 1.100000 -0.9999999996831007
 1.110000 -1.0000000001489582
 1.120000 -0.9999999998251334
 1.130000 -1.0000000002840392
 1.140000 -1.000000000180645
 1.150000 -1.0000000000293223
