0.0 1.15 1.0
Linear 4 explicit
 0.000000 -0.9155819974408855 -0.3701155287000716 0.1572389944550173 20.446148505836202
 0.010000 -0.9127168843013312 -0.37620315028183227 0.15943361888038365 20.631939250369566
 0.020000 -0.9100659957243555 -0.3814693201416428 0.16205258781306212 20.854585080065085
 0.030000 -0.9076278967789423 -0.3859542921054801 0.16507842195148192 21.10549294297029
 0.040000 -0.9127626225112376 -0.3740602049054849 0.16414432080481645 21.200964365382685
 0.050000 -0.9108764228147457 -0.37784339525415667 0.16594731399761753 21.480463113792432
 0.060000 -0.90903152900049 -0.3814311525226665 0.16784503319509275 21.77299227682383
 0.070000 -0.9072916709346179 -0.3847094044220567 0.16976600955990992 22.073696429527974
 0.080000 -0.9065391282451003 -0.3860528937345983 0.17073362937557585 22.475094051397132
 0.090000 -0.9121129078784542 -0.3734326461656831 0.16910973378018818 22.627733062186596
 0.100000 -0.9174045438164153 -0.3609329394361347 0.16761955797276948 22.76540434105193
 0.110000 -0.9157955755242487 -0.3634683060173428 0.17090715131641937 23.077099129169575
 0.120000 -0.9146056652005634 -0.3645055967143073 0.1750204192286763 23.473994988659033
 0.130000 -0.9190623714493014 -0.3520730527471457 0.17711274069160612 23.60434551814774
 0.140000 -0.9238652669158559 -0.3388062231320849 0.17799806671272078 23.794871475471123
 0.150000 -0.9285600851076007 -0.3258270996928696 0.1778000828197172 23.990503161659344
 0.160000 -0.9330912487145283 -0.3133662622987037 0.17647183125162585 24.176573599347986
 0.170000 -0.9367638571296285 -0.302289454701948 0.17633650090556902 24.260951145141963
 0.180000 -0.9407737704741568 -0.2906089933346705 0.17461708330185774 24.422166964944275
 0.190000 -0.9447877857885941 -0.27905222107436173 0.17177280849468274 24.601487192985434
 0.200000 -0.9435258533980243 -0.2830706803919708 0.17213353500104667 24.91236173342611
 0.210000 -0.9422110175825535 -0.2872489503534829 0.172413569265505 25.221247812711407
 0.220000 -0.9409160213078033 -0.29142106144424235 0.17248421896801056 25.52712643859853
 0.230000 -0.9396365139121139 -0.29556012025264355 0.17241646394510166 25.831123479944946
 0.240000 -0.9436044484250692 -0.28519982771576563 0.1681419138207913 25.995757113668176
 0.250000 -0.9412371506034807 -0.2922430761557507 0.1693121695651701 26.048768347827988
 0.260000 -0.9385712435589523 -0.2997483986436071 0.17098221625302112 26.069035999039826
 0.270000 -0.9357975686335389 -0.3073504001662992 0.1726807518433158 26.07829723985426
 0.280000 -0.9322888363044769 -0.31577315064548456 0.17642234278420743 25.996720913601514
 0.290000 -0.929170927112266 -0.32359872496980524 0.17867639297693585 25.989085705056816
 0.300000 -0.9261104738890485 -0.3312105167288123 0.18060726386619996 26.000808937818977
 0.310000 -0.9223042878085949 -0.33972310030005576 0.184236304273612 25.9259456704805
 0.320000 -0.9189551877995334 -0.34755704673293847 0.18634769137985682 25.924041050133084
 0.330000 -0.9157452092446086 -0.3554085297619302 0.18733789984413513 25.935302469830415
 0.340000 -0.9125055067799287 -0.36326690141067086 0.1880714184446842 25.946067062680786
 0.350000 -0.9092200130598314 -0.3713266159585045 0.18824322599308957 25.949388631567608
 0.360000 -0.905859883699037 -0.3794504565147114 0.1882424557732508 25.949172673540456
 0.370000 -0.9024441905812488 -0.3877607635563414 0.18771274099633714 25.94345117627631
 0.380000 -0.8989448775737344 -0.39605129986462556 0.18719368301169845 25.937684887324224
 0.390000 -0.8953617302347089 -0.40436176376144195 0.1865983280708702 25.931185695738733
 0.400000 -0.8916994528696477 -0.4126340973761051 0.18602469576531513 25.926126179209668
 0.410000 -0.8879729582112037 -0.4209623934214601 0.18518825235559544 25.9205935345145
 0.420000 -0.8841844062820658 -0.42933921893980503 0.18408088104903525 25.91478825660518
 0.430000 -0.8803281355951657 -0.43675376187868703 0.18511759820274978 25.935690290391538
 0.440000 -0.8787505740839561 -0.4408774757608729 0.18282363062207888 26.164350684994808
 0.450000 -0.8774635652566791 -0.443648999695226 0.18229990871216314 26.44542756112126
 0.460000 -0.8762801605456234 -0.44579797390126796 0.18274913597514164 26.749416317915433
 0.470000 -0.8751429528820132 -0.44757749560014104 0.1838455804561432 27.06516432793049
 0.480000 -0.8710784017789499 -0.4526807609782286 0.19053227179247628 27.145998910550016
 0.490000 -0.8675719081178798 -0.4567390679641606 0.19674452480293098 27.283362626801658
 0.500000 -0.864296517208455 -0.46031267133874576 0.20274065933187355 27.44693820357376
 0.510000 -0.8611358440647007 -0.4635675129838751 0.20868689219239525 27.62524909214341
 0.520000 -0.8648038461345133 -0.45510261171986544 0.21212241870370607 27.595229221990227
 0.530000 -0.8686491610720662 -0.4458113633797215 0.21610382516352983 27.5909926738834
 0.540000 -0.8728607325556222 -0.4353276872284562 0.2204630270471352 27.64681471858377
 0.550000 -0.8770433951157388 -0.424416630970555 0.22508977417790826 27.724738823880752
 0.560000 -0.8813136307001398 -0.4138287009125635 0.22810543755719132 27.804991582582744
 0.570000 -0.8856423001111353 -0.40310008706901396 0.23053857824410018 27.900087077831145
 0.580000 -0.8898777577470555 -0.3921328329166981 0.23312961548417205 28.007752697843973
 0.590000 -0.8937463399891913 -0.3815852808046045 0.23581805110974013 28.09017752929832
 0.600000 -0.8979934605702943 -0.3698750055738309 0.2383279778472221 28.251036325902373
 0.610000 -0.9023180638854219 -0.3577554638806471 0.24048521711241755 28.451164007970522
 0.620000 -0.9065192744285114 -0.34573961512460044 0.24225384129688915 28.6576475011292
 0.630000 -0.9105770868363624 -0.3339443190845768 0.24357865399033246 28.862616788714867
 0.640000 -0.9144985738198692 -0.3224756692080919 0.24433952044280216 29.06029146230086
 0.650000 -0.9182463194477192 -0.3118088374080149 0.24412895308623156 29.221219037243902
 0.660000 -0.9219269818569851 -0.3016513069201451 0.24301672608575467 29.363351731299765
 0.670000 -0.9255720147102402 -0.29186657976234304 0.2411023542047212 29.49540681971755
 0.680000 -0.9291682790650385 -0.28237803584563975 0.2385559767670331 29.620543705223554
 0.690000 -0.9327274025068066 -0.2731464376005028 0.23539459687737183 29.741890385549446
 0.700000 -0.9362365828427559 -0.2641208871277903 0.23173523238762936 29.861132789823923
 0.710000 -0.939692004695925 -0.25529296730994094 0.22760588119079686 29.978747181481758
 0.720000 -0.9430743246643934 -0.24728811418388902 0.22239470933944022 30.04893023392477
 0.730000 -0.9464084708738175 -0.23867998469902757 0.2175841702936003 30.165102024278987
 0.740000 -0.9496520332999769 -0.23117652848610487 0.21146732212408853 30.232288158812835
 0.750000 -0.9527281821441518 -0.22282701370322996 0.20653603296374318 30.356529151097828
 0.760000 -0.9556920707610734 -0.21424141006902103 0.20187442655286753 30.51019547392056
 0.770000 -0.9585081805002165 -0.20554197577946087 0.19752104725026115 30.681557424531437
 0.780000 -0.9611841856390025 -0.1968001919989517 0.19337695236677876 30.865622427736373
 0.790000 -0.9637623702682908 -0.1883083116424966 0.18894992305158012 31.04271371173711
 0.800000 -0.9662344347538965 -0.18002169557548378 0.1843453449858342 31.212643824750497
 0.810000 -0.968556078747651 -0.1722500903599556 0.17952445151555538 31.342778320244545
 0.820000 -0.9677198948610408 -0.17810616540868382 0.17831544782645892 31.53298480861742
 0.830000 -0.9700535010124502 -0.17089900765523935 0.17259702881551223 31.657496402480554
 0.840000 -0.9708014892800042 -0.17221357274362004 0.16699387346427846 31.873425586391853
 0.850000 -0.973041007262808 -0.16557096489324083 0.16055358535174888 31.959924998522435
 0.860000 -0.972353605754668 -0.17181987928721318 0.1581341027660476 32.13927278823228
 0.870000 -0.9730534872683795 -0.1747164893848226 0.15046946285505564 32.26196796752073
 0.880000 -0.9723056168403964 -0.18142846112048389 0.1473278689049343 32.41765349606258
 0.890000 -0.9714788348001658 -0.1880341118928377 0.14447161070599288 32.57935109925441
 0.900000 -0.9705904746004133 -0.1946014797914787 0.14171942237361562 32.73855812900982
 0.910000 -0.9696489178324359 -0.20114682856015764 0.1389997464263027 32.89542530464512
 0.920000 -0.9701446123353464 -0.2033778011977696 0.1321245667416211 33.05030416155142
 0.930000 -0.9691750514854272 -0.21007086130829816 0.1287243287316321 33.19950025514397
 0.940000 -0.9681275438974631 -0.21665570608404802 0.1256557351189676 33.353812210944945
 0.950000 -0.9670381516399998 -0.22293171099109985 0.1230392844065394 33.52519055786959
 0.960000 -0.9659094905138657 -0.22906016441093974 0.12062461280881968 33.70296539057211
 0.970000 -0.9662417315836247 -0.23144274285886562 0.11318645203487845 33.848394008249045
 0.980000 -0.9665685708831463 -0.23375495726309023 0.10537465414340841 34.00372710387908
 0.990000 -0.9668516604894699 -0.23586867402388836 0.09779486296819108 34.17305169628845
 1.000000 -0.9670608664502793 -0.23796678856317174 0.09036087716133484 34.34056922515857
 1.010000 -0.9672058398321428 -0.24001282807459354 0.08310659272425412 34.50896795256009
 1.020000 -0.9673188847454538 -0.24180152039014063 0.07632954835335809 34.69089480778837
 1.030000 -0.9692080313008371 -0.23627867152705842 0.069341051645932 34.75317939746785
 1.040000 -0.9709592318648711 -0.23107472054024186 0.06198906019313796 34.78531085165052
 1.050000 -0.9725988413877675 -0.22591599259697992 0.05489497263041059 34.807008266238874
 1.060000 -0.9741459656418507 -0.2207305977919177 0.04814188220384187 34.825230800161236
 1.070000 -0.9756122637262378 -0.21550424438434887 0.04169690059580767 34.84318527743411
 1.080000 -0.9769466901657876 -0.21059202576450498 0.035016614035546956 34.83768490205773
 1.090000 -0.9782392843827975 -0.20546948029770984 0.02881310737184406 34.84387706408379
 1.100000 -0.9779671908071628 -0.20740948432292583 0.02369555902789496 34.98349384958879
 1.110000 -0.9793172548445226 -0.20144774639061047 0.01888173291656385 35.067983147424016
 1.120000 -0.9806810819066458 -0.19505919523736778 0.014714820548037468 35.17673049238932
 1.130000 -0.982013748137421 -0.18849841640786336 0.010832611911324706 35.30410511706645
 1.140000 -0.9833067906617446 -0.18181808346228978 0.007066821392932995 35.44989141044965
 1.150000 -0.9832215143561386 -0.1823762465735624 0.003789247017648653 35.71402418753821
