0.0 1.15 1.0
Linear 1 explicit
 0.000000 -39.663
 0.010000 -38.51074560751248
 0.020000 -37.118149106485355
 0.030000 -36.351579826100306
 0.040000 -36.83219254468751
 0.050000 -35.79002242188954
 0.060000 -35.829981522863456
 0.070000 -35.96464385040031
 0.080000 -36.13140331857528
 0.090000 -36.113344136661276
 0.100000 -35.92130399195031
 0.110000 -34.52958914624507
 0.120000 -34.63214743403527
 0.130000 -34.63958458562931
 0.140000 -34.905421631300534
 0.150000 -35.189100544477576
 0.160000 -35.03809783681863
 0.170000 -33.797169836908154
 0.180000 -33.75573005495051
 0.190000 -33.915891992862214
 0.200000 -34.08398797670034
 0.210000 -33.88958475528009
 0.220000 -33.59624093186822
 0.230000 -33.247460403466135
 0.240000 -32.874307057235036
 0.250000 -32.476251501990454
 0.260000 -32.050224350415434
 0.270000 -31.243282542877623
 0.280000 -30.76617338198436
 0.290000 -30.48381546976113
 0.300000 -30.160275731106484
 0.310000 -29.29467666696836
 0.320000 -28.96331006522982
 0.330000 -28.84979882595686
 0.340000 -28.93164172630022
 0.350000 -28.817190907478366
 0.360000 -28.804562546903316
 0.370000 -28.92880966023592
 0.380000 -29.092335925778848
 0.390000 -29.284467099913183
 0.400000 -29.529254769338007
 0.410000 -29.738219837570345
 0.420000 -29.96096723079924
 0.430000 -30.56362829802638
 0.440000 -31.22928972010221
 0.450000 -32.04002858453871
 0.460000 -32.67280269490229
 0.470000 -33.39170615650379
 0.480000 -33.920802795029175
 0.490000 -34.721398600305065
 0.500000 -35.353495796928726
 0.510000 -35.95781997692369
 0.520000 -36.64495819405298
 0.530000 -37.536769961542156
 0.540000 -38.657154872585465
 0.550000 -39.784443427167254
 0.560000 -41.38706436479332
 0.570000 -43.28943812047474
 0.580000 -45.271836161190635
 0.590000 -47.47888683609712
 0.600000 -49.847015718474296
 0.610000 -52.072584060631435
 0.620000 -53.777724822087755
 0.630000 -55.10866237925587
 0.640000 -56.07304644224572
 0.650000 -56.6946128759294
 0.660000 -56.96969852089625
 0.670000 -56.952425009650646
 0.680000 -56.75302731175439
 0.690000 -56.376594595593836
 0.700000 -55.85511896159671
 0.710000 -55.20931378952852
 0.720000 -53.46627733265928
 0.730000 -51.59620255070308
 0.740000 -49.667833464725675
 0.750000 -47.65843520711905
 0.760000 -45.54668560795685
 0.770000 -43.32369334699579
 0.780000 -40.991131172947576
 0.790000 -38.62424449134027
 0.800000 -36.19448346644919
 0.810000 -33.702788218373065
 0.820000 -31.15605872257425
 0.830000 -28.56684289851761
 0.840000 -25.953682150502196
 0.850000 -23.336817098722115
 0.860000 -21.1491472749739
 0.870000 -19.0744330753727
 0.880000 -17.051421074350607
 0.890000 -15.084168755089506
 0.900000 -13.181801480090087
 0.910000 -11.335960186927778
 0.920000 -9.605997970112474
 0.930000 -7.94397370795437
 0.940000 -6.240943903528009
 0.950000 -4.053187818072445
 0.960000 -1.5065718157429817
 0.970000 0.2694101411367488
 0.980000 2.329868318659733
 0.990000 5.15189455167787
 1.000000 7.89533972435062
 1.010000 10.749466503668577
 1.020000 14.343380877454484
 1.030000 17.83755597628446
 1.040000 20.465078564579613
 1.050000 22.408639298395375
 1.060000 23.67023944135924
 1.070000 24.16439412145981
 1.080000 23.17285985385323
 1.090000 21.684993338103652
 1.100000 19.769819298656813
 1.110000 17.63526985744735
 1.120000 15.061263052324277
 1.130000 13.573432129537384
 1.140000 13.99353389048549
 1.150000 14.158905439204707
