0.0 1.15 1.0
Linear 1 explicit
 0.000000 6.819
 0.010000 9.41455276469103
 0.020000 11.646225521721782
 0.030000 13.718518878811295
 0.040000 15.85172122691706
 0.050000 18.11163673495573
 0.060000 20.450568764279197
 0.070000 22.825297284720353
 0.080000 24.928614329627333
 0.090000 27.110442830535774
 0.100000 29.320438125193682
 0.110000 32.01263748770771
 0.120000 34.798306834322425
 0.130000 37.93797579564443
 0.140000 40.911609895321384
 0.150000 43.856048778497815
 0.160000 46.73615767018866
 0.170000 49.49202307156105
 0.180000 52.15072911554273
 0.190000 54.66911162247359
 0.200000 57.06808546105769
 0.210000 59.415245206517994
 0.220000 61.66041758772942
 0.230000 63.79693651056945
 0.240000 65.81831950480068
 0.250000 67.57334379892701
 0.260000 69.14282694542702
 0.270000 70.7731354074164
 0.280000 71.96279665655857
 0.290000 72.82685378596203
 0.300000 73.54153842969671
 0.310000 74.87176960824699
 0.320000 75.67337214620419
 0.330000 76.37521535198059
 0.340000 76.94360493488503
 0.350000 77.49214087576725
 0.360000 77.9760926340668
 0.370000 78.3361771470056
 0.380000 78.63851056306594
 0.390000 78.8957488460163
 0.400000 79.23441034192021
 0.410000 79.51030787846076
 0.420000 79.72665658022522
 0.430000 79.89841989767822
 0.440000 80.04866367548487
 0.450000 80.30546467154674
 0.460000 80.54111585039507
 0.470000 80.7220075690281
 0.480000 80.91160552625455
 0.490000 80.99128981404489
 0.500000 81.22117375433959
 0.510000 81.5023448621027
 0.520000 81.76087151797157
 0.530000 82.60719775617152
 0.540000 84.49126865885631
 0.550000 86.70247913092619
 0.560000 89.04167404397025
 0.570000 91.72018335386176
 0.580000 94.4170763872658
 0.590000 96.60448747922362
 0.600000 98.45572797216592
 0.610000 100.02726330142946
 0.620000 101.57614687060392
 0.630000 103.21780187129905
 0.640000 104.93479197311417
 0.650000 107.36668129745928
 0.660000 109.8091883072784
 0.670000 112.13193522964029
 0.680000 114.33776177066406
 0.690000 116.41236537102066
 0.700000 118.3543688883711
 0.710000 120.15495022417676
 0.720000 120.13412230872619
 0.730000 120.17151633543048
 0.740000 120.20604904015323
 0.750000 120.22880081327101
 0.760000 120.2418021471404
 0.770000 120.24837086419329
 0.780000 120.25134652105984
 0.790000 120.25572079658505
 0.800000 120.2560607393165
 0.810000 120.25491335427307
 0.820000 120.25499181051175
 0.830000 120.25741723907346
 0.840000 120.26247160429763
 0.850000 120.26953249469084
 0.860000 120.28742025086576
 0.870000 120.27938775331694
 0.880000 120.27152179255586
 0.890000 120.26631748088991
 0.900000 120.2627527546141
 0.910000 120.25978834229677
 0.920000 120.25752631670504
 0.930000 120.25164516132543
 0.940000 120.24831300154901
 0.950000 120.24383496196675
 0.960000 120.24659027113107
 0.970000 120.26196887010009
 0.980000 120.2473895255014
 0.990000 120.22948033320299
 1.000000 120.26297999303148
 1.010000 120.26906973578754
 1.020000 120.24468389652587
 1.030000 120.2857120782113
 1.040000 118.22705826877414
 1.050000 115.47611531897152
 1.060000 112.15590449206267
 1.070000 108.22089855701435
 1.080000 103.20480288370305
 1.090000 97.88899558618239
 1.100000 92.33041211106351
 1.110000 86.75005759032895
 1.120000 81.04039272326962
 1.130000 77.0926535898045
 1.140000 75.33022376645307
 1.150000 72.95236999367826
