0.0 1.15 1.0
Linear 1 explicit
 0.000000 -27.844
 0.010000 -25.524841761367362
 0.020000 -23.403764688571965
 0.030000 -21.280282052815505
 0.040000 -19.365815401365122
 0.050000 -17.522140633295916
 0.060000 -15.71805955306928
 0.070000 -13.935607854448609
 0.080000 -12.372965140053731
 0.090000 -10.742238049136967
 0.100000 -9.087410937475832
 0.110000 -6.500550052594685
 0.120000 -3.359196245735342
 0.130000 -0.29325006050203634
 0.140000 2.861045058715744
 0.150000 6.001516683910759
 0.160000 8.530064996051296
 0.170000 11.06131338786677
 0.180000 13.724009775180624
 0.190000 16.288024967626342
 0.200000 18.713324691760764
 0.210000 20.96160033180226
 0.220000 23.032700347397732
 0.230000 24.942457688529945
 0.240000 26.600919702216615
 0.250000 28.072309847290832
 0.260000 29.24188156525816
 0.270000 29.898619690405397
 0.280000 30.542857852526577
 0.290000 30.57657907861745
 0.300000 30.282364837690817
 0.310000 30.343167650699574
 0.320000 30.36113193900512
 0.330000 30.777386059115617
 0.340000 30.92421652883516
 0.350000 31.246571477263885
 0.360000 31.710019158863965
 0.370000 32.08404376801436
 0.380000 32.47650946015397
 0.390000 32.81691548189454
 0.400000 33.23652679592885
 0.410000 33.31552092836258
 0.420000 33.25148256839406
 0.430000 33.1557674381715
 0.440000 32.74986606343599
 0.450000 32.195343481718695
 0.460000 31.852982646522204
 0.470000 31.57618539266742
 0.480000 31.291301297214087
 0.490000 30.959576196792423
 0.500000 30.813673912844656
 0.510000 30.75375862504722
 0.520000 30.355690223687585
 0.530000 30.639705177511438
 0.540000 31.411852339386584
 0.550000 32.95476062901208
 0.560000 35.214226502167726
 0.570000 38.09809562672478
 0.580000 40.0813159866914
 0.590000 41.78289316338411
 0.600000 43.474997571010896
 0.610000 44.94429929939844
 0.620000 46.56640144567661
 0.630000 48.3529956637039
 0.640000 49.97667149691993
 0.650000 58.924024933993806
 0.660000 67.42051321104424
 0.670000 74.47280919736913
 0.680000 80.55065280056026
 0.690000 85.58411007644746
 0.700000 89.84174181244975
 0.710000 93.45051242023045
 0.720000 95.04194015810677
 0.730000 96.48228109237564
 0.740000 97.68257760921033
 0.750000 98.64576019923032
 0.760000 99.4005083847273
 0.770000 99.9812683103129
 0.780000 100.42536277857334
 0.790000 100.81336537251583
 0.800000 101.13701686168643
 0.810000 101.41583928046795
 0.820000 101.66806121143026
 0.830000 101.91074628933653
 0.840000 102.16034483401236
 0.850000 102.43300109188392
 0.860000 102.72177507933532
 0.870000 103.05209574996114
 0.880000 103.437793906636
 0.890000 103.89330922415508
 0.900000 104.43090996106046
 0.910000 105.06731081052921
 0.920000 105.83136553249955
 0.930000 106.71517886939279
 0.940000 107.72021439193695
 0.950000 108.64029951118626
 0.960000 109.63895333178687
 0.970000 110.76954699892661
 0.980000 112.0885222613202
 0.990000 113.19119538031734
 1.000000 114.85166951965367
 1.010000 116.8205252116334
 1.020000 118.59377165958873
 1.030000 120.89897453695124
 1.040000 120.89439441680442
 1.050000 120.79054768824264
 1.060000 120.73859966353088
 1.070000 120.71726537678438
 1.080000 120.65327790477892
 1.090000 120.63088770187501
 1.100000 120.65018320456973
 1.110000 120.67123910269167
 1.120000 120.66578538600085
 1.130000 120.62960425985153
 1.140000 120.54824180893635
 1.150000 120.41808471659301
