0.0 1.15 1.0
Linear 1 explicit
 0.000000 -4.303
 0.010000 -3.7960624340639373
 0.020000 -3.820518317727719
 0.030000 -4.22608309439753
 0.040000 -4.324250171305372
 0.050000 -4.284073261382982
 0.060000 -4.258213441195355
 0.070000 -4.256828872126081
 0.080000 -4.348365702802116
 0.090000 -4.348600081710329
 0.100000 -4.277723774471085
 0.110000 -4.703460256024443
 0.120000 -5.111177457219507
 0.130000 -4.925747141988432
 0.140000 -5.121744756062881
 0.150000 -5.264695623331169
 0.160000 -4.7784731564287775
 0.170000 -5.09953009737616
 0.180000 -5.217364197385336
 0.190000 -5.1819960077822556
 0.200000 -5.113905035493442
 0.210000 -4.992752715656957
 0.220000 -4.86795037616918
 0.230000 -4.759089102181404
 0.240000 -4.74027444219191
 0.250000 -4.907009425049784
 0.260000 -5.120945455554183
 0.270000 -4.850099692848775
 0.280000 -5.220469533998762
 0.290000 -5.6982364310775955
 0.300000 -6.091868315287211
 0.310000 -6.026101136497412
 0.320000 -6.304058682381428
 0.330000 -6.916977836710325
 0.340000 -7.593180152786687
 0.350000 -8.523730039856492
 0.360000 -9.458846906657966
 0.370000 -10.756874383269906
 0.380000 -12.079597336114677
 0.390000 -13.411578413410542
 0.400000 -14.646919822154073
 0.410000 -15.789319882890808
 0.420000 -16.922833003337608
 0.430000 -18.073661755996792
 0.440000 -19.13957269470673
 0.450000 -20.328165199127156
 0.460000 -21.439642963135373
 0.470000 -22.538291223029205
 0.480000 -23.639221035583695
 0.490000 -24.732211193486847
 0.500000 -25.730970489576638
 0.510000 -26.68216814619657
 0.520000 -27.920861092712173
 0.530000 -29.414342643645195
 0.540000 -30.661053592577908
 0.550000 -32.13153304267325
 0.560000 -33.899908182613174
 0.570000 -35.323625461408966
 0.580000 -37.753166279480425
 0.590000 -41.13546638466161
 0.600000 -44.87104931934522
 0.610000 -48.82998971546637
 0.620000 -52.148110518690046
 0.630000 -54.89956277004833
 0.640000 -57.08401510202376
 0.650000 -56.19845484931264
 0.660000 -54.293859528758325
 0.670000 -51.643190677591335
 0.680000 -48.750830154426815
 0.690000 -45.59922861119454
 0.700000 -42.37497967212937
 0.710000 -39.14583595551255
 0.720000 -35.96139510477381
 0.730000 -32.842805216753845
 0.740000 -29.80290443443763
 0.750000 -26.835620621682477
 0.760000 -23.91996372980181
 0.770000 -21.02896517163322
 0.780000 -18.129655917954416
 0.790000 -15.285088964930154
 0.800000 -12.45326454098221
 0.810000 -9.583222679813955
 0.820000 -6.647016555661914
 0.830000 -3.6310468700576024
 0.840000 -0.5387551358751393
 0.850000 2.6201387974333135
 0.860000 5.817704808150136
 0.870000 9.034635771567059
 0.880000 12.252558628278864
 0.890000 15.456947526027031
 0.900000 18.63550723279972
 0.910000 21.76819506692379
 0.920000 24.867428388114252
 0.930000 27.93019659059007
 0.940000 31.000499488666552
 0.950000 34.09955396848792
 0.960000 37.15185347035411
 0.970000 40.043495399772326
 0.980000 42.84565140776338
 0.990000 45.885661833823185
 1.000000 48.6063706639906
 1.010000 51.042515141541315
 1.020000 53.65250047706307
 1.030000 55.97990482207415
 1.040000 58.42872602696146
 1.050000 60.976557140698056
 1.060000 63.43997044531071
 1.070000 65.73386178602314
 1.080000 66.50496162184436
 1.090000 67.36284234114947
 1.100000 68.16807992977705
 1.110000 68.86428653845681
 1.120000 69.43836661563194
 1.130000 69.55828523291662
 1.140000 69.37612342232514
 1.150000 69.40043703286324
