0.0 1.15 1.0
Linear 1 explicit
 0.000000 -0.682
 0.010000 0.31335737486342274
 0.020000 -0.8686478422131739
 0.030000 0.013941098703776479
 0.040000 1.2244558776607897
 0.050000 2.142461126516328
 0.060000 2.8858786746608645
 0.070000 3.545774279317092
 0.080000 4.1392670285054205
 0.090000 4.754248392205319
 0.100000 5.363363494692471
 0.110000 4.232930253213728
 0.120000 3.3609081801871916
 0.130000 3.980897911072052
 0.140000 3.2438214484894075
 0.150000 4.204759679537952
 0.160000 5.2924748030871465
 0.170000 4.757086838025406
 0.180000 5.6755145811469205
 0.190000 6.97158679561187
 0.200000 8.289588373001816
 0.210000 9.534561799657194
 0.220000 10.714779963212347
 0.230000 11.827993162392115
 0.240000 12.846604498620355
 0.250000 13.66913748515045
 0.260000 14.451860267936343
 0.270000 15.108034585306621
 0.280000 15.69372421594467
 0.290000 16.276644656647555
 0.300000 16.963076989430142
 0.310000 17.37422517207312
 0.320000 17.69899628833255
 0.330000 18.280606655019746
 0.340000 18.82158257526297
 0.350000 19.258319610987595
 0.360000 20.123301270230815
 0.370000 19.452587738863567
 0.380000 18.52272666985903
 0.390000 17.54137115499957
 0.400000 16.673427981813607
 0.410000 17.084926549899773
 0.420000 17.69347949380233
 0.430000 18.659850046784726
 0.440000 19.485025829060955
 0.450000 19.92580940240839
 0.460000 20.58139979307651
 0.470000 21.43687326636785
 0.480000 22.38648448231857
 0.490000 23.36705370515542
 0.500000 24.23301092527439
 0.510000 24.987696631945578
 0.520000 25.70848911088795
 0.530000 26.295845728696193
 0.540000 26.54517051389754
 0.550000 27.38088530585572
 0.560000 29.213404198000344
 0.570000 31.4643886821322
 0.580000 31.865576751042305
 0.590000 32.59556648793719
 0.600000 33.47562662329122
 0.610000 34.249379716466514
 0.620000 34.72577849235389
 0.630000 34.45819376065332
 0.640000 33.61625001226267
 0.650000 38.87824755694674
 0.660000 43.65572570243065
 0.670000 45.450587847211104
 0.680000 47.055062998079116
 0.690000 47.00282044874296
 0.700000 46.27001321230903
 0.710000 45.041668058729925
 0.720000 43.59806196256253
 0.730000 42.03896273292861
 0.740000 40.244701057503946
 0.750000 38.2144057627204
 0.760000 36.0125978335354
 0.770000 33.678824768861894
 0.780000 31.238546540753905
 0.790000 28.70641515843269
 0.800000 26.064284717313623
 0.810000 23.323826059973428
 0.820000 20.499646108823583
 0.830000 17.612088122935354
 0.840000 14.686763879545508
 0.850000 11.733331544482311
 0.860000 8.770750743911638
 0.870000 5.806957404315851
 0.880000 2.8412745563786825
 0.890000 -0.1730248580570481
 0.900000 -3.246517775702037
 0.910000 -6.4295832560063655
 0.920000 -9.760072417156675
 0.930000 -13.260969446415798
 0.940000 -17.04734077955297
 0.950000 -21.218168889841056
 0.960000 -25.69761367271428
 0.970000 -29.84165521679747
 0.980000 -34.356327734339246
 0.990000 -38.91937836216654
 1.000000 -44.211644649147836
 1.010000 -49.94510952915916
 1.020000 -55.74977854060014
 1.030000 -62.09911665141408
 1.040000 -66.9110115527898
 1.050000 -71.56036471237927
 1.060000 -76.12675202421065
 1.070000 -80.50696167442094
 1.080000 -83.66521311252144
 1.090000 -86.92569910483306
 1.100000 -90.07443069711337
 1.110000 -92.86224400213486
 1.120000 -95.06790036734144
 1.130000 -97.00885690172007
 1.140000 -98.57646235322957
 1.150000 -99.82512778788227
