0.0 1.15 1.0
Linear 1 explicit
 0.000000 -0.849
 0.010000 -1.694640626719595
 0.020000 -2.183655349725426
 0.030000 -2.470822840133295
 0.040000 -2.585717690277202
 0.050000 -2.5305719085475915
 0.060000 -2.398410383928311
 0.070000 -2.212045381020387
 0.080000 -1.847583145759103
 0.090000 -1.4671405286432335
 0.100000 -1.040793306734049
 0.110000 -1.1606751114406675
 0.120000 -1.6667581144027004
 0.130000 -2.053957723099711
 0.140000 -2.6958799177027206
 0.150000 -3.3780596149501982
 0.160000 -3.6312700622688037
 0.170000 -3.7636290746208108
 0.180000 -4.1816390856373165
 0.190000 -4.69598784717769
 0.200000 -5.2084657558282235
 0.210000 -5.792273681089542
 0.220000 -6.3524664728671025
 0.230000 -6.870443509599815
 0.240000 -7.294779969207411
 0.250000 -7.51108270041585
 0.260000 -7.617190285608509
 0.270000 -7.319110022015228
 0.280000 -7.064939668671868
 0.290000 -6.303559160584122
 0.300000 -5.354583323800069
 0.310000 -4.520898460730849
 0.320000 -3.214446061754069
 0.330000 -2.1737848409845717
 0.340000 -0.7522667575361871
 0.350000 0.43148743918312843
 0.360000 1.4440531945845712
 0.370000 2.4843620684571053
 0.380000 3.475583124733566
 0.390000 4.439263655139181
 0.400000 5.212618743475437
 0.410000 6.11936872944464
 0.420000 7.04822470054175
 0.430000 7.929821797533753
 0.440000 9.05077116553456
 0.450000 10.512242707303823
 0.460000 11.576056502720112
 0.470000 12.459529793412873
 0.480000 13.276621717652064
 0.490000 14.024121974701961
 0.500000 14.539353972049376
 0.510000 14.96846899959679
 0.520000 15.53104166823031
 0.530000 16.1941858380483
 0.540000 17.27910754281884
 0.550000 18.10419416761784
 0.560000 18.831511543177047
 0.570000 19.742455263766303
 0.580000 20.402444954476838
 0.590000 20.661911330613314
 0.600000 20.738144632477322
 0.610000 20.740455188000997
 0.620000 20.25726781207168
 0.630000 19.417017782955668
 0.640000 18.382825282517445
 0.650000 15.852105075154105
 0.660000 12.903546589877694
 0.670000 9.808871985766068
 0.680000 6.659079665586061
 0.690000 3.520825335463348
 0.700000 0.4366506369730093
 0.710000 -2.563099529584521
 0.720000 -5.327100841071684
 0.730000 -8.00627621847743
 0.740000 -10.57739916358161
 0.750000 -13.029066730627994
 0.760000 -15.370262197366054
 0.770000 -17.621568473339966
 0.780000 -19.811192886952032
 0.790000 -21.884819560633268
 0.800000 -23.879080847766744
 0.810000 -25.846996914166375
 0.820000 -27.823026830583125
 0.830000 -29.82728571139932
 0.840000 -31.86378918628067
 0.850000 -33.92847587368295
 0.860000 -36.03066440495886
 0.870000 -38.14066861150123
 0.880000 -40.235654321858284
 0.890000 -42.297596688876794
 0.900000 -44.31023339491587
 0.910000 -46.24316664916601
 0.920000 -48.12338007532301
 0.930000 -49.938392629172185
 0.940000 -51.7088114213115
 0.950000 -53.33752124855371
 0.960000 -54.85975737028334
 0.970000 -56.2458680356453
 0.980000 -57.526890122565426
 0.990000 -59.121658658550515
 1.000000 -60.28943608970342
 1.010000 -61.18612866381174
 1.020000 -62.45520792788825
 1.030000 -63.40233211182613
 1.040000 -64.68844760169948
 1.050000 -66.08858614212359
 1.060000 -67.48972464081643
 1.070000 -68.845628531188
 1.080000 -70.68817773609877
 1.090000 -72.53225298809255
 1.100000 -74.29069658183549
 1.110000 -75.92213495751348
 1.120000 -77.3635302245554
 1.130000 -78.01447915040417
 1.140000 -78.30237241584777
 1.150000 -79.00151893547735
