0.0 1.15 1.0
Linear 4 explicit
 0.000000 -0.031534891797824996 0.9925393878769341 0.11777569406367534 92.98280152562373
 0.010000 -0.03021883347254709 0.9928070466503205 0.1158489975141216 92.59551698577192
 0.020000 -0.029058040232894825 0.9931651346030375 0.11304267206127863 92.16649817254925
 0.030000 -0.028209710460306913 0.9935294932572311 0.11001526377633022 91.66629819475803
 0.040000 -0.02769994838467396 0.9939783429392611 0.10601776562070586 91.21040974464088
 0.050000 -0.027579927100828863 0.9944595196030479 0.10143772223383257 90.75245738380737
 0.060000 -0.02777581460155185 0.994953168389321 0.09641937997763579 90.29067194230147
 0.070000 -0.02829137067825251 0.9954442989626475 0.09105078806857728 89.82639530056034
 0.080000 -0.028974515214906002 0.9958829697412351 0.0858928870596357 89.29900682861908
 0.090000 -0.030334194756777007 0.9962791934370854 0.08066973009009336 88.87872827444428
 0.100000 -0.032174474359949155 0.9966402746102314 0.07531909601491059 88.46860317594486
 0.110000 -0.03771587745510061 0.9966902044519296 0.07201492162991364 88.8286543410213
 0.120000 -0.046512248889063024 0.9966662451250996 0.06702989282041745 89.21453713140788
 0.130000 -0.05691913019365174 0.9965192040236239 0.06090721328480773 89.5870506989617
 0.140000 -0.06821903647169457 0.9961929938130909 0.0542741387825252 89.9580833677343
 0.150000 -0.07987549748351484 0.9956768110451284 0.04740878451051804 90.3293627772274
 0.160000 -0.0914083872161665 0.9949972696982736 0.04031054501641459 90.72643646955541
 0.170000 -0.10082897873031653 0.9944329133740153 0.03060551987255609 90.32136217378486
 0.180000 -0.11184505462382062 0.9934622111717918 0.022880531677580692 90.66060888991773
 0.190000 -0.12270126247030937 0.9923261593144304 0.015270681990797707 90.9161410717567
 0.200000 -0.1337090451510681 0.9909871123549355 0.008150729489807114 91.320994274395
 0.210000 -0.1443772554156976 0.9895226914705385 -2.262377769614571E-4 91.1184671804403
 0.220000 -0.15501923926245145 0.9878722126028731 -0.008804943247693051 90.87786696792676
 0.230000 -0.1656662545520226 0.986050149227355 -0.016118167123322247 91.1159283883396
 0.240000 -0.17463037361104594 0.9843087676725113 -0.02530775563910357 90.84922006074511
 0.250000 -0.18448161597303808 0.9823074089775163 -0.03222867722781911 91.222161790772
 0.260000 -0.1943332765657021 0.9801760052050167 -0.038595031280896974 91.65737194579566
 0.270000 -0.20440998214138995 0.9778672843208139 -0.04463332226031524 92.11473664103697
 0.280000 -0.21457624316804522 0.9753095337473404 -0.052233602684798305 91.97979540693497
 0.290000 -0.22332041853167106 0.9728067357877034 -0.061441398689423575 91.74424183059404
 0.300000 -0.23315966517740544 0.970046655617542 -0.0681619869104635 92.13501000105354
 0.310000 -0.24161032186672252 0.9672818004362075 -0.07739748647305997 91.96078146566971
 0.320000 -0.25102717339207103 0.9643157365790388 -0.08414581632388508 92.35662654541463
 0.330000 -0.26026848519860896 0.9613031193288446 -0.09031405417239687 92.80813075507241
 0.340000 -0.2700904662824149 0.9578291154065461 -0.09805368785956514 92.71577090082472
 0.350000 -0.2795933188340171 0.9542034925498512 -0.10641085879291463 92.57033123769907
 0.360000 -0.28873514423774765 0.9507652021254683 -0.11259461314523297 92.98473591999064
 0.370000 -0.29676736118667085 0.9472467474915461 -0.12104847252645141 92.80157512756394
 0.380000 -0.3051698236612776 0.9437753415060028 -0.12711995709475588 93.25531264249747
 0.390000 -0.3138524827443338 0.9401746825906482 -0.1325450311810729 93.74245331041645
 0.400000 -0.32281152512785216 0.9364029744695149 -0.137630623951485 94.25259685654513
 0.410000 -0.3320123097057066 0.9323402788327143 -0.1432111401742845 94.55856274324339
 0.420000 -0.3413372331042141 0.9278443233193143 -0.15031235804445076 94.53764627726204
 0.430000 -0.34924408423686737 0.9241837649713879 -0.15463808776903004 94.9842531938285
 0.440000 -0.3580173256206361 0.9201633247853979 -0.15850252450774927 95.4637576933501
 0.450000 -0.36636451883833504 0.9163315227561394 -0.16159696698815235 96.00533615343811
 0.460000 -0.37395026182306307 0.9127981021977724 -0.1641975222304149 96.58601656458283
 0.470000 -0.3811992265802535 0.9093920742996505 -0.16641275448593332 97.16997658875455
 0.480000 -0.3884382386141808 0.9059675682579355 -0.16834042903330135 97.71134324515467
 0.490000 -0.3954431660600344 0.9026029580966815 -0.17009586253503137 98.29559826992565
 0.500000 -0.40251565812527507 0.8991628096700749 -0.17171891762468483 98.89142605311336
 0.510000 -0.4096387275122772 0.8956558254215274 -0.17319571389213007 99.5017576940601
 0.520000 -0.41689179595779585 0.8920335015267045 -0.1745779557020023 100.12244389581467
 0.530000 -0.42422585580991173 0.8883349049029698 -0.17576552561119493 100.75386477433827
 0.540000 -0.4315298204818953 0.8845507949888224 -0.17706469190526242 101.379189941253
 0.550000 -0.4385462740936715 0.8808721066018133 -0.17816143603328446 102.00054542078456
 0.560000 -0.4443700655329733 0.8776313601849465 -0.1797176687978726 102.54719606798776
 0.570000 -0.44998896166937313 0.8744257608286504 -0.1813546888695061 103.09603754268603
 0.580000 -0.455303057611325 0.8714005473517992 -0.1826477807277254 103.64782567883985
 0.590000 -0.46015220823138386 0.8686707066535599 -0.18349699905389713 104.19282535870462
 0.600000 -0.4629962195385377 0.867133883911249 -0.18361189521927687 104.65839404324606
 0.610000 -0.46473613856127655 0.8662948236695404 -0.18317641769210868 105.093245149216
 0.620000 -0.46630070206411944 0.8656512664199683 -0.1822403363693516 105.54359698166019
 0.630000 -0.4676315703970957 0.8652054556395532 -0.18094262598818234 105.99443612852562
 0.640000 -0.4687278721381252 0.8649396566466625 -0.1793699312616782 106.44295723780712
 0.650000 -0.46954042087881476 0.8648769300972211 -0.17753785215145523 106.88751159620418
 0.660000 -0.4701866193190068 0.8649391026398929 -0.17551322382618423 107.33229705005368
 0.670000 -0.4705321013366671 0.8651845168344737 -0.17336462569278296 107.7676183575097
 0.680000 -0.47060990806000963 0.8655944434048727 -0.17109229667743042 108.19732252092388
 0.690000 -0.47041628242187244 0.8661571139260535 -0.1687612965927754 108.61863415853186
 0.700000 -0.46999361814941915 0.8668424386258351 -0.16640368233916333 109.03338753468465
 0.710000 -0.4693891728299177 0.8676191126279028 -0.1640453590712523 109.44328335590073
 0.720000 -0.4668278366752951 0.8695504497930991 -0.16110178822621143 109.78271149459998
 0.730000 -0.46356855977663475 0.8718463536682443 -0.1580763296069449 110.10330168960621
 0.740000 -0.46023128433550664 0.8741536418465119 -0.15505668436210793 110.38312918970816
 0.750000 -0.4569550165216384 0.8763842928518104 -0.15212719716849246 110.71178216272988
 0.760000 -0.4539585749387299 0.8784232275969607 -0.14931257635489276 111.06045639782356
 0.770000 -0.45128015441702485 0.8802531372618732 -0.14663095365568715 111.42487457601403
 0.780000 -0.4489029534553322 0.8818904048312581 -0.14406752668675762 111.80256027476366
 0.790000 -0.4457974069872193 0.883971709003309 -0.14092086291688913 112.17502510995789
 0.800000 -0.4422054362478308 0.8863456110387954 -0.13728004204956368 112.55038378392301
 0.810000 -0.4382457822342913 0.8889195990642379 -0.133276332307461 112.9282998018417
 0.820000 -0.4341371489670464 0.8915770166632178 -0.1289005789152273 113.27480404412468
 0.830000 -0.4298005501052068 0.8943241240204759 -0.1243215521310368 113.66456643059992
 0.840000 -0.425349471577655 0.8970978841859771 -0.11955422710072988 114.06822000958067
 0.850000 -0.4207975887545421 0.8998817659734376 -0.11463941977736358 114.48213352602741
 0.860000 -0.4162449168124429 0.9026290714380921 -0.10954874998196051 114.91144672610955
 0.870000 -0.4116065209746495 0.9053718266866837 -0.10431647680574202 115.35046426707983
 0.880000 -0.4070721350495104 0.9080211285306132 -0.09894395892738826 115.80746676631946
 0.890000 -0.402635552090377 0.9105768474106667 -0.09345810372850942 116.2801163420196
 0.900000 -0.3983128861956622 0.9130306700355312 -0.08787400221311409 116.76830278306916
 0.910000 -0.3941364046872936 0.9153679791351331 -0.08220679579108138 117.2724865400246
 0.920000 -0.3901257060516721 0.9175795701240301 -0.07648310904169899 117.79188034899663
 0.930000 -0.3863100618175564 0.9196548090835112 -0.07070762524711427 118.32716320821623
 0.940000 -0.38234212077067137 0.9217558799884321 -0.06465756252238787 118.8778227747948
 0.950000 -0.379046145894047 0.9235276607341747 -0.058486572319910356 119.42162817914725
 0.960000 -0.37610321388850965 0.9250924114483192 -0.05244428265757516 120.0094879082768
 0.970000 -0.37289668164052614 0.9267054157156001 -0.04653103593152413 120.59200037592593
 0.980000 -0.37028405060887093 0.9280239358343629 -0.040759003706977305 121.19686903599188
 0.990000 -0.3681287087617749 0.9291126013109865 -0.03508600676224221 121.81520068587575
 1.000000 -0.3664631746389034 0.9299632790174088 -0.029547272509755196 122.44626745303039
 1.010000 -0.36525616240012937 0.9305929565521021 -0.02418026146152858 123.08443563808574
 1.020000 -0.3644545299481382 0.9310315715005203 -0.018791180632233912 123.73954395721786
 1.030000 -0.36405874033725105 0.9312733938107709 -0.013823876598946223 124.38465953160838
 1.040000 -0.36284153570362143 0.9318111437788875 -0.008603040027747843 125.02970097062168
 1.050000 -0.3618782667798394 0.9322183613172129 -0.0036120431156854917 125.67839888606329
 1.060000 -0.36130560757064056 0.9324468052740802 0.0011014863465917217 126.32579651793733
 1.070000 -0.36113971301787545 0.9324953102056222 0.0055320995912104395 126.97242972245652
 1.080000 -0.3609413824991436 0.9325363980820125 0.009858227621297542 127.61891861186479
 1.090000 -0.3613361481493989 0.9323351027258281 0.01369102866023162 128.25620228261934
 1.100000 -0.3625790981754625 0.9317973408655192 0.017032707424704075 128.88821696780653
 1.110000 -0.3647329258663374 0.9309013262870875 0.019814477180139792 129.5103264926643
 1.120000 -0.3675784959688273 0.9297356973581259 0.02185365780124808 130.10571817556493
 1.130000 -0.3708966201352406 0.928380423720057 0.023355642265251445 130.68657751839626
 1.140000 -0.3746106311844121 0.9268567246206569 0.02456597299282417 131.26520098870992
 1.150000 -0.3788524835448768 0.9250957440148186 0.02585846317065137 131.86502483300987
