0.0 1.15 1.0
Linear 1 explicit
 0.000000 0.0
 0.010000 -1.0000000000555054
 0.020000 -0.9999999999151806
 0.030000 -0.999999999903399
 0.040000 -1.0000000000514877
 0.050000 -1.00000000021988
 0.060000 -1.000000000243678
 0.070000 -0.9999999998596659
 0.080000 -1.0000000000843843
 0.090000 -1.000000000230726
 0.100000 -0.9999999998625579
 0.110000 -0.9999999999380559
 0.120000 -0.9999999999539316
 0.130000 -1.0000000001119664
 0.140000 -0.9999999999319754
 0.150000 -0.9999999999152737
 0.160000 -0.9999999995727988
 0.170000 -1.0000000000974958
 0.180000 -0.9999999999083694
 0.190000 -1.0000000001218026
 0.200000 -0.9999999999299277
 0.210000 -0.9999999999403552
 0.220000 -1.0000000000137794
 0.230000 -0.9999999999274398
 0.240000 -0.9999999999973246
 0.250000 -1.000000000116312
 0.260000 -0.9999999999974638
 0.270000 -1.0000000002392164
 0.280000 -1.0000000002211251
 0.290000 -0.9999999994333227
 0.300000 -1.0000000002902139
 0.310000 -0.9999999999824621
 0.320000 -1.0000000001627638
 0.330000 -0.9999999997807559
 0.340000 -1.0000000000874991
 0.350000 -1.0000000001851288
 0.360000 -1.0000000000742222
 0.370000 -0.9999999998208441
 0.380000 -1.0000000000437008
 0.390000 -0.9999999995056704
 0.400000 -1.0000000004214729
 0.410000 -0.9999999998849908
 0.420000 -1.0000000007934347
 0.430000 -1.000000000241791
 0.440000 -1.0000000003296277
 0.450000 -0.9999999993721278
 0.460000 -0.999999999553933
 0.470000 -0.9999999995146889
 0.480000 -0.9999999999730093
 0.490000 -0.9999999992020908
 0.500000 -0.9999999998757523
 0.510000 -1.00000000053774
 0.520000 -1.0000000001435936
 0.530000 -0.9999999999996524
 0.540000 -0.9999999997827517
 0.550000 -0.9999999996760418
 0.560000 -0.9999999992966289
 0.570000 -0.9999999994960499
 0.580000 -0.9999999996748878
 0.590000 -0.999999999849413
 0.600000 -0.9999999987798402
 0.610000 -1.000000001331496
 0.620000 -0.9999999986860482
 0.630000 -0.9999999995734097
 0.640000 -1.0000000018827735
 0.650000 -0.999999999805581
 0.660000 -1.0000000004696101
 0.670000 -1.0000000022553053
 0.680000 -1.0000000002107687
 0.690000 -1.000000000220137
 0.700000 -0.9999999999654555
 0.710000 -0.9999999999702018
 0.720000 -0.9999999989141314
 0.730000 -1.0000000004989658
 0.740000 -1.000000000770549
 0.750000 -0.9999999994544574
 0.760000 -0.9999999999436044
 0.770000 -1.000000000119161
 0.780000 -1.000000000302298
 0.790000 -0.9999999997230755
 0.800000 -1.0000000000037577
 0.810000 -0.9999999997190104
 0.820000 -1.000000000012903
 0.830000 -1.000000000930108
 0.840000 -0.9999999999400103
 0.850000 -0.9999999993466729
 0.860000 -0.9999999989906853
 0.870000 -0.9999999990454942
 0.880000 -1.0000000007489354
 0.890000 -0.9999999992898672
 0.900000 -0.9999999994399533
 0.910000 -0.9999999998995981
 0.920000 -0.999999999659482
 0.930000 -1.0000000016696933
 0.940000 -1.0000000015361372
 0.950000 -1.0000000015953237
 0.960000 -0.9999999997478071
 0.970000 -1.0000000016256574
 0.980000 -1.0000000009091876
 0.990000 -0.9999999997400647
 1.000000 -0.9999999977083588
 1.010000 -1.0000000012256358
 1.020000 -1.0000000006198146
 1.030000 -0.9999999999128584
 1.040000 -0.9999999985316805
 1.050000 -1.000000000936856
 1.060000 -1.000000001267345
 1.070000 -1.000000001174076
 1.080000 -0.9999999997165062
 1.090000 -0.9999999990331548
 1.100000 -0.9999999984485959
 1.110000 -1.000000000598794
 1.120000 -1.0000000001080942
 1.130000 -1.0000000004979712
 1.140000 -1.0000000000944582
 1.150000 -0.999999998206594
