0.0 1.15 1.0
Linear 1 explicit
 0.000000 0.0
 0.010000 -1.0000000000034122
 0.020000 -0.9999999999981034
 0.030000 -0.9999999999961936
 0.040000 -1.000000000001275
 0.050000 -0.9999999999984833
 0.060000 -0.9999999999997523
 0.070000 -0.9999999999995346
 0.080000 0.9999999999998377
 0.090000 -1.0000000000069962
 0.100000 -0.9999999999997615
 0.110000 -0.9999999999960489
 0.120000 0.9999999999931765
 0.130000 -1.0000000000004274
 0.140000 1.0000000000029643
 0.150000 1.0000000000047053
 0.160000 1.0000000000002114
 0.170000 -0.9999999999915639
 0.180000 0.9999999999982397
 0.190000 1.0000000000029865
 0.200000 1.0000000000002944
 0.210000 1.0000000000062645
 0.220000 0.9999999999992745
 0.230000 1.0000000000017777
 0.240000 0.9999999999933159
 0.250000 1.0000000000028813
 0.260000 1.0000000000030216
 0.270000 0.9999999999993179
 0.280000 -1.0000000000042955
 0.290000 1.0000000000233844
 0.300000 0.9999999999926724
 0.310000 -0.999999999996485
 0.320000 0.9999999999991249
 0.330000 0.9999999999913389
 0.340000 0.9999999999996813
 0.350000 1.0000000000025537
 0.360000 0.9999999999826116
 0.370000 1.000000000013377
 0.380000 1.0000000000140714
 0.390000 0.9999999999944787
 0.400000 1.0000000000085931
 0.410000 0.9999999999920692
 0.420000 0.9999999999954688
 0.430000 1.0000000000047318
 0.440000 0.9999999999895548
 0.450000 1.000000000008901
 0.460000 0.9999999999964474
 0.470000 1.0000000000012308
 0.480000 0.9999999999857052
 0.490000 1.0000000000031555
 0.500000 0.9999999999929535
 0.510000 0.9999999999778942
 0.520000 0.9999999999997918
 0.530000 1.0000000000009566
 0.540000 1.0000000000174882
 0.550000 0.9999999999916986
 0.560000 1.0000000000098868
 0.570000 1.0000000000355171
 0.580000 1.000000000025623
 0.590000 0.9999999999990772
 0.600000 1.0000000000548765
 0.610000 0.9999999999953594
 0.620000 1.00000000004497
 0.630000 0.9999999999871562
 0.640000 0.9999999999688642
 0.650000 1.0000000000132987
 0.660000 0.9999999999611522
 0.670000 0.9999999999691164
 0.680000 0.9999999999905905
 0.690000 0.9999999999845974
 0.700000 0.9999999999584087
 0.710000 0.9999999999835916
 0.720000 1.0000000000267886
 0.730000 -0.9999999999967264
 0.740000 -1.0000000000125147
 0.750000 -1.0000000000151437
 0.760000 -0.9999999999738404
 0.770000 -0.9999999999634144
 0.780000 -0.9999999999542459
 0.790000 -1.000000000000107
 0.800000 -1.0000000000204798
 0.810000 -0.9999999999514777
 0.820000 -0.9999999999667698
 0.830000 -1.0000000000326459
 0.840000 -1.0000000000103608
 0.850000 -0.9999999999823174
 0.860000 -0.9999999999979237
 0.870000 -1.0000000000511253
 0.880000 -1.0000000000158689
 0.890000 -1.000000000002782
 0.900000 -0.9999999999909742
 0.910000 -1.0000000000344713
 0.920000 -0.9999999999439801
 0.930000 -1.0000000000117502
 0.940000 -1.0000000000414129
 0.950000 -1.000000000054724
 0.960000 -1.000000000033269
 0.970000 -1.0000000000469509
 0.980000 -1.0000000000205176
 0.990000 -1.0000000000618299
 1.000000 -1.0000000000208094
 1.010000 -1.000000000010568
 1.020000 -0.9999999999821773
 1.030000 -1.0000000000023266
 1.040000 -1.0000000000054283
 1.050000 -1.0000000000378781
 1.060000 -0.9999999999720348
 1.070000 -0.9999999999264233
 1.080000 -1.0000000000088747
 1.090000 -0.9999999999780654
 1.100000 -1.0000000000184128
 1.110000 -1.0000000000972304
 1.120000 -0.9999999999928161
 1.130000 -1.0000000000210905
 1.140000 -0.9999999999706125
 1.150000 -1.000000000027828
