0.0 1.15 1.0
Linear 1 explicit
 0.000000 0.0
 0.010000 -1.0000000000315648
 0.020000 -1.0000000001197182
 0.030000 -1.0000000000158205
 0.040000 -0.9999999999386427
 0.050000 -0.9999999997948195
 0.060000 -1.000000000059556
 0.070000 -1.0000000000211084
 0.080000 -1.0000000001689344
 0.090000 -0.9999999998193562
 0.100000 -0.999999999986982
 0.110000 -1.0000000000341138
 0.120000 -0.9999999999754321
 0.130000 -1.0000000000245406
 0.140000 -0.9999999999926714
 0.150000 -0.9999999999624875
 0.160000 -1.000000000098257
 0.170000 -1.0000000000482991
 0.180000 -0.9999999999713692
 0.190000 -0.9999999998987311
 0.200000 -0.9999999998650528
 0.210000 -0.9999999999368084
 0.220000 -0.9999999999659277
 0.230000 -1.0000000000593832
 0.240000 -0.9999999998409569
 0.250000 -1.0000000001053013
 0.260000 -0.9999999999274356
 0.270000 -1.000000000029161
 0.280000 -0.9999999999030486
 0.290000 -1.0000000005437886
 0.300000 -0.9999999997234824
 0.310000 -0.9999999998297945
 0.320000 -1.0000000000613345
 0.330000 -1.0000000000235003
 0.340000 -0.9999999999816267
 0.350000 -0.9999999994895116
 0.360000 -1.000000000451547
 0.370000 -0.9999999999780985
 0.380000 -0.9999999994989657
 0.390000 -1.0000000003316416
 0.400000 -1.0000000001970786
 0.410000 -0.9999999998886102
 0.420000 -1.000000000093282
 0.430000 -1.0000000001049796
 0.440000 -1.0000000001164453
 0.450000 -1.0000000000564215
 0.460000 -1.000000000210436
 0.470000 -0.9999999999125726
 0.480000 -0.9999999996780035
 0.490000 -0.9999999996482746
 0.500000 -0.999999999723123
 0.510000 -0.9999999999805561
 0.520000 -1.0000000000974052
 0.530000 -0.9999999993148062
 0.540000 -1.0000000007129823
 0.550000 -0.9999999999978922
 0.560000 -1.0000000010577206
 0.570000 -0.9999999989137492
 0.580000 -0.9999999992151435
 0.590000 -0.99999999805865
 0.600000 -0.9999999997322425
 0.610000 1.000000000847128
 0.620000 0.9999999986556586
 0.630000 1.0000000011515455
 0.640000 1.000000000330768
 0.650000 0.9999999998779073
 0.660000 1.0000000005380447
 0.670000 0.9999999994639455
 0.680000 0.9999999985062525
 0.690000 1.0000000007689867
 0.700000 0.9999999995518836
 0.710000 1.0000000002910276
 0.720000 0.9999999998414301
 0.730000 1.000000000189276
 0.740000 1.000000000386434
 0.750000 1.0000000006668692
 0.760000 0.9999999986609757
 0.770000 1.0000000012820334
 0.780000 0.9999999987976804
 0.790000 0.9999999996117662
 0.800000 1.0000000017658885
 0.810000 0.9999999999294998
 0.820000 0.9999999994922466
 0.830000 1.0000000011173122
 0.840000 1.0000000010781245
 0.850000 1.0000000009713124
 0.860000 0.9999999972739815
 0.870000 0.9999999997062313
 0.880000 1.0000000021287854
 0.890000 1.0000000018518755
 0.900000 1.0000000015789225
 0.910000 1.0000000007881107
 0.920000 0.9999999998489807
 0.930000 0.9999999975338297
 0.940000 0.9999999990288619
 0.950000 0.9999999997471755
 0.960000 0.9999999997972026
 0.970000 0.9999999982944443
 0.980000 0.9999999999389556
 0.990000 1.0000000007162997
 1.000000 -1.0000000011572738
 1.010000 -0.9999999992641532
 1.020000 -1.0000000006096705
 1.030000 -0.9999999976414962
 1.040000 -0.9999999999178413
 1.050000 -0.9999999995030039
 1.060000 -1.0000000011415586
 1.070000 -0.999999999695351
 1.080000 -1.0000000006027672
 1.090000 -0.9999999997821212
 1.100000 -0.9999999999288737
 1.110000 -0.9999999987457602
 1.120000 -0.999999999074005
 1.130000 -0.9999999996347764
 1.140000 -0.9999999980311703
 1.150000 -1.0000000001331837
