0.0 1.15 1.0
Linear 1 explicit
 0.000000 0.0
 0.010000 -1.0000000000506464
 0.020000 -0.9999999999469401
 0.030000 -1.0000000000486073
 0.040000 -1.000000000005038
 0.050000 -1.0000000000136826
 0.060000 -1.000000000018488
 0.070000 -0.999999999964834
 0.080000 -1.0000000001914433
 0.090000 -0.9999999999613501
 0.100000 -1.0000000000927298
 0.110000 1.000000000004741
 0.120000 0.9999999999997747
 0.130000 0.999999999937285
 0.140000 1.000000000009153
 0.150000 0.9999999999852229
 0.160000 1.0000000000288358
 0.170000 -0.9999999999413903
 0.180000 0.9999999998796587
 0.190000 1.0000000000005793
 0.200000 0.9999999998751972
 0.210000 1.000000000048967
 0.220000 0.9999999999774294
 0.230000 0.9999999999949307
 0.240000 -0.9999999998818314
 0.250000 1.0000000000913698
 0.260000 1.000000000342692
 0.270000 1.0000000000220777
 0.280000 0.9999999999517517
 0.290000 -1.000000000015761
 0.300000 0.9999999999583841
 0.310000 -0.9999999999767246
 0.320000 0.9999999999160704
 0.330000 1.0000000000376705
 0.340000 1.0000000000794345
 0.350000 0.9999999997773131
 0.360000 1.0000000005496046
 0.370000 -1.000000000079814
 0.380000 0.9999999998427719
 0.390000 0.9999999998238319
 0.400000 0.9999999999406667
 0.410000 1.0000000004415297
 0.420000 0.9999999998662353
 0.430000 1.000000000328447
 0.440000 1.0000000003364222
 0.450000 1.0000000001193474
 0.460000 0.999999999461648
 0.470000 1.0000000000253095
 0.480000 1.0000000002178322
 0.490000 0.9999999998908545
 0.500000 1.0000000004024896
 0.510000 1.0000000000915166
 0.520000 1.000000000421937
 0.530000 0.9999999998094765
 0.540000 0.9999999993632825
 0.550000 1.0000000005602367
 0.560000 0.9999999991433373
 0.570000 0.999999999905391
 0.580000 1.0000000001601026
 0.590000 1.0000000000582585
 0.600000 1.0000000009622694
 0.610000 0.999999999922317
 0.620000 0.9999999997334511
 0.630000 0.9999999998267189
 0.640000 0.9999999991915131
 0.650000 0.9999999995220061
 0.660000 1.0000000004697676
 0.670000 0.9999999995154943
 0.680000 0.9999999997470634
 0.690000 1.0000000005892078
 0.700000 0.9999999999005699
 0.710000 1.000000000495801
 0.720000 1.0000000005547203
 0.730000 1.0000000011844712
 0.740000 0.9999999988549336
 0.750000 1.0000000002110552
 0.760000 0.9999999994837826
 0.770000 1.0000000004419476
 0.780000 0.9999999994188465
 0.790000 1.0000000001381684
 0.800000 1.0000000005585994
 0.810000 0.999999999711007
 0.820000 1.000000000291225
 0.830000 0.9999999991326488
 0.840000 0.9999999997027308
 0.850000 1.0000000002938636
 0.860000 1.000000000067818
 0.870000 0.9999999998686311
 0.880000 0.999999999300007
 0.890000 0.9999999993821187
 0.900000 0.9999999997902839
 0.910000 0.9999999994554591
 0.920000 1.0000000000809026
 0.930000 1.0000000002665135
 0.940000 1.0000000000317926
 0.950000 0.9999999999235283
 0.960000 1.0000000001496518
 0.970000 0.9999999989572974
 0.980000 0.9999999999928514
 0.990000 0.9999999992801762
 1.000000 1.0000000006224363
 1.010000 0.9999999987257949
 1.020000 0.9999999992112426
 1.030000 0.9999999996977424
 1.040000 1.0000000016800445
 1.050000 0.9999999995548466
 1.060000 0.9999999999639112
 1.070000 0.999999999465962
 1.080000 1.00000000016098
 1.090000 0.9999999997442627
 1.100000 0.9999999984513999
 1.110000 1.0000000010594083
 1.120000 1.0000000002113196
 1.130000 1.0000000005293692
 1.140000 0.9999999997168436
 1.150000 1.0000000004032505
