0.0 1.15 1.0
Linear 4 explicit
 0.000000 -0.1314065157405418 0.9703726441418086 -0.20275418398189926 104.37387423151182
 0.010000 -0.13548339098623907 0.9690860696513465 -0.20619515119074777 103.93738450962618
 0.020000 -0.1408745584403822 0.9672564184869634 -0.21111461266335785 103.51968156661918
 0.030000 -0.14705702120473824 0.9650567893920712 -0.2168862046388764 103.12934020531841
 0.040000 -0.15338306777594865 0.9625300909100375 -0.2236279468500158 102.75821796885792
 0.050000 -0.16016421373774575 0.959760831549162 -0.23066549560311508 102.3992605792586
 0.060000 -0.1670611371572089 0.9568196269145488 -0.23787975534467826 102.0492324992525
 0.070000 -0.17400772562265954 0.9537415549611363 -0.2451496640094434 101.70611314209195
 0.080000 -0.17854483077105923 0.9518135501829234 -0.24934455898036675 101.32023797896832
 0.090000 -0.18428164854492657 0.9490962245656184 -0.2554537737534007 100.96175865565866
 0.100000 -0.19031678048334288 0.9460986171228192 -0.26206283548940035 100.61554549095894
 0.110000 -0.19629398005522639 0.9433681226524981 -0.2674420657959022 100.25450242802843
 0.120000 -0.1988987996783805 0.9428416172944447 -0.26737418009990305 99.79778231307543
 0.130000 -0.20222522835039702 0.9418759560049087 -0.268280898534482 99.34437102323012
 0.140000 -0.20331199366115144 0.9422051433022505 -0.2662962657798895 98.83363059972885
 0.150000 -0.20354324040193628 0.9430025329442753 -0.26328002610786977 98.29133897058473
 0.160000 -0.20323824133209534 0.9440120110653495 -0.259876009328663 97.72807356898493
 0.170000 -0.20498739537892785 0.9438237507356687 -0.25918505991475926 97.2058515460621
 0.180000 -0.20515919114272496 0.9444857376914241 -0.2566250135648303 96.65304555939176
 0.190000 -0.20492256590644758 0.9453589759462317 -0.25358065498024446 96.08876290500501
 0.200000 -0.2047700448649386 0.9462930112036787 -0.25019745337050353 95.52037313040712
 0.210000 -0.20457733067603703 0.9472513224701601 -0.24670437339455586 94.95192350147781
 0.220000 -0.20438356264912788 0.9482158247026723 -0.24313393243700293 94.38492561882111
 0.230000 -0.2042034533159304 0.9491795236476092 -0.23949776938824802 93.82012393960368
 0.240000 -0.20370884797111669 0.9501491023089776 -0.2360495470017352 93.25079924223213
 0.250000 -0.20359965726421136 0.950859549634493 -0.23326657804062872 92.707179139728
 0.260000 -0.20346713266003 0.9515428830143207 -0.2305802847424313 92.1635914600316
 0.270000 -0.20327942365638005 0.9522704376397672 -0.22772459137145507 91.61827755851955
 0.280000 -0.2053449143165628 0.9517761787876194 -0.22793764861637247 91.11656320827305
 0.290000 -0.20585507300117706 0.9520977437318363 -0.2261273431065483 90.58765466407141
 0.300000 -0.20598617926289953 0.9526894737652982 -0.2235004709826621 90.05043123617477
 0.310000 -0.20826461111234024 0.9520405976810649 -0.22415296590789646 89.55508814385718
 0.320000 -0.20898249082327716 0.9522246556391581 -0.22269827956718846 89.03248186973721
 0.330000 -0.20914677602516732 0.952664378758359 -0.22065404488299925 88.49785871405197
 0.340000 -0.20895130346644805 0.9532995347713077 -0.21808106241597539 87.95410677778695
 0.350000 -0.20844544368214518 0.954032416209175 -0.21534308865212526 87.40323879517955
 0.360000 -0.20775503484829602 0.9548485446624564 -0.21237255531535187 86.8487689734586
 0.370000 -0.20688682793253038 0.955684410649844 -0.20944008133324435 86.29187609104524
 0.380000 -0.20596115066559556 0.9565562581257672 -0.20634953224307206 85.73524537197186
 0.390000 -0.2050041379718301 0.9574313052435465 -0.20322056774368558 85.17986781238172
 0.400000 -0.20412666329895238 0.9582599084627217 -0.200175555858982 84.62890400645074
 0.410000 -0.20322742699179822 0.9590574383857787 -0.19724969656554994 84.08011368176109
 0.420000 -0.20232486590772236 0.9598135715914393 -0.19448022116479388 83.53409249586788
 0.430000 -0.20237601630418847 0.9603668015410558 -0.1916756492688863 83.01132899644722
 0.440000 -0.20202227048220436 0.9612689887235168 -0.18748048844528453 82.47087900966899
 0.450000 -0.20270732176978398 0.9619967455211688 -0.18295355505592395 81.95519663166391
 0.460000 -0.20392266060546696 0.9626043955041875 -0.17834888911233887 81.45403313207542
 0.470000 -0.20548288729801414 0.9631423715351225 -0.1735901932177379 80.96216618703255
 0.480000 -0.209162274245754 0.9625594139796958 -0.17242539717631128 80.51476739427132
 0.490000 -0.21299476192259162 0.96193541791315 -0.1712118078807412 80.06618071502614
 0.500000 -0.21704592866430464 0.9612575930089683 -0.16992617436067378 79.62277153267873
 0.510000 -0.22126410413723968 0.9605250651948173 -0.1686232349139254 79.18313967060651
 0.520000 -0.22546221575494382 0.9597261662358707 -0.16760809977166652 78.73505736439708
 0.530000 -0.23013568198030554 0.9587974340180394 -0.16656844959320183 78.29571846943239
 0.540000 -0.23564206806066906 0.9575884184260652 -0.16582290751388326 77.87543976053716
 0.550000 -0.24147505736036365 0.9562687612773294 -0.16504500258393434 77.46431482114144
 0.560000 -0.24697179345216205 0.9549195212619396 -0.16472292236325461 77.04967923511609
 0.570000 -0.25256909389485604 0.9534715570511513 -0.16462333584150426 76.63862606145591
 0.580000 -0.2583871778064072 0.9519394104625215 -0.16446101408390687 76.23279629362786
 0.590000 -0.2639142212657905 0.9505064689012582 -0.16397175485592846 75.8208367653696
 0.600000 -0.2704370245075769 0.9486612346750373 -0.16402950222542864 75.43146029595418
 0.610000 -0.2773912362308001 0.9465975926756354 -0.16433836923567316 75.05562472336887
 0.620000 -0.2843541494558384 0.9444652200387686 -0.1647063017141933 74.68315728813829
 0.630000 -0.29123027564901954 0.9422960561215562 -0.1651153208008182 74.31050512202513
 0.640000 -0.297927546753441 0.9401183069381451 -0.165580028521654 73.934826289682
 0.650000 -0.3039862449133081 0.9380874711577254 -0.16608509674383803 73.54452301920577
 0.660000 -0.30967172704493834 0.9361068366438934 -0.16675554520785313 73.1444328906985
 0.670000 -0.3151130114395011 0.9341358613078795 -0.16761259690165017 72.73758844057491
 0.680000 -0.32037989714645276 0.9321609869709413 -0.1686197374976876 72.32587925660279
 0.690000 -0.3255127291415287 0.9301660487051011 -0.1698016048309711 71.91046023100141
 0.700000 -0.3305598068101976 0.9281409291938056 -0.17112752460333167 71.49229086498212
 0.710000 -0.3355276649551146 0.9260835739787419 -0.1725989572869099 71.07203053016362
 0.720000 -0.33970403808443583 0.9242562150009721 -0.17421715053692327 70.63047217196214
 0.730000 -0.3451526420163032 0.9215549282956013 -0.1777812359144096 70.23947412957392
 0.740000 -0.3486835432820906 0.9187080820979168 -0.1854595549768567 70.15169129772134
 0.750000 -0.35499264892299176 0.9149610456579506 -0.1919023296866068 69.79343502497761
 0.760000 -0.36182233554676013 0.9108698263141174 -0.19849623928421775 69.43645990883812
 0.770000 -0.36897973292360586 0.906487383413964 -0.20526709527571554 69.09078322328975
 0.780000 -0.3763686362416111 0.9018401245702325 -0.21220518223826956 68.75520771450108
 0.790000 -0.3834824821712801 0.8972366732319139 -0.21887790677791452 68.4137425754286
 0.800000 -0.39040535210523397 0.8926303389666562 -0.22537688214158236 68.06815426056805
 0.810000 -0.3900038672782113 0.890682013965051 -0.23362905107712947 68.66463184275699
 0.820000 -0.3891742296805569 0.8887237634241301 -0.2423086694235184 69.30222788214515
 0.830000 -0.3950354473741735 0.8841212376821868 -0.24955286493487697 68.9785442172188
 0.840000 -0.4007608050493943 0.8795446356613047 -0.2564995341430157 68.59766597946363
 0.850000 -0.3993360809373323 0.8776652444302515 -0.26501776012335354 69.17322121515647
 0.860000 -0.4047668388788063 0.8728203208473276 -0.2726692018912777 68.84005810795328
 0.870000 -0.4068791257056672 0.8685422736764082 -0.2829906286469698 68.79213373216471
 0.880000 -0.4121689142465844 0.8631075460447455 -0.2918255473556234 68.42996042980249
 0.890000 -0.41755866004628045 0.857535227022486 -0.30046314222521225 68.05525329671755
 0.900000 -0.4228875761678823 0.8518803697618661 -0.3089756196486057 67.67874924167624
 0.910000 -0.42813728977135124 0.8461323792323536 -0.3174247279621398 67.3008893359708
 0.920000 -0.43278614029402435 0.8406225852257867 -0.3256529225689769 66.89944858508214
 0.930000 -0.4376825792761237 0.8347190511398113 -0.33418268276865104 66.5121922323656
 0.940000 -0.4428054288972723 0.8281243122668506 -0.34370550704296055 66.14896487136006
 0.950000 -0.448114721320862 0.8213458863714349 -0.35296477370447077 65.79881672712204
 0.960000 -0.45345437978861214 0.8144334624495331 -0.3620459372690022 65.45310269864912
 0.970000 -0.45781001325186305 0.8075884704920431 -0.37176720416767733 65.07234070135381
 0.980000 -0.46205904447294066 0.8007574996112228 -0.38116776652431605 64.69222527511772
 0.990000 -0.46631835261130533 0.7941854051716318 -0.38963667208086206 64.30660882324752
 1.000000 -0.47054068620312667 0.7875907980833818 -0.3978595196823525 63.917479416948886
 1.010000 -0.47475530566157 0.7809998173521907 -0.40576678651909637 63.525941028013314
 1.020000 -0.4791328387504147 0.774641725550415 -0.4127492215222756 63.132347168447225
 1.030000 -0.4837472888815656 0.7680251455518309 -0.41967360686588834 62.741797184355526
 1.040000 -0.4879279435779879 0.7620557576966667 -0.42567281336387386 62.30291607442898
 1.050000 -0.4920683681107469 0.7564772085638204 -0.43082589758313833 61.84413578365018
 1.060000 -0.4962776405716221 0.7511078499341859 -0.43536823636538813 61.37503338504762
 1.070000 -0.5005940661212062 0.7458299980958816 -0.4394805967327055 60.9009129851821
 1.080000 -0.5046570008518464 0.7409577007713448 -0.4430609406829513 60.391458028557366
 1.090000 -0.5090165797045354 0.7359163950199616 -0.44646296725117085 59.897811226803874
 1.100000 -0.5136463348996049 0.7307860712854221 -0.44957664603426767 59.42672521175918
 1.110000 -0.5191975356769253 0.7248100384985721 -0.45286237096794224 59.01445880305804
 1.120000 -0.5251923008912852 0.7181637699707176 -0.45652365391725763 58.64237709477038
 1.130000 -0.5314345461568142 0.7107139553207732 -0.46093708558045404 58.309087521712584
 1.140000 -0.5378472652593992 0.7026138098692739 -0.46589070975280167 58.00815533246714
 1.150000 -0.5442626814603347 0.6946207088211762 -0.47040429892420516 57.71432167725031
