0.0 1.15 1.0
Linear 1 explicit
 0.000000 -12.387
 0.010000 -14.378313873077678
 0.020000 -15.872315642622262
 0.030000 -17.228955445953744
 0.040000 -18.41493676651604
 0.050000 -19.270127776131382
 0.060000 -19.99536901623185
 0.070000 -20.660087840106268
 0.080000 -21.260834232294663
 0.090000 -21.85914078613022
 0.100000 -22.453579764306607
 0.110000 -23.531706690733508
 0.120000 -25.14393176421382
 0.130000 -26.51844435247463
 0.140000 -27.80045123906909
 0.150000 -28.798088908546926
 0.160000 -29.377039016345535
 0.170000 -30.093323709937504
 0.180000 -30.836440951872344
 0.190000 -31.514147685373782
 0.200000 -32.118879122446415
 0.210000 -32.55838229418099
 0.220000 -32.84174317239271
 0.230000 -32.99189078387895
 0.240000 -32.67207278200821
 0.250000 -32.31033620165107
 0.260000 -31.77891558018518
 0.270000 -31.002923565556333
 0.280000 -30.403618048118414
 0.290000 -29.67099114882686
 0.300000 -28.88003157664668
 0.310000 -28.150163762642475
 0.320000 -27.483085091784474
 0.330000 -27.064595413651297
 0.340000 -26.711794484527534
 0.350000 -26.437875552218575
 0.360000 -26.346949180890316
 0.370000 -26.164622722061274
 0.380000 -26.050031397643846
 0.390000 -25.956650187844435
 0.400000 -25.87545162070599
 0.410000 -25.609595165725747
 0.420000 -25.26352682739258
 0.430000 -24.952196541203413
 0.440000 -24.6112334800172
 0.450000 -24.370072537185784
 0.460000 -24.221062894130657
 0.470000 -24.123488864142907
 0.480000 -24.050578337936518
 0.490000 -23.991341715491657
 0.500000 -23.98741304201575
 0.510000 -24.01147570811585
 0.520000 -24.04348826963334
 0.530000 -24.03245439321114
 0.540000 -24.040925909414828
 0.550000 -24.38060153575301
 0.560000 -25.246695799933605
 0.570000 -27.097762855172192
 0.580000 -24.53130202036786
 0.590000 -19.768669382604294
 0.600000 -14.11114491037981
 0.610000 -7.633941121379626
 0.620000 -0.6601169888607132
 0.630000 6.450917180613885
 0.640000 13.363184437854251
 0.650000 12.227959106637764
 0.660000 11.4840621444228
 0.670000 11.025523584272404
 0.680000 10.738121010479485
 0.690000 10.554240053181294
 0.700000 10.435760552429665
 0.710000 10.358676906841941
 0.720000 10.3088143541596
 0.730000 10.273965831467443
 0.740000 10.249414024461226
 0.750000 10.231847039282455
 0.760000 10.219001671666465
 0.770000 10.20935433733817
 0.780000 10.202109862667939
 0.790000 10.197042842585468
 0.800000 10.193277144567476
 0.810000 10.19042779232796
 0.820000 10.188111523938288
 0.830000 10.186150842733136
 0.840000 10.18440386123773
 0.850000 10.182696659847137
 0.860000 10.180676483890213
 0.870000 10.178396255721957
 0.880000 10.175626762313394
 0.890000 10.17235671120913
 0.900000 10.168252554846006
 0.910000 10.163238680485977
 0.920000 10.157018022760656
 0.930000 10.149519854487323
 0.940000 10.140704662571984
 0.950000 10.12661706110539
 0.960000 10.113104755805352
 0.970000 10.099033269514914
 0.980000 10.084785095896923
 0.990000 10.066097099813998
 1.000000 10.055522709755019
 1.010000 10.046719204686104
 1.020000 10.03495548773991
 1.030000 10.027462171732264
 1.040000 10.026344100014029
 1.050000 10.022076010256411
 1.060000 10.016464068862142
 1.070000 9.887680723403227
 1.080000 6.064086837099193
 1.090000 2.1656864633776736
 1.100000 -1.6319166304160615
 1.110000 -5.254339627455287
 1.120000 -8.676398475697226
 1.130000 -11.592412363383035
 1.140000 -14.228180306914968
 1.150000 -16.850546566727605
