0.0 1.15 1.0
Linear 1 explicit
 0.000000 -1.626
 0.010000 -4.144631195748114
 0.020000 -6.043184401985129
 0.030000 -7.637746036126516
 0.040000 -9.2480341594948
 0.050000 -10.657942323784715
 0.060000 -12.302049985935058
 0.070000 -14.212057798882208
 0.080000 -15.955135487678803
 0.090000 -17.60595356479301
 0.100000 -19.159729119053036
 0.110000 -20.662132260516923
 0.120000 -22.093629179801727
 0.130000 -23.723892535342827
 0.140000 -25.217831771177007
 0.150000 -26.543545540294314
 0.160000 -27.901292474473564
 0.170000 -29.242929544347447
 0.180000 -30.325550949215828
 0.190000 -31.198039248175792
 0.200000 -31.932951322361642
 0.210000 -32.72212596118373
 0.220000 -33.464396079860805
 0.230000 -34.143477962839135
 0.240000 -34.7588923168201
 0.250000 -35.241945426610236
 0.260000 -35.64316253761431
 0.270000 -36.18269281495552
 0.280000 -36.44599966817321
 0.290000 -36.7303158847628
 0.300000 -37.01999865894139
 0.310000 -37.47270093836599
 0.320000 -36.430114526346614
 0.330000 -35.31248369436959
 0.340000 -34.35878663166832
 0.350000 -33.39796406441773
 0.360000 -32.45437736973139
 0.370000 -31.509050976347304
 0.380000 -30.589210862384693
 0.390000 -29.69995024091702
 0.400000 -28.896751896799014
 0.410000 -28.119547340187594
 0.420000 -27.348269560799512
 0.430000 -26.548207135528717
 0.440000 -25.8394925461093
 0.450000 -25.21789716812446
 0.460000 -24.515379597615954
 0.470000 -23.799693961382204
 0.480000 -23.352782357707685
 0.490000 -22.71406828205113
 0.500000 -22.562534979348126
 0.510000 -22.538471866253744
 0.520000 -22.136760102549545
 0.530000 -21.561063266870885
 0.540000 -21.170754505585027
 0.550000 -20.650369065488338
 0.560000 -20.0910893898745
 0.570000 -19.792180488300833
 0.580000 -19.459014279085608
 0.590000 -18.989444190066603
 0.600000 -18.554905022007222
 0.610000 -18.230512954686038
 0.620000 -18.078289301879327
 0.630000 -18.107603645737854
 0.640000 -18.33517165840678
 0.650000 -18.915758239571694
 0.660000 -19.64647845729954
 0.670000 -20.447038150485582
 0.680000 -21.274167340409633
 0.690000 -22.12896515778826
 0.700000 -22.997546513483123
 0.710000 -23.873669219864347
 0.720000 -24.414054092609636
 0.730000 -25.00941924091491
 0.740000 -25.634846671227287
 0.750000 -26.279566453865513
 0.760000 -26.930692919744992
 0.770000 -27.57375149376815
 0.780000 -28.1957359787865
 0.790000 -28.739160310619514
 0.800000 -29.219880625777687
 0.810000 -29.649465531590103
 0.820000 -30.03408963101112
 0.830000 -30.37776159849722
 0.840000 -30.682711606247246
 0.850000 -30.948644869755626
 0.860000 -31.217801796671345
 0.870000 -31.44056281222057
 0.880000 -31.632423400510742
 0.890000 -31.79549184569563
 0.900000 -31.92942254137427
 0.910000 -32.02871358861182
 0.920000 -31.955368499306026
 0.930000 -31.842009720471175
 0.940000 -31.625248582706416
 0.950000 -31.366746446181903
 0.960000 -31.091244670409772
 0.970000 -30.98877404044922
 0.980000 -30.796401469755324
 0.990000 -30.61934313076088
 1.000000 -30.21373255727221
 1.010000 -29.80771316406572
 1.020000 -29.65088342733993
 1.030000 -29.600378524255124
 1.040000 -29.899681631765112
 1.050000 -30.195748240958654
 1.060000 -30.4414946940413
 1.070000 -30.632353350150147
 1.080000 -30.726145298798833
 1.090000 -30.798637582581932
 1.100000 -30.880987182656835
 1.110000 -30.99201725489801
 1.120000 -31.141398518033267
 1.130000 -31.35491111734953
 1.140000 -31.6611212792125
 1.150000 -31.99526390432304
