0.0 1.15 1.0
Linear 3 explicit
 0.000000 0.16550642327086243 1.3772954446549446 0.1707728398404936
 0.010000 0.16595707434769624 1.3771046995704912 0.16973197703669302
 0.020000 0.1666830504829202 1.3770033168575146 0.16783320222205528
 0.030000 0.16759063583329825 1.3769538089332223 0.16526615109455736
 0.040000 0.168810827645313 1.3768387656688523 0.16213955257510873
 0.050000 0.17024206615761345 1.3766889402795581 0.15853847850195898
 0.060000 0.17184514410311863 1.3765476314330871 0.1545532290465477
 0.070000 0.1735756292781143 1.3764138865399467 0.1502411345671359
 0.080000 0.1753754504979669 1.3763432182466855 0.14583033387070235
 0.090000 0.17721468853523425 1.3761765809681716 0.1411128388510392
 0.100000 0.1790377502125101 1.375919070000122 0.1361341309118841
 0.110000 0.18052215861091941 1.3762951236840608 0.1309578269497772
 0.120000 0.18138077454825888 1.3770252011868862 0.12585347051189164
 0.130000 0.18198362582875782 1.3776874731146291 0.12059671608494144
 0.140000 0.18236575162996663 1.3782087216443135 0.11536183625895732
 0.150000 0.182657444418876 1.3784790164473384 0.11014972028544942
 0.160000 0.18300388839826623 1.3784215195833946 0.10501314215915579
 0.170000 0.1833230026645529 1.3778027876318113 0.09979920974934602
 0.180000 0.18364639661450022 1.3770420311029035 0.09464508275398029
 0.190000 0.18401656797456675 1.376037018496618 0.08953689046166137
 0.200000 0.1844183744650864 1.3747622761169531 0.08447949798835351
 0.210000 0.1848918206611542 1.37321220164021 0.07945918518434264
 0.220000 0.1854230585893105 1.3714098447369945 0.07448277084922311
 0.230000 0.18598735107682385 1.369393361534651 0.06956963963698388
 0.240000 0.18669552154939173 1.367176531284781 0.06470987869461589
 0.250000 0.187408894518176 1.364885777196308 0.059974040990802543
 0.260000 0.188154281860553 1.3625343821263374 0.055346732342842556
 0.270000 0.18883880771447092 1.360187754813972 0.0507591927675097
 0.280000 0.18953023140879877 1.3576705256339423 0.0461412030842226
 0.290000 0.19012653873706617 1.355043443343305 0.04162646974837678
 0.300000 0.190530080225168 1.3524445956681486 0.03716233367297735
 0.310000 0.1911164372504114 1.3501633579044727 0.03247890646591528
 0.320000 0.19160277669200423 1.3478999397030451 0.027858862677906368
 0.330000 0.19216853802758874 1.345727362537652 0.023324486936142516
 0.340000 0.19267183611405764 1.343553821557619 0.01883967107023043
 0.350000 0.19326843850194733 1.3414941610269178 0.014405097074303546
 0.360000 0.19386081553108434 1.33948845733437 0.010049039578301673
 0.370000 0.1945779475285485 1.3375241164454759 0.005752866843674044
 0.380000 0.19524840515554384 1.3355730609398684 0.0015094994817318273
 0.390000 0.19589497588648094 1.333637766022806 -0.0026985802994077034
 0.400000 0.196501621333571 1.331626452785555 -0.00691091772093406
 0.410000 0.1971436473817035 1.3295812302118466 -0.011090965574613063
 0.420000 0.1978326933758297 1.3274675895790227 -0.015240000546609437
 0.430000 0.19810035803779857 1.325213143514264 -0.01938223943761118
 0.440000 0.198241603634172 1.3228685462018537 -0.02348226811266403
 0.450000 0.19784376738851758 1.3203215992815438 -0.027691923681215813
 0.460000 0.19715341739616513 1.3177173037198733 -0.03191196397867962
 0.470000 0.19617056902481475 1.3149826959019908 -0.036089028890372306
 0.480000 0.1949334643975426 1.3120573025527968 -0.040275689988066805
 0.490000 0.19345494100309435 1.3089701310213393 -0.04441744713728511
 0.500000 0.1917191959658224 1.3056726200256568 -0.04853288282489302
 0.510000 0.18976968869782457 1.3022017460109825 -0.0526281374214708
 0.520000 0.1876494804443369 1.298380288106715 -0.056630824494213576
 0.530000 0.18525043755941226 1.2937940386798816 -0.06047968216862518
 0.540000 0.18267198464275677 1.2887896908868621 -0.06466006701871506
 0.550000 0.17993677579754952 1.2831616550686615 -0.06875775377261574
 0.560000 0.17767362298496372 1.2766909506575312 -0.07254108335637585
 0.570000 0.17553181002337323 1.2698184361202955 -0.07636440368087338
 0.580000 0.17323561117229128 1.2636176854582066 -0.08061208366375557
 0.590000 0.170886922081168 1.2572151626142873 -0.08448289702992874
 0.600000 0.16899837534055587 1.250486264795758 -0.08819688827386425
 0.610000 0.1674423305564112 1.2434735844059608 -0.09171982978248507
 0.620000 0.16614463367400426 1.2361253520924504 -0.09486742243316197
 0.630000 0.16510128252900935 1.2286160543646996 -0.0976756963445809
 0.640000 0.1643204241653297 1.2210316818298725 -0.10014396768208997
 0.650000 0.16394633280181672 1.212954077070762 -0.10182632223354543
 0.660000 0.16397696466898237 1.2046174329343347 -0.10293926006358903
 0.670000 0.1643797384753223 1.196330497773822 -0.10370651977240794
 0.680000 0.16510675584496523 1.1881863920529152 -0.10420866051916025
 0.690000 0.1661431925911561 1.1802671516607972 -0.10454181934654237
 0.700000 0.16746477812103683 1.1726092485512678 -0.1047690859117054
 0.710000 0.16904863609663337 1.165224796501659 -0.10493319607073537
 0.720000 0.17121202085560916 1.1589411709181003 -0.10473326406041207
 0.730000 0.17375624880369556 1.1533134801864582 -0.10448538386466227
 0.740000 0.17659406360644628 1.148182000693279 -0.1042914776876
 0.750000 0.17953565705229443 1.1434005260292177 -0.10417754839790498
 0.760000 0.18254219727579818 1.1388495891573396 -0.10416284511576396
 0.770000 0.18558940255849735 1.1344376331889892 -0.10424735141494197
 0.780000 0.18866781067434796 1.1300990536782614 -0.10441648592963054
 0.790000 0.19179971807655016 1.1263338361581714 -0.10437062764056336
 0.800000 0.19495363474298688 1.1230423014666455 -0.10410618603606499
 0.810000 0.19818548633170596 1.1201124685544104 -0.10360916974416247
 0.820000 0.2014855476073294 1.1174720214399854 -0.10287695414142738
 0.830000 0.20482903626849233 1.1150764697765398 -0.10189487459010062
 0.840000 0.2082385796111824 1.1128835834375672 -0.10065558314609752
 0.850000 0.2117501645345012 1.1108400809459118 -0.09917536450654682
 0.860000 0.21529472834420652 1.1089284188150412 -0.09744005646327075
 0.870000 0.21897324536498877 1.1071108683261963 -0.09545079057937056
 0.880000 0.22266765056875884 1.1053565926528335 -0.09319604239443635
 0.890000 0.22639575485137475 1.1036334841290036 -0.09067158226913895
 0.900000 0.23016571440337774 1.1019134174672551 -0.08787823773317958
 0.910000 0.23397096448784013 1.1001778860859661 -0.08482757454180401
 0.920000 0.2378213923679151 1.0983998953789167 -0.08152153491118157
 0.930000 0.24170111991789053 1.0965662837966685 -0.07797935051782794
 0.940000 0.2457530462231849 1.0948878367155452 -0.07442757396975659
 0.950000 0.24961477406929164 1.0931860973881806 -0.07087627637778064
 0.960000 0.2533227393471512 1.0915374437868102 -0.06733821189138063
 0.970000 0.2573483166648031 1.0898956884682232 -0.06351384313356409
 0.980000 0.2612423147733373 1.088167335251667 -0.059649828455047856
 0.990000 0.26474556473038663 1.0867634445022234 -0.05593650063733746
 1.000000 0.2680361602148164 1.0853619642353258 -0.052222417469934314
 1.010000 0.27108181978995904 1.0840343051599055 -0.04857117983312877
 1.020000 0.27365964777349533 1.0830743827109877 -0.045111753843729424
 1.030000 0.2760094051879232 1.0821928522262465 -0.04173163938526481
 1.040000 0.2780484988391057 1.0825194099475877 -0.03830996429608799
 1.050000 0.2797062942553595 1.0833302633223185 -0.03489584993774582
 1.060000 0.28101933281701036 1.0844467006179273 -0.031536685583903185
 1.070000 0.2820231683069737 1.0857803132777584 -0.028265369677108573
 1.080000 0.2827256603126527 1.0875041343986662 -0.024801449619152344
 1.090000 0.28315222223632347 1.0893379818857802 -0.021613571668782597
 1.100000 0.28328451089481715 1.0911756767274274 -0.018987568096853896
 1.110000 0.283143465523917 1.092958204633935 -0.01712110495232347
 1.120000 0.2828307301213069 1.0946835027946709 -0.016049065343694147
 1.130000 0.2825796352615549 1.096158057075458 -0.01563265267731049
 1.140000 0.2823780932938114 1.0974221272492464 -0.015774719092887825
 1.150000 0.2819669327578762 1.0986585841594982 -0.01641634491634905
