0.0 1.15 1.0
Linear 4 explicit
 0.000000 -0.01989266855405011 0.9996403469494912 -0.01798495172358615 86.52254885162327
 0.010000 -0.020706617227796282 0.9996243573493325 -0.017954949092534703 86.20744817026298
 0.020000 -0.02150766265383381 0.9995929282202478 -0.018745620801651777 85.69832982316083
 0.030000 -0.022443763458224446 0.9995419342199726 -0.02030268991112271 85.05150444315998
 0.040000 -0.023770721125069116 0.9994740754803498 -0.02205731760423585 84.3082954874345
 0.050000 -0.02541853262933038 0.9993870609614003 -0.024070741199766165 83.49939607294989
 0.060000 -0.02744474987921673 0.9992748967094368 -0.026390651951240632 82.64735278036598
 0.070000 -0.029819627419546205 0.9991334172304308 -0.029037981920259092 81.76848623123337
 0.080000 -0.03250343572367812 0.9989540142276653 -0.03216215360622167 80.90262305086681
 0.090000 -0.03541737772488221 0.9987341784231817 -0.0357162456658783 80.01730971611202
 0.100000 -0.03840257926565866 0.9984706024895378 -0.03977056537093881 79.12762494956593
 0.110000 -0.038495897830080616 0.9982693466443756 -0.04445646635156091 78.29438417336074
 0.120000 -0.03663939460300624 0.9981165208556055 -0.04920330840732792 77.92366231817567
 0.130000 -0.033918968244750436 0.9979866127371243 -0.05359313753357481 77.85311455845273
 0.140000 -0.030409998297655057 0.997846380281761 -0.0581191307757065 78.03263712087166
 0.150000 -0.026651660475028188 0.9976762280510177 -0.06270432980119811 78.39295036927393
 0.160000 -0.02332674691780932 0.9974610841387188 -0.06728483118091297 78.88410035080112
 0.170000 -0.020860233832084612 0.9971542589122754 -0.07244470013452803 79.48941655883281
 0.180000 -0.018227747971389745 0.9968232333974821 -0.07753186804714846 80.16892759871921
 0.190000 -0.015608197337651342 0.9964589805547033 -0.08261890974680351 80.90351151168787
 0.200000 -0.01313846746587795 0.9960536646089535 -0.0877751553215517 81.6784755981973
 0.210000 -0.010914619922884228 0.9956006885033787 -0.09305987386375016 82.48925560416694
 0.220000 -0.00892932093075695 0.9950980383530509 -0.09848939685887856 83.32571259240657
 0.230000 -0.007146009700837972 0.9945466392555927 -0.10404766643592402 84.17562716391586
 0.240000 -0.005546352829100784 0.9939411739546563 -0.10977331500840577 85.03806799900204
 0.250000 -0.004271477688645626 0.9932608485787657 -0.11582159193753874 85.9117645863131
 0.260000 -0.0032253894344787806 0.9925126804112583 -0.12209904211686264 86.795530492362
 0.270000 -0.0018970832952094506 0.9916926916043015 -0.12861573190549708 87.69312888379163
 0.280000 -0.0015684278980249034 0.9907691996543355 -0.1355504815566373 88.6064359938265
 0.290000 -0.0023094315357780884 0.9897412612053947 -0.14285272973778293 89.59266394098908
 0.300000 -0.00382907397877885 0.9886516782639915 -0.15017721950501678 90.6374162299037
 0.310000 -0.004003136581704337 0.9875637032163548 -0.1571684032721199 91.62822185348122
 0.320000 -0.004563509702717971 0.9864533296933445 -0.1639786654297043 92.66094400946768
 0.330000 -0.00588602629579664 0.9853384689408258 -0.17050940243808993 93.71760112689047
 0.340000 -0.007954775146828076 0.9841556486341849 -0.17712814799966212 94.83074642425314
 0.350000 -0.010523762599001953 0.9829266458305996 -0.1836966503150424 95.96889143988173
 0.360000 -0.013583939176358348 0.9816354502350157 -0.19028220998913956 97.13174203524186
 0.370000 -0.0170151370653303 0.9802612063204843 -0.19697322786042984 98.31122633673307
 0.380000 -0.020636306539669507 0.9787964158557363 -0.20379332462169916 99.51447960352976
 0.390000 -0.024340323819666547 0.9772361724590336 -0.21075343858160836 100.73615013711367
 0.400000 -0.02798070153703444 0.9756031079482913 -0.21775136303392004 101.97198075354565
 0.410000 -0.03166685761818449 0.97385848343763 -0.22493746767746103 103.21823766259719
 0.420000 -0.03532954750538898 0.9719851035096956 -0.23237207583595507 104.47478128999028
 0.430000 -0.04083842859631239 0.9702404963075242 -0.2386746783274527 105.6295072440724
 0.440000 -0.04556004037285069 0.9683134908039934 -0.24554687179479348 106.82967247833318
 0.450000 -0.05144174060610576 0.9665063011173132 -0.25143451875974343 107.94661423708207
 0.460000 -0.05819737490142946 0.9647019592018999 -0.256833010858414 108.97960881406915
 0.470000 -0.06573764832180298 0.9628277988474432 -0.26199463994461075 109.9556328346025
 0.480000 -0.0739498787919199 0.9608199079117611 -0.2671264119983183 110.87809502066061
 0.490000 -0.08267599686750622 0.9586902364908141 -0.27217220651482993 111.76853635623239
 0.500000 -0.09167469400407605 0.9564714516967944 -0.27705254477857766 112.6335114277067
 0.510000 -0.1008592348447141 0.9541553606856404 -0.2818066046447354 113.47693077118349
 0.520000 -0.11017518129836106 0.9517449369071797 -0.28643150053271355 114.29889185222721
 0.530000 -0.11890455933001325 0.9497856455032626 -0.2894286325961656 114.99795315589243
 0.540000 -0.1257064939611705 0.9486885873944662 -0.29015141137599637 115.48470231218876
 0.550000 -0.13193746389452882 0.9480838088213611 -0.2893606695317468 115.8171437239665
 0.560000 -0.14009799583774235 0.9478487065701022 -0.2862785025384061 116.06358352988248
 0.570000 -0.14838206215632055 0.9479442903186793 -0.28175234884993083 116.2295628486629
 0.580000 -0.15606202413908113 0.9480301019304831 -0.2772788676680765 116.34050194197857
 0.590000 -0.16526070394389178 0.9477610867521138 -0.27283295653278694 116.45836710034224
 0.600000 -0.17626567767127418 0.9468339665869474 -0.2691390915350532 116.24450859791706
 0.610000 -0.18877083516502194 0.9452628490662007 -0.2661648323245373 115.80672894967365
 0.620000 -0.20086348946490531 0.9433512430786827 -0.264087657382707 115.19118605896243
 0.630000 -0.21218554370349987 0.9413769776300238 -0.2622721506973466 114.42514354513816
 0.640000 -0.22266616093695898 0.9394824603776165 -0.2603699049744737 113.5371627311194
 0.650000 -0.2339829287514098 0.9372092753522115 -0.25863248683546164 112.61996414937292
 0.660000 -0.245412434473936 0.9346181793815753 -0.25741327816382276 111.65655021443337
 0.670000 -0.2569080670974953 0.9317263467223216 -0.256679293835138 110.65691451982846
 0.680000 -0.2684075236270759 0.9285444582042112 -0.2564421774954906 109.62892037015962
 0.690000 -0.2799692582686864 0.9250847345516252 -0.256584193441511 108.58343512261264
 0.700000 -0.2916101123718458 0.921348891771464 -0.2570598412704221 107.52886262786606
 0.710000 -0.3033618722083477 0.9173265686209439 -0.2578440245426893 106.47377897733212
 0.720000 -0.3169174759232486 0.91221274481664 -0.2596752234013264 105.42248500843877
 0.730000 -0.33130092212718454 0.9065213243123083 -0.2616463024098299 104.37356804632309
 0.740000 -0.3460592067250283 0.9003844342292551 -0.26372503870225955 103.33399226076254
 0.750000 -0.3610385705322772 0.8938515776962278 -0.2658580591931989 102.31804364097798
 0.760000 -0.3761504915469978 0.8869329256379125 -0.2680686351073642 101.32906158453186
 0.770000 -0.39135721974737203 0.8796235946444367 -0.27037355324884665 100.3674062418983
 0.780000 -0.40665435669365463 0.8719110959115427 -0.2727696372553263 99.43222650975083
 0.790000 -0.4208538711717241 0.8648633281241818 -0.2736666636361428 98.41618459559052
 0.800000 -0.43446593771132047 0.858116475623981 -0.27363381229537515 97.34088202314125
 0.810000 -0.44775906978329244 0.8514615182415343 -0.27299285408343943 96.21643457849783
 0.820000 -0.4609021981275103 0.8447765307676331 -0.2718855951046901 95.0526815347389
 0.830000 -0.4739674702385631 0.8380076583297946 -0.27036642124396854 93.8632717034478
 0.840000 -0.4870142841320933 0.8311056665313559 -0.2684780402766217 92.65297895384415
 0.850000 -0.5001345852167179 0.8239951606924447 -0.26626560390995635 91.41881949487961
 0.860000 -0.5133201335803536 0.816648749197423 -0.2637939743347687 90.16879582403934
 0.870000 -0.5266440056212683 0.8089937657499757 -0.26110376925823764 88.8943751396177
 0.880000 -0.540051838275601 0.8010692628648044 -0.2581318424146525 87.6124361414704
 0.890000 -0.5535548485721148 0.7928557580385546 -0.2548661934572965 86.32417741630661
 0.900000 -0.5671533366971493 0.7843361599991958 -0.2513043588778476 85.03055986527832
 0.910000 -0.580818369991162 0.7755091745762417 -0.24745816056231792 83.73212152223267
 0.920000 -0.5945193746556847 0.766387597602576 -0.24330384994891768 82.43103036579912
 0.930000 -0.6082606766105236 0.756950077691533 -0.23884205905177217 81.12743920188511
 0.940000 -0.622017243099018 0.7472593938958388 -0.23387592334808796 79.71818615117738
 0.950000 -0.6356743851871741 0.7371259350315337 -0.22926716276169015 78.28129217913637
 0.960000 -0.6493508659799082 0.726551343769024 -0.2246477191483789 76.83542824739718
 0.970000 -0.6635743736517429 0.7154365171323631 -0.21867702345287932 75.40969516673792
 0.980000 -0.6776907702376114 0.7039234936211418 -0.21266625275995057 73.9993751860523
 0.990000 -0.6920764051712133 0.6914157919052425 -0.20730280294616615 72.61613238169615
 1.000000 -0.7060789259404391 0.678853981156419 -0.2015187897216441 71.24027652343894
 1.010000 -0.7197901999832441 0.6661573485563611 -0.19528557287326742 69.88208639829767
 1.020000 -0.733674216304514 0.652408024923754 -0.18996292623836755 68.52499604896562
 1.030000 -0.7472349309023175 0.6387151701342028 -0.18352898811862167 67.2253496941581
 1.040000 -0.7620786075513523 0.6227406633543906 -0.17728582040740223 65.96930283019003
 1.050000 -0.7771614477512788 0.6055662598494873 -0.1712004353412684 64.78458129398958
 1.060000 -0.7921401650544068 0.5876565464484713 -0.16484460052981045 63.66638916942934
 1.070000 -0.8068759384608368 0.5692003344558024 -0.15799430112616888 62.608697725167644
 1.080000 -0.8222700733085093 0.5485007453338311 -0.15171967212411938 61.6789996557745
 1.090000 -0.8372680385251712 0.5271984481537892 -0.1450655987077881 60.81067130297524
 1.100000 -0.851430259924991 0.5060996088931857 -0.13758524035021696 59.94279141662689
 1.110000 -0.8646470443631996 0.4855607934736368 -0.12890385764295603 59.05292752653419
 1.120000 -0.8770585653978179 0.46575659817728193 -0.11763955166799689 58.19303786594329
 1.130000 -0.8884267293798133 0.4472061603968339 -0.10346302057551494 57.345491431570636
 1.140000 -0.8989678171207015 0.4293012634187162 -0.08693266939611999 56.4990276223841
 1.150000 -0.9091643824950292 0.41051161667457875 -0.07000241551301006 55.60510481299544
