0.0 1.15 1.0
Linear 4 explicit
 0.000000 -0.01989266855405011 0.9996403469494912 -0.01798495172358615 86.52254885162327
 0.010000 -0.020706619194805913 0.999624357206147 -0.017954954795792847 86.20744779923254
 0.020000 -0.021507673578568372 0.9995929274150511 -0.018745651203578566 85.69832744287477
 0.030000 -0.02244378304257437 0.9995419325603506 -0.02030274996786418 85.05149977813147
 0.040000 -0.02377075202147268 0.9994740725769502 -0.02205741586811347 84.30828810069183
 0.050000 -0.025418576058333506 0.9993870564636251 -0.02407088208058983 83.49938568138197
 0.060000 -0.027444815424269502 0.9992748897666942 -0.02639084667245028 82.64733829472515
 0.070000 -0.029819712399253732 0.9991334075793776 -0.029038226723525233 81.76846808481376
 0.080000 -0.032503536650869816 0.9989540016711747 -0.03216244161024549 80.90260190616364
 0.090000 -0.035417489636479164 0.9987341630587068 -0.03571656432629619 80.01728661404225
 0.100000 -0.03840269040058664 0.9984705846868492 -0.03977090500727887 79.12760076878918
 0.110000 -0.03849602440672084 0.9982693246716702 -0.04445685014083485 78.29435702892431
 0.120000 -0.03663950308751226 0.9981165007086995 -0.049203636314002 77.9236393764163
 0.130000 -0.033919041503068154 0.9979865985890743 -0.05359335462650978 77.85310010060394
 0.140000 -0.03041004336944558 0.9978463718059901 -0.058119252712764545 78.03262938194148
 0.150000 -0.026651691988995106 0.9976762217143272 -0.06270441722835901 78.39294491500341
 0.160000 -0.023326782830680647 0.9974610761947195 -0.0672849364957884 78.88409353621188
 0.170000 -0.020860277807263204 0.9971542484463772 -0.07244483152816612 79.4894079211563
 0.180000 -0.01822779943548322 0.9968232204907957 -0.0775320218883668 80.16891741817678
 0.190000 -0.01560825975493036 0.996458964126216 -0.0826190960972777 80.90349920884695
 0.200000 -0.01313854056209858 0.9960536449584207 -0.08777536737002285 81.67846157765126
 0.210000 -0.010914700166061568 0.9956006665655607 -0.09306009915369803 82.48924077743466
 0.220000 -0.008929406362037028 0.9950980145181852 -0.09848962993121235 83.32569728504214
 0.230000 -0.007146100451975003 0.9945466132759418 -0.10404790853104408 84.17561119619941
 0.240000 -0.005546448769991501 0.9939411457310796 -0.1097735657106505 85.03805135595898
 0.250000 -0.0042715760567027805 0.9932608189399291 -0.11582184248566021 85.91174800188912
 0.260000 -0.00322548884013549 0.9925126497500107 -0.1220992887282901 86.79551419392183
 0.270000 -0.0018971815706434008 0.9916926607019109 -0.12861596872881942 87.69311312830801
 0.280000 -0.0015685284851338884 0.9907691668196145 -0.13555072038893162 88.60642015048963
 0.290000 -0.002309527277872336 0.9897412293409984 -0.14285294895913747 89.59264937063966
 0.300000 -0.003829160361929184 0.9886516490291887 -0.15017740976188376 90.63740352305852
 0.310000 -0.00400321042350614 0.9875636779272755 -0.1571685602945374 91.62821132340082
 0.320000 -0.004563587841431581 0.9864533018865335 -0.16397883053360618 92.66093297088526
 0.330000 -0.005886104260681438 0.9853384413773054 -0.17050955903049742 93.71759057339439
 0.340000 -0.007954846646817944 0.9841556231724037 -0.17712828625875499 94.83073708013428
 0.350000 -0.01052381906320891 0.9829266253206368 -0.18369675682523479 95.96888424978769
 0.360000 -0.013583979715055495 0.98163543547635 -0.19028228323272187 97.1317371284823
 0.370000 -0.017015162929584042 0.9802611969508527 -0.196973272255302 98.31122341775546
 0.380000 -0.020636320699481497 0.978796410924993 -0.20379334686966696 99.51447822939338
 0.390000 -0.024340331421435435 0.9772361702063879 -0.21075344814888847 100.73614961292787
 0.400000 -0.02798070850720892 0.9756031060076685 -0.2177513708329401 101.97198032733107
 0.410000 -0.03166686630341238 0.9738584810687232 -0.2249374767108433 103.2182370607265
 0.420000 -0.035329560610244046 0.9719850995046654 -0.23237209059607958 104.4747801912991
 0.430000 -0.0408384492503931 0.9702404892389178 -0.2386747035281463 105.62950532497693
 0.440000 -0.04556004069362437 0.9683134912317728 -0.24554687004832854 106.82967303218807
 0.450000 -0.051441738774792155 0.9665063024334091 -0.251434514075386 107.94661496809049
 0.460000 -0.05819735779223513 0.9647019660318832 -0.2568329890808848 108.97961123108601
 0.470000 -0.06573761392831089 0.9628278122333863 -0.26199459938113856 109.95563726546557
 0.480000 -0.0739498224232642 0.9608199319743632 -0.2671263410529703 110.87810169438167
 0.490000 -0.0826759307489707 0.9586902662989499 -0.2721721216040314 111.76854399531554
 0.500000 -0.09167462189082053 0.9564714855511588 -0.27705245176452503 112.6335198742382
 0.510000 -0.10085916301406166 0.9541553959178135 -0.28180651106215326 113.47693926084118
 0.520000 -0.1101751154298794 0.9517449710419804 -0.2864314124468763 114.29889970839115
 0.530000 -0.11890450410257619 0.949785675563778 -0.28942855663872946 114.99796003585905
 0.540000 -0.12570644693112767 0.9486886133866254 -0.2901513467666723 115.48470834708353
 0.550000 -0.13193742804541247 0.9480838280209556 -0.28936062297052917 115.81714830875929
 0.560000 -0.1400979873604957 0.9478487112642785 -0.2862784911448726 116.06358519292371
 0.570000 -0.14838211157378572 0.9479442669257195 -0.2817524015293654 116.22955896126625
 0.580000 -0.156062141158671 0.9480300459531167 -0.2772789931947651 116.34049133526479
 0.590000 -0.16526086481855973 0.9477610092455317 -0.2728331283281284 116.4583518733358
 0.600000 -0.1762658902077308 0.9468338638235084 -0.2691393138623975 116.24448818939524
 0.610000 -0.18877114367753306 0.9452626944457991 -0.26616516264106366 115.80669885052586
 0.620000 -0.2008639404773479 0.943351010647408 -0.2640881446154415 115.19114126853741
 0.630000 -0.2121860800247941 0.9413766931231877 -0.26227273798121525 114.42508916261158
 0.640000 -0.22266672785730612 0.9394821530228704 -0.26037052916340625 113.53710542254258
 0.650000 -0.2339834791135872 0.9372089715927131 -0.2586330896618427 112.61990847904292
 0.660000 -0.24541297331019635 0.9346178797369716 -0.2574138523992374 111.65649640422399
 0.670000 -0.25690859413268025 0.9317260499972632 -0.2566798434183473 110.65686246002366
 0.680000 -0.26840803898569887 0.9285441626131157 -0.256442708387194 109.62886997146722
 0.690000 -0.27996976001651547 0.9250844406678427 -0.25658470552735474 108.58338644461931
 0.700000 -0.29161060165674924 0.9213485986533032 -0.2570603368102189 107.52881550633914
 0.710000 -0.3033623506170187 0.9173262751045235 -0.2578445059158278 106.47373322083439
 0.720000 -0.31691799316728636 0.9122124305934686 -0.25967569597013895 105.42244035860976
 0.730000 -0.3313015961804971 0.9065209188075317 -0.2616468538557331 104.37351578695676
 0.740000 -0.34605997032454106 0.9003839698161208 -0.26372562226135815 103.33393846027951
 0.750000 -0.3610393217388908 0.8938510926925408 -0.2658586696925127 102.31798685220137
 0.760000 -0.37615122668877493 0.8869324266507741 -0.268069254514387 101.3290033662936
 0.770000 -0.3913579356738292 0.8796230862862193 -0.27037417084001447 100.36734783824897
 0.780000 -0.40665505321610057 0.8719105803145909 -0.27277024696488417 99.43216860147939
 0.790000 -0.4208545482300757 0.8648628086169554 -0.2736672642192528 98.41612747544669
 0.800000 -0.4344665524286437 0.8581159871838532 -0.27363436801734137 97.34082938318488
 0.810000 -0.44775962138037584 0.8514610647147267 -0.2729933639049977 96.2163867434752
 0.820000 -0.46090270048836535 0.8447761048939111 -0.2718860667316438 95.05263743573552
 0.830000 -0.4739679429651791 0.8380072425276706 -0.27036688131597525 93.86322940143218
 0.840000 -0.48701473203712586 0.8311052581464599 -0.26847849198793006 92.65293812008863
 0.850000 -0.5001350149173892 0.8239947556750897 -0.26626605017074934 91.4187797088025
 0.860000 -0.5133205523951253 0.8166483418379742 -0.263794420452842 90.1687565631105
 0.870000 -0.5266444174817888 0.8089933530886367 -0.2611042171120021 88.89433614522804
 0.880000 -0.5400522662634222 0.801068824091531 -0.2581323086565367 87.6123954236357
 0.890000 -0.5535552863837969 0.7928552983674958 -0.2548666725312309 86.3241355345373
 0.900000 -0.5671537817947936 0.7843356814876684 -0.2513048478265758 85.0305171346254
 0.910000 -0.5808188053104657 0.7755086957289495 -0.24745863946628935 83.73207986949507
 0.920000 -0.5945198005165957 0.7663871183506028 -0.2433043189504995 82.4309898126432
 0.930000 -0.6082611068156807 0.7569495880094941 -0.23884251536864237 81.1274014840342
 0.940000 -0.6220176702717519 0.7472588973116551 -0.23387637387789217 79.71815060418425
 0.950000 -0.635674822024661 0.73712541314822 -0.22926762949658155 78.28125660804459
 0.960000 -0.6493513213120942 0.7265507877710643 -0.22464820119351808 76.83539238028212
 0.970000 -0.663574863125085 0.7154359075734953 -0.21867753241477264 75.40965763793325
 0.980000 -0.6776912852865657 0.7039228351516924 -0.2126667910103638 73.99933508082182
 0.990000 -0.6920769310430278 0.69141509970714 -0.20730335601487393 72.61609111757022
 1.000000 -0.7060794904681713 0.6788532174618347 -0.2015193843825516 71.24023219401137
 1.010000 -0.7197907406570322 0.6661565935814955 -0.19528615540354974 69.88204336374395
 1.020000 -0.7336747226602727 0.6524072953754931 -0.18996347614793235 68.52495591978199
 1.030000 -0.7472354432135752 0.6387144126529906 -0.18352953842571837 67.22531005200159
 1.040000 -0.7620790694057673 0.6227399561198045 -0.17728631934118214 65.96926723906286
 1.050000 -0.7771619690926569 0.6055654317973597 -0.17120099768430525 64.7845416251435
 1.060000 -0.7921407258298842 0.5876556198304723 -0.16484520910043982 63.666346311108185
 1.070000 -0.8068764995712665 0.5691993650733822 -0.1579949278922541 62.60865400003755
 1.080000 -0.822270595364354 0.5484997947462972 -0.15172027933806526 61.67895692858183
 1.090000 -0.8372685831009611 0.5271974028016031 -0.145066254626475 60.8106247394853
 1.100000 -0.8514308101749819 0.506098501054424 -0.13758591030784767 59.942743618493495
 1.110000 -0.8646475509237065 0.48555972527558977 -0.12890448352144412 59.05288288683854
 1.120000 -0.87705900624247 0.46575563008680243 -0.11764009780434821 58.192999619905684
 1.130000 -0.8884270681848581 0.44720538899871304 -0.10346344555913055 57.34546170581847
 1.140000 -0.898968040766908 0.4293007378797822 -0.0869329519548339 56.4990082536608
 1.150000 -0.9091645061457174 0.41051131611209074 -0.07000257215797678 55.60509506605371
