0.0 1.15 1.0
Linear 1 explicit
 0.000000 0.0
 0.010000 -0.9999999988999927
 0.020000 -0.9999999991471249
 0.030000 -1.0000000003416787
 0.040000 -1.0000000043949335
 0.050000 -1.000000000992837
 0.060000 -0.9999999965866107
 0.070000 -0.999999997359755
 0.080000 -1.0000000058613143
 0.090000 -1.000000002813247
 0.100000 -1.000000003456012
 0.110000 -1.0000000009105114
 0.120000 -1.0000000003347753
 0.130000 -0.9999999981983684
 0.140000 -0.9999999992966281
 0.150000 -1.0000000000126839
 0.160000 -0.9999999990067866
 0.170000 -1.0000000009501577
 0.180000 -0.9999999999040236
 0.190000 -0.9999999980452782
 0.200000 -0.9999999999535334
 0.210000 -0.9999999985935161
 0.220000 -1.0000000054976315
 0.230000 -1.0000000028117375
 0.240000 -0.9999999976965569
 0.250000 -0.999999998892713
 0.260000 -0.9999999967262106
 0.270000 -0.9999999946542502
 0.280000 -0.9999999972946769
 0.290000 -1.000000003555024
 0.300000 -0.9999999987123978
 0.310000 -0.9999999991853206
 0.320000 -1.0000000003277567
 0.330000 -1.000000004634008
 0.340000 -1.0000000137901894
 0.350000 -0.9999999961197825
 0.360000 -0.9999999987530165
 0.370000 -0.9999999919600605
 0.380000 -0.9999999968934761
 0.390000 -1.0000000087529668
 0.400000 -0.9999999955663259
 0.410000 -1.000000002869552
 0.420000 -0.9999999932604305
 0.430000 -1.0000000183829199
 0.440000 -0.9999999946778093
 0.450000 -1.0000000087480847
 0.460000 -0.9999999918518874
 0.470000 -0.9999999954191785
 0.480000 -0.9999999985235518
 0.490000 -0.9999999910031271
 0.500000 -0.9999999925513334
 0.510000 -0.9999999929591745
 0.520000 -1.0000000096751407
 0.530000 -0.9999999987139916
 0.540000 -0.9999999930958915
 0.550000 -1.0000000046615198
 0.560000 -0.9999999965470986
 0.570000 -0.9999999879390516
 0.580000 -1.000000001189352
 0.590000 -1.000000008688205
 0.600000 -0.9999999985659503
 0.610000 -1.000000002332908
 0.620000 -1.0000000072128896
 0.630000 -1.0000000168047924
 0.640000 -0.9999999933561621
 0.650000 -1.0000000045108
 0.660000 -1.000000000249287
 0.670000 -1.0000000026471696
 0.680000 -1.0000000036253678
 0.690000 -0.9999999907866274
 0.700000 -0.9999999929314898
 0.710000 -0.999999997416392
 0.720000 -0.999999972120537
 0.730000 -1.0000000090212235
 0.740000 -0.9999999907204915
 0.750000 -0.9999999951116821
 0.760000 -0.9999999933304473
 0.770000 -1.0000000028700957
 0.780000 -0.9999999888544555
 0.790000 -0.9999999970701605
 0.800000 -0.9999999927984455
 0.810000 -1.000000005721456
 0.820000 -0.9999999856745047
 0.830000 -0.9999999994990624
 0.840000 -1.0000000116655832
 0.850000 -0.9999999878132044
 0.860000 -0.9999999941667748
 0.870000 -0.99999998742211
 0.880000 -1.0000000023817333
 0.890000 -1.000000001081655
 0.900000 -1.0000000138593874
 0.910000 -0.9999999887048813
 0.920000 -1.0000000207494957
 0.930000 -0.9999999947224595
 0.940000 -0.9999999891203927
 0.950000 -0.9999999879407162
 0.960000 -1.0000000064734778
 0.970000 -1.0000000059201497
 0.980000 -1.0000000027858469
 0.990000 1.0000000015705477
 1.000000 -0.999999987920853
 1.010000 -1.0000000101662554
 1.020000 1.0000000084321916
 1.030000 -0.5370220588392445
 1.040000 0.9999999897149883
 1.050000 0.9999999924149152
 1.060000 0.9999999984364194
 1.070000 0.9999999987142427
 1.080000 1.0000000245503633
 1.090000 1.0000000138803138
 1.100000 1.000000003893068
 1.110000 1.0000000073720032
 1.120000 0.9999999978996682
 1.130000 -0.9999999937264027
 1.140000 -1.0000000109937568
 1.150000 1.000000009734554
