0.0 1.15 1.0
Linear 4 explicit
 0.000000 0.09634996214810491 0.9900217039157866 0.1028285493904358 71.13203462837271
 0.010000 0.08295246765257641 0.9926980236720605 0.08757580663592843 71.99740323644349
 0.020000 0.07381421625836837 0.9947197291582361 0.07130302869814165 72.05010278482686
 0.030000 0.06628523185224584 0.99637387196828 0.05334205936436809 71.75614834988892
 0.040000 0.05722246749069864 0.9977959988083777 0.03359663638324443 72.27742917365796
 0.050000 0.04714261794478032 0.998799247392397 0.0133280524343864 73.1786313795107
 0.060000 0.03727954386221578 0.9992796317250188 -0.007103043638886093 74.26942768503439
 0.070000 0.027734028824760688 0.9992438358875583 -0.027250322674531643 75.4657587969387
 0.080000 0.020774151662719183 0.9987473501583441 -0.04552104100721337 76.73113305094576
 0.090000 0.012317420443858905 0.9979357466418428 -0.06302798368976154 78.03907080334223
 0.100000 0.0030311286127683206 0.9968240297566097 -0.07957804948053591 79.40423524397144
 0.110000 -0.012614765699382056 0.9948770482037316 -0.100302176665213 79.56060446848059
 0.120000 -0.03235806697806478 0.9919650265796949 -0.12230429896037273 79.25315503843855
 0.130000 -0.0554850663444658 0.9881637940897662 -0.14301651465082027 79.97641197799365
 0.140000 -0.07794349989473784 0.9831339355196128 -0.1654462923545785 79.94220845908781
 0.150000 -0.10046288572503827 0.9768763916467669 -0.18873188399152444 79.71207401123299
 0.160000 -0.1213636657145758 0.9709878623537624 -0.2060423058645764 80.67188192163925
 0.170000 -0.13831191350946168 0.9640831428826824 -0.2267454700557444 80.83811426118199
 0.180000 -0.1570320557311587 0.9561069488857752 -0.2473872182736609 80.83817953420379
 0.190000 -0.1754787249473697 0.9474272861923306 -0.26756074911892636 80.78756361885985
 0.200000 -0.1930375109693758 0.938300738554882 -0.286928986660656 80.75895978705206
 0.210000 -0.20996248861150682 0.9289580718219136 -0.30488137721575487 80.78192221318835
 0.220000 -0.2258849816368472 0.9195506134398991 -0.3215628156258528 80.8460242126411
 0.230000 -0.2407055232941319 0.9101913452937606 -0.3370646317963852 80.9494309446545
 0.240000 -0.2538491513747329 0.9010391500496642 -0.35169455273590294 81.10637000269361
 0.250000 -0.2638292555619472 0.8929621901038015 -0.3647089948913394 81.32664351291172
 0.260000 -0.2718259095802788 0.8857762064591647 -0.37617972692805407 81.58350852441251
 0.270000 -0.27958932580278834 0.8821401474344016 -0.37902317763107096 82.84448871465267
 0.280000 -0.28280472471890983 0.8779075186906187 -0.38639342166132007 83.3323359747369
 0.290000 -0.2805244730300655 0.8775139554825545 -0.3889412268769737 84.40270385809252
 0.300000 -0.27620491766463473 0.8788467857534654 -0.38902335486275724 85.66480963588627
 0.310000 -0.2786440046756588 0.8787497104322086 -0.38750027751425037 87.3293309737078
 0.320000 -0.2774541540979395 0.8791026677149723 -0.3875534698466988 89.1491013851487
 0.330000 -0.2753367747571727 0.8769385522128341 -0.39391424969043226 90.16455120672445
 0.340000 -0.2702482730247331 0.8770533922546577 -0.39716900440712505 91.73256015140748
 0.350000 -0.2645682246599243 0.8754900295535908 -0.4043771292402038 92.60937298389045
 0.360000 -0.25843886703624525 0.8734342227430009 -0.4127008729653379 93.21138533393301
 0.370000 -0.2503653616486877 0.8716893202761696 -0.4212777167178336 93.72292156745496
 0.380000 -0.24181245186802588 0.8701815903610328 -0.4293142647505639 94.17494687974308
 0.390000 -0.23281394290072063 0.8689625285774487 -0.4366941629095891 94.60171088705779
 0.400000 -0.2249186164662053 0.8672928474353713 -0.4440886541608261 94.92144712154102
 0.410000 -0.2157395139697284 0.8663810561968557 -0.4503779830046384 95.35712507405476
 0.420000 -0.20588104273334967 0.8658755356067549 -0.45593042570193093 95.7997961373194
 0.430000 -0.19516216444575027 0.8652137800044776 -0.4618623652769442 96.2496070008223
 0.440000 -0.18432601041161709 0.8662050909770344 -0.4644487724724914 97.13654950095952
 0.450000 -0.17312073309909407 0.8681109337649593 -0.4652016965241665 98.56280252873823
 0.460000 -0.16231150592973417 0.8683795481654815 -0.4685850353679 99.34541441794823
 0.470000 -0.151369782073485 0.8680787139414333 -0.47278592986341356 99.90343439712085
 0.480000 -0.14012412028617743 0.8676028658843861 -0.4771063801954705 100.36360088627755
 0.490000 -0.12859271762305557 0.8671456006087482 -0.4811677673319466 100.77126672573398
 0.500000 -0.11847450808967307 0.8660833447697145 -0.4856577301406969 101.05152738594794
 0.510000 -0.10911408631489741 0.8647763008479776 -0.4901592248028729 101.32107071073023
 0.520000 -0.09860040007299245 0.863328085271789 -0.494916738741369 101.64001361540913
 0.530000 -0.09071209618361001 0.8587756295289831 -0.5042576065197969 102.29965865750596
 0.540000 -0.09158760427309942 0.8535214634690104 -0.5129452428293227 104.33864926895593
 0.550000 -0.09282168290344049 0.8448652090714285 -0.5268651760020436 106.03949308271528
 0.560000 -0.09140180155445989 0.8332660541123573 -0.5452645172176721 107.66414542640881
 0.570000 -0.09264342286034319 0.8218897338797974 -0.5620626847102692 110.02303068394382
 0.580000 -0.09575185522714931 0.8088286729050385 -0.5801963116973713 112.22553105917184
 0.590000 -0.09208804062217629 0.7925773994938533 -0.6027776195131413 113.53422045029909
 0.600000 -0.08473213468153472 0.775015258207756 -0.6262362293076597 114.48866444880014
 0.610000 -0.07431466144399364 0.7572440272460342 -0.6488904486079851 115.2384459732794
 0.620000 -0.06928478188468974 0.7397821253190408 -0.6692697707633553 115.77122624606592
 0.630000 -0.06866029630376162 0.7223392984702786 -0.688121865367571 116.26160224123284
 0.640000 -0.07125353924724794 0.7057542094383552 -0.7048644756297364 116.82699124603509
 0.650000 -0.08584327754718263 0.6832227582138621 -0.7251466019768691 117.06004891654524
 0.660000 -0.10333856469243831 0.6594745728549188 -0.7445901079151731 117.19577479902034
 0.670000 -0.12185625010388015 0.6356266847784319 -0.7623186813322893 117.28349160550445
 0.680000 -0.14037413905814025 0.6115703363598639 -0.7786378007574309 117.33941046777755
 0.690000 -0.15854497106124135 0.5878625553997651 -0.793272404732478 117.38439591303585
 0.700000 -0.17599916149508418 0.5647244412128788 -0.8062943635235391 117.41125114319733
 0.710000 -0.19248753882546327 0.5424456894551108 -0.8177415370326282 117.40876411009388
 0.720000 -0.20157589628832412 0.5261809555531629 -0.8261360420951982 115.96586115503642
 0.730000 -0.2094837867432748 0.509798317623261 -0.8343993159394312 114.55661851755117
 0.740000 -0.21655793057000727 0.49380818281265704 -0.8421734627109178 113.19137671106647
 0.750000 -0.2231993373067201 0.47858699584244163 -0.8491975878653611 111.86581893076732
 0.760000 -0.22975850530813766 0.46419396644800104 -0.8554150985058906 110.56632064524548
 0.770000 -0.23652519900686558 0.45050435190136784 -0.8608726149394527 109.27744008552378
 0.780000 -0.2437254909202765 0.4372746895940934 -0.8656724154760042 107.98424651756817
 0.790000 -0.25104656870363534 0.4243961785524237 -0.869979025018552 106.75797785799679
 0.800000 -0.25875077336219454 0.411804887029849 -0.8737647122096426 105.56101438689322
 0.810000 -0.26699450098850824 0.3991446970939077 -0.8771530352359902 104.366086330229
 0.820000 -0.27583820056127895 0.3861413182928777 -0.8802318838909178 103.16034540951911
 0.830000 -0.28523945276069024 0.3725889479686713 -0.8830718716165636 101.93987960720698
 0.840000 -0.2950492683867333 0.35837847892373925 -0.8857261399940505 100.71204405142564
 0.850000 -0.30509143039388864 0.3434513621463631 -0.8882344177862164 99.48957993071649
 0.860000 -0.3151295655537732 0.32800414975748177 -0.8905653455281997 98.26881310712898
 0.870000 -0.32483801157128644 0.31196703679387383 -0.8928363983353628 97.07607729071104
 0.880000 -0.33414361304741697 0.29546877494463175 -0.8950118708108494 95.93226869693295
 0.890000 -0.34288606374708985 0.2785989270846534 -0.8971130280601808 94.8512449112154
 0.900000 -0.3509374794270946 0.2614740763581646 -0.8991519298349987 93.84474979876217
 0.910000 -0.35820376182016656 0.24437211308565143 -0.9010950756518066 92.92714759480461
 0.920000 -0.3649054523372659 0.22730628197117583 -0.9028709016415225 92.115843271163
 0.930000 -0.370937289313144 0.21037309367180265 -0.9045157206240099 91.38703192484454
 0.940000 -0.37752760531133706 0.19398736696774102 -0.9054511630589528 90.70721377751624
 0.950000 -0.3860615008061653 0.1806869512628716 -0.9046041914774771 89.96546932979194
 0.960000 -0.39549948168351107 0.16923378024173538 -0.9027403212514472 89.19031977458117
 0.970000 -0.3997116423319119 0.15613074928644738 -0.9032462521990213 88.58727969174285
 0.980000 -0.40527770981067357 0.14511432066518448 -0.9026027985046897 88.00125601086249
 0.990000 -0.41625749183312505 0.1341055891189155 -0.8993027251486924 86.78583146398586
 1.000000 -0.42471362218670367 0.12491231506350389 -0.8966689760856711 85.98028960464761
 1.010000 -0.4320166385050867 0.11780917632946475 -0.89413792114379 85.27860938138679
 1.020000 -0.4441573728045115 0.1101349914231293 -0.8891538178783361 83.91792764250411
 1.030000 -0.45312523918071373 0.10246904028777432 -0.885538036111337 82.88031583466514
 1.040000 -0.46189456512819327 0.09666731693888543 -0.8816512011792841 80.32179705736404
 1.050000 -0.470088679604065 0.08880652012621361 -0.8781401000359675 77.6110620417866
 1.060000 -0.4774614601647112 0.0791102097133094 -0.875084069547891 74.92249531034729
 1.070000 -0.4837242482820584 0.06750801380128918 -0.8726130412138948 72.31465606524188
 1.080000 -0.4880763797201117 0.04341770837241455 -0.8717203394202737 69.83258227043349
 1.090000 -0.4945702769261183 0.015818034333150092 -0.8689936886830985 67.61013971348781
 1.100000 -0.5025181335619234 -0.01378980269610089 -0.8644566887837952 65.69032126255792
 1.110000 -0.5119615115639 -0.04420065978679255 -0.8578704519632431 64.1404187288622
 1.120000 -0.5205357723116566 -0.07509138311249462 -0.8505314773282407 63.032705769749114
 1.130000 -0.5229002719704566 -0.0980912506093788 -0.8467310152150508 62.80286465372603
 1.140000 -0.5235707633742102 -0.11482775842777256 -0.8442086481635922 62.99078250594074
 1.150000 -0.5307420351359632 -0.13377568875144866 -0.836909169049313 62.85239448971167
