0.0 1.15 1.0
Linear 4 explicit
 0.000000 -0.01989266855405011 0.9996403469494912 -0.01798495172358615 86.52254885162327
 0.010000 -0.020706617227796282 0.9996243573493325 -0.017954949092534703 86.20744817026298
 0.020000 -0.021507662653836537 0.9995929282202477 -0.018745620801654605 85.69832982315869
 0.030000 -0.02244376345823126 0.9995419342199723 -0.02030268991113381 85.05150444315431
 0.040000 -0.02377072112508076 0.9994740754803491 -0.02205731760425536 84.30829548742965
 0.050000 -0.02541853262932507 0.9993870609614005 -0.024070741199762716 83.49939607295799
 0.060000 -0.027444749879168274 0.99927489670944 -0.02639065195117148 82.64735278040271
 0.070000 -0.029819627419426713 0.9991334172304397 -0.029037981920076967 81.76848623131454
 0.080000 -0.0325034357234697 0.9989540142276835 -0.03216215360587025 80.9026230510034
 0.090000 -0.0354173777245293 0.9987341784232143 -0.035716245665315144 80.01730971631821
 0.100000 -0.03840257926510537 0.9984706024895917 -0.03977056537012193 79.12762494984406
 0.110000 -0.038495897829523174 0.9982693466444532 -0.04445646635030112 78.29438417370936
 0.120000 -0.03663939460251896 0.998116520855713 -0.04920330840551392 77.92366231857613
 0.130000 -0.03391896824437953 0.9979866127372555 -0.05359313753136552 77.8531145589119
 0.140000 -0.030409998297411013 0.997846380281898 -0.058119130773483185 78.03263712133625
 0.150000 -0.026651660474884622 0.9976762280511449 -0.06270432979923732 78.3929503697045
 0.160000 -0.023326746917737326 0.9974610841388263 -0.06728483117934651 78.88410035118318
 0.170000 -0.020860233832028018 0.9971542589123572 -0.07244470013341697 79.48941655917352
 0.180000 -0.018227747971349306 0.9968232333975399 -0.07753186804641585 80.16892759902842
 0.190000 -0.015608197337633549 0.9964589805547296 -0.08261890974648887 80.90351151198595
 0.200000 -0.013138467465846885 0.9960536646089444 -0.08777515532165861 81.6784755985039
 0.210000 -0.010914619922787161 0.9956006885033308 -0.09305987386427389 82.48925560449871
 0.220000 -0.008929320930543817 0.9950980383529604 -0.09848939685981048 83.32571259277486
 0.230000 -0.0071460097004714795 0.9945466392554554 -0.10404766643726307 84.17562716432845
 0.240000 -0.005546352828552845 0.9939411739544648 -0.10977331501016838 85.03806799946466
 0.250000 -0.004271477687926552 0.9932608485785169 -0.1158215919396989 85.91176458682457
 0.260000 -0.003225389433596685 0.9925126804109511 -0.12209904211938258 86.7955304929191
 0.270000 -0.0018970832941927055 0.9916926916039321 -0.12861573190836095 87.693128884394
 0.280000 -0.0015684278969376583 0.9907691996538905 -0.13555048155990113 88.60643599447442
 0.290000 -0.0023094315346430735 0.989741261204875 -0.14285272974140212 89.59266394168296
 0.300000 -0.003829073977728384 0.988651678263401 -0.1501772195089316 90.63741623063814
 0.310000 -0.004003136580798862 0.9875637032156884 -0.1571684032763303 91.62822185426424
 0.320000 -0.004563509702162066 0.9864533296925406 -0.16397866543455572 92.66094401033264
 0.330000 -0.0058860262955990166 0.9853384689399155 -0.17050940244335708 93.71760112781844
 0.340000 -0.007954775146952838 0.9841556486331777 -0.17712814800525256 94.83074642524359
 0.350000 -0.01052376259940763 0.9829266458295177 -0.18369665032080829 95.96889144092054
 0.360000 -0.013583939177050515 0.9816354502338489 -0.19028220999510947 97.13174203633481
 0.370000 -0.017015137066277854 0.9802612063192192 -0.196973227866644 98.31122633788183
 0.380000 -0.020636306540870133 0.978796415854355 -0.20379332462821223 99.51447960474087
 0.390000 -0.02434032382113005 0.9772361724575158 -0.21075343858847656 100.73615013838977
 0.400000 -0.027980701538760484 0.9756031079466091 -0.21775136304123496 101.97198075489317
 0.410000 -0.03166685762015839 0.9738584834357571 -0.2249374676852921 103.218237664017
 0.420000 -0.035329547507525864 0.971985103507616 -0.23237207584432854 104.47478129147935
 0.430000 -0.040838428598850195 0.9702404963053277 -0.2386746783359474 105.62950724560446
 0.440000 -0.04556004037557573 0.9683134908016023 -0.24554687180371707 106.82967247994831
 0.450000 -0.0514417406093552 0.9665063011148086 -0.25143451876870593 107.94661423872891
 0.460000 -0.058197374905188726 0.9647019591993234 -0.25683301086724 108.97960881573833
 0.470000 -0.0657376483260011 0.9628277988448282 -0.26199463995316763 109.95563283626699
 0.480000 -0.07394987879643994 0.9608199079091323 -0.2671264120065224 110.87809502228579
 0.490000 -0.0826759968722902 0.9586902364881897 -0.27217220652262025 111.76853635779466
 0.500000 -0.09167469400910817 0.9564714516941779 -0.27705254478594527 112.63351142919112
 0.510000 -0.10085923484998532 0.9541553606830289 -0.28180660465169116 113.47693077258216
 0.520000 -0.11017518130379499 0.9517449369045655 -0.2864315005393096 114.2988918535363
 0.530000 -0.11890455933547621 0.9497856455007111 -0.28942863260229396 114.99795315709812
 0.540000 -0.1257064939666639 0.9486885873920308 -0.290151411381579 115.48470231328841
 0.550000 -0.13193746389975172 0.9480838088191488 -0.2893606695366139 115.81714372494287
 0.560000 -0.14009799584218188 0.947848706568303 -0.28627850254219067 116.0635835307071
 0.570000 -0.14838206215999653 0.9479442903172998 -0.28175234885263667 116.22956284933156
 0.580000 -0.15606202414183343 0.9480301019294913 -0.27727886766991844 116.34050194252997
 0.590000 -0.16526070394536604 0.947761086751498 -0.2728329565340335 116.4583671008238
 0.600000 -0.17626567767110338 0.946833966586793 -0.2691390915357088 116.24450859831728
 0.610000 -0.18877083516306237 0.9452628490666045 -0.2661648323244931 115.80672894999174
 0.620000 -0.20086348946104582 0.9433512430796704 -0.264087657382114 115.19118605922094
 0.630000 -0.21218554369700873 0.9413769776317709 -0.26227215069632753 114.4251435453905
 0.640000 -0.22266616092759095 0.9394824603801927 -0.26036990497318957 113.53716273141005
 0.650000 -0.23398292873924978 0.9372092753555292 -0.25863248683444007 112.61996414972137
 0.660000 -0.2454124344597455 0.9346181793853504 -0.2574132781636451 111.65655021483782
 0.670000 -0.25690806708156 0.9317263467264663 -0.2566792938360423 110.65691452029144
 0.680000 -0.2684075236096385 0.9285444582086867 -0.2564421774975361 109.62892037068076
 0.690000 -0.2799692582499972 0.9250847345564129 -0.25658419344464195 108.58343512319026
 0.700000 -0.29161011235216644 0.9213488917765519 -0.2570598412745105 107.52886262849691
 0.710000 -0.30336187218791044 0.9173265686263298 -0.2578440245475728 106.47377897801205
 0.720000 -0.3169174759027965 0.9122127448222322 -0.2596752234066417 105.4224850091331
 0.730000 -0.331300922107401 0.9065213243179144 -0.26164630241545606 104.37356804701119
 0.740000 -0.34605920670556595 0.9003844342351124 -0.2637250387078005 103.33399226147071
 0.750000 -0.36103857051260213 0.8938515777026347 -0.2658580591983766 102.31804364173382
 0.760000 -0.37615049152669067 0.8869329256451208 -0.26806863511200946 101.32906158535378
 0.770000 -0.39135721972616816 0.879623594652634 -0.2703735532528701 100.3674062427935
 0.780000 -0.4066543566714171 0.8719110959208588 -0.27276963725870046 99.43222651071751
 0.790000 -0.4208538711488331 0.8648633281344928 -0.2736666636387595 98.41618459660967
 0.800000 -0.4344659376877019 0.8581164756354651 -0.27363381229686135 97.34088202421106
 0.810000 -0.4477590697594879 0.8514615182538368 -0.2729928540841119 96.21643457959651
 0.820000 -0.460902198104078 0.8447765307803056 -0.2718855951050382 95.05268153583383
 0.830000 -0.47396747021592467 0.8380076583424384 -0.2703664212444652 93.86327170450406
 0.840000 -0.4870142841104872 0.8311056665436901 -0.26847804027763283 92.65297895483296
 0.850000 -0.5001345851962135 0.82399516070432 -0.2662656039117209 91.41881949578149
 0.860000 -0.5133201335609676 0.8166487492087406 -0.2637939743374548 90.16879582483566
 0.870000 -0.5266440056029001 0.8089937657607362 -0.2611037692619461 88.89437514029893
 0.880000 -0.5400518382581355 0.8010692628750248 -0.2581318424194756 87.61243614202502
 0.890000 -0.5535548485553632 0.7928557580483128 -0.2548661934633233 86.32417741672757
 0.900000 -0.5671533366809217 0.7843361600085964 -0.2513043588851305 85.0305598655611
 0.910000 -0.580818369975288 0.7755091745853986 -0.24745816057087935 83.73212152237491
 0.920000 -0.5945193746399956 0.7663875976116152 -0.24330384995878204 82.43103036579944
 0.930000 -0.6082606765948715 0.7569500777005851 -0.2388420590629452 81.12743920174381
 0.940000 -0.6220172430834306 0.7472593939050141 -0.2338759233602286 79.71818615092816
 0.950000 -0.6356743851716997 0.7371259350408726 -0.22926716277456924 78.28129217880428
 0.960000 -0.6493508659646343 0.7265513437784453 -0.2246477191620578 76.83542824696276
 0.970000 -0.6635743736363616 0.7154365171421269 -0.21867702346760995 75.4096951661824
 0.980000 -0.6776907702219855 0.7039234936314416 -0.21266625277565276 73.99937518538903
 0.990000 -0.6920764051560115 0.6914157919156222 -0.2073028029622979 72.61613238091985
 1.000000 -0.7060789259257738 0.678853981166767 -0.20151878973816903 71.24027652253804
 1.010000 -0.7197901999690486 0.6661573485667953 -0.1952855728899962 69.88208639731322
 1.020000 -0.733674216291392 0.6524080249337689 -0.18996292625465258 68.52499604792801
 1.030000 -0.7472349308904224 0.6387151701436269 -0.18352898813425478 67.22534969306294
 1.040000 -0.7620786075417451 0.6227406633622646 -0.1772858204210409 65.96930282907907
 1.050000 -0.7771614477443128 0.6055662598552536 -0.17120043535249307 64.7845812928564
 1.060000 -0.792140165049878 0.5876565464520693 -0.164844600538746 63.666389168292156
 1.070000 -0.8068759384583293 0.5692003344574452 -0.15799430113305651 62.60869772405995
 1.080000 -0.8222700733078645 0.5485007453334565 -0.15171967212896906 61.678999654695765
 1.090000 -0.8372680385261327 0.5271984481514604 -0.14506559871070124 60.810671301948545
 1.100000 -0.8514302599270017 0.5060996088894258 -0.13758524035160288 59.94279141572473
 1.110000 -0.8646470443657477 0.4855607934690448 -0.12890385764316076 59.0529275258229
 1.120000 -0.8770585654005338 0.465756598172363 -0.11763955166722395 58.19303786545703
 1.130000 -0.8884267293822539 0.447206160392277 -0.10346302057425426 57.34549143130579
 1.140000 -0.8989678171228233 0.42930126341456937 -0.08693266939465619 56.49902762231192
 1.150000 -0.9091643824972901 0.41051161666990527 -0.07000241551105094 55.605104813071904
