0.0 1.15 1.0
Linear 4 explicit
 0.000000 -0.01989266855405011 0.9996403469494912 -0.01798495172358615 86.52254885162327
 0.010000 -0.02070665666363287 0.9996243573710868 -0.017954902401743703 86.20745816079462
 0.020000 -0.021507790925629707 0.9995929274666729 -0.018745513812805092 85.69835844890146
 0.030000 -0.022443999838310358 0.9995419325850384 -0.0203025090918423 85.05155572485315
 0.040000 -0.0237710585324791 0.9994740724627795 -0.02205709071731468 84.30836658350708
 0.050000 -0.025418977563373114 0.9993870557648752 -0.024070487100327977 83.49948657378563
 0.060000 -0.02744529008193343 0.999274889510069 -0.02639036276669948 82.64746114678728
 0.070000 -0.02982024659252252 0.9991334084379345 -0.029037648602399282 81.76861073854833
 0.080000 -0.0325041029404583 0.9989540055354817 -0.03216174927849361 80.90275999712918
 0.090000 -0.03541809861368562 0.9987341690218117 -0.03571579368994224 80.01745963795315
 0.100000 -0.03840337182240126 0.9984705907242868 -0.039770095440722825 79.12778989792035
 0.110000 -0.03849682562785215 0.9982693307472247 -0.04445601990807339 78.29457239206478
 0.120000 -0.036640468063446285 0.9981164929659907 -0.049203074795817016 77.9238670195083
 0.130000 -0.033920205484822386 0.9979865625999554 -0.053593288103945945 77.85333110646182
 0.140000 -0.030411423508844307 0.9978462992722592 -0.05811977588413916 78.03286336093764
 0.150000 -0.026653299241767837 0.9976761094211979 -0.06270552072752993 78.39318500206072
 0.160000 -0.023328577454025553 0.9974609252632513 -0.06728655175404874 78.88433830203344
 0.170000 -0.020862244967998923 0.9971540536440736 -0.07244694635446718 79.48965629061281
 0.180000 -0.01822992063183041 0.9968229827516151 -0.07753457971724995 80.16916751519484
 0.190000 -0.015610507069730925 0.9964586840205862 -0.08262204977478765 80.90374954124967
 0.200000 -0.013140897053415476 0.9960533219677199 -0.0877786797673639 81.67871002710761
 0.210000 -0.010917133860308202 0.9956002994686471 -0.09306374098550038 82.48948349473075
 0.220000 -0.008931916257004712 0.9950976022125128 -0.09849356802799596 83.32593403818258
 0.230000 -0.007148657952883361 0.994546156382444 -0.10405209999985551 84.1758407991555
 0.240000 -0.005549021069309191 0.9939406440194465 -0.1097779783534943 85.03827037789658
 0.250000 -0.004274072214746497 0.9932602791877394 -0.11582637909646164 85.91195000008562
 0.260000 -0.00322791152812164 0.9925120775085156 -0.12210387621569155 86.79570019080779
 0.270000 -0.0018995617906865556 0.9916920556107919 -0.12862059906346873 87.69328767293307
 0.280000 -0.001570853367148082 0.9907685339018293 -0.13555531951833802 88.60658468755466
 0.290000 -0.0023117844569176343 0.9897405704503913 -0.142857477428235 89.59280152886667
 0.300000 -0.003831359799967486 0.9886509715107824 -0.15018181385530446 90.63754648291379
 0.310000 -0.004005391403585692 0.9875629790121998 -0.15717289627748635 91.62834872750487
 0.320000 -0.004565703066587926 0.9864525954410911 -0.16398302138649273 92.66106382878485
 0.330000 -0.005888121881305658 0.9853377360737021 -0.17051356511979412 93.7177095485634
 0.340000 -0.007956761899622505 0.9841549213135952 -0.17713209984162673 94.83084242321898
 0.350000 -0.010525630447080233 0.9829259300187883 -0.18370037343563456 95.96897358010789
 0.360000 -0.013585682635166104 0.9816347502762628 -0.1902856964603378 97.13180992605393
 0.370000 -0.01701675193738126 0.9802605224073591 -0.1969764919048795 98.31127780594899
 0.380000 -0.020637813078086875 0.9787957460198596 -0.2037963891848443 99.5145172126244
 0.390000 -0.02434174163572847 0.9772355138860653 -0.21075632852651743 100.73617608103842
 0.400000 -0.027982177273510694 0.9756024492509578 -0.21775412457762106 101.9720096317731
 0.410000 -0.0316683640242518 0.9738578228694751 -0.2249401154884418 103.21826593171157
 0.420000 -0.0353309599062877 0.9719844371938214 -0.23237464819792755 104.47479450645082
 0.430000 -0.04083972368519235 0.9702398683236242 -0.23867700954359536 105.62951504719744
 0.440000 -0.04556133149674022 0.9683128697258977 -0.24554908143880452 106.82968247255285
 0.450000 -0.05144304002359207 0.9665057114682677 -0.2514365194882175 107.94663992935423
 0.460000 -0.05819858036815947 0.9647014252669843 -0.2568347432318689 108.97964327942225
 0.470000 -0.06573872241924797 0.962827329434877 -0.26199609552050146 109.95567365280014
 0.480000 -0.07395083154279779 0.9608195011868136 -0.26712761117722644 110.87814441410818
 0.490000 -0.08267684154398866 0.9586898887684575 -0.27217317473519076 111.76859567747985
 0.500000 -0.09167541988803786 0.956471152838318 -0.2770533363388555 112.6335779550111
 0.510000 -0.10085990786475338 0.954155099695843 -0.2818072474403902 113.4770117445873
 0.520000 -0.11017584272646234 0.9517446904666971 -0.2864320649787046 114.29898846936088
 0.530000 -0.1189053079411989 0.9497853534065147 -0.2894292835873223 114.99807073011176
 0.540000 -0.12570738469695586 0.9486882070345599 -0.29015226910400593 115.48484099169222
 0.550000 -0.13193850940098076 0.9480833227515632 -0.2893617854130064 115.81729773730372
 0.560000 -0.1400991327270644 0.9478481394278877 -0.28627982393493273 116.06373346269629
 0.570000 -0.14838333358945 0.9479436410311393 -0.2817538637561312 116.22971907500673
 0.580000 -0.15606334306237524 0.9480294375921928 -0.277280396730144 116.34067241812468
 0.590000 -0.16526199503888464 0.947760439985207 -0.2728344212060029 116.45854535078664
 0.600000 -0.17626690584768206 0.9468333598447735 -0.2691404216908753 116.24469872032552
 0.610000 -0.1887719847222334 0.9452622913092601 -0.26616599785246114 115.8069333201884
 0.620000 -0.20086464526143807 0.9433506750429427 -0.26408880737362006 115.19140962999758
 0.630000 -0.21218672966800192 0.941376365427096 -0.26227338860065275 114.42538116739438
 0.640000 -0.2226674095160459 0.9394817771909332 -0.2603713023080293 113.53741307264717
 0.650000 -0.23398425791372848 0.9372085001733778 -0.25863409336614834 112.62022138985155
 0.660000 -0.24541386185885117 0.9346172927460433 -0.25741513651605946 111.65681234987184
 0.670000 -0.2569095460698988 0.9317253678836636 -0.25668136664006297 110.6571746104535
 0.680000 -0.2684090154988943 0.928543408346547 -0.25644441739895996 109.62917427019559
 0.690000 -0.27997072238561976 0.9250836404388516 -0.25658654056531455 108.58367884174719
 0.700000 -0.29161151909518085 0.9213477773333463 -0.2570622398056616 107.52909390114095
 0.710000 -0.3033631992745995 0.9173254548281996 -0.2578464257074675 106.4739962986895
 0.720000 -0.3169185633740453 0.9122117725071575 -0.25967731184737974 105.42267017807463
 0.730000 -0.3313017420445224 0.9065205429009263 -0.26164797155123265 104.37371657260492
 0.740000 -0.3460597883782068 0.9003838455167346 -0.26372628537961057 103.33410768177265
 0.750000 -0.361038948463202 0.893851171678037 -0.26585891104566306 102.3181330008256
 0.760000 -0.3761507033514479 0.8869326822002199 -0.2680691433442774 101.32913200646036
 0.770000 -0.3913572986076107 0.8796234919254091 -0.27037377328339957 100.3674637296648
 0.780000 -0.406654330145506 0.8719111130018602 -0.2727696222048327 99.43227609777135
 0.790000 -0.42085378003714236 0.8648634258675916 -0.27366649488934824 98.41622710029371
 0.800000 -0.4344658192439807 0.8581166208627842 -0.27363354492403436 97.34092365431236
 0.810000 -0.44775894840755986 0.8514616841004417 -0.2729925358499678 96.21647755045483
 0.820000 -0.4609020843419507 0.8447767020303185 -0.2718852558636158 95.05272573693335
 0.830000 -0.47396737519614196 0.83800782055415 -0.2703660850398271 93.86331734396644
 0.840000 -0.48701421410549234 0.8311058074567953 -0.26847773105194056 92.65302441687479
 0.850000 -0.5001345462904974 0.8239952676872178 -0.26626534591619067 91.41886327610683
 0.860000 -0.5133201272505009 0.8166488140133765 -0.26379378599594633 90.16883774060457
 0.870000 -0.5266440388282222 0.8089937734706396 -0.2611036783586808 88.89441330907206
 0.880000 -0.5400519104790532 0.8010692047242115 -0.25813187178348235 87.61247094297718
 0.890000 -0.5535549624890402 0.7928556205705274 -0.254866373681349 86.32420909077787
 0.900000 -0.5671534911404773 0.7843359331589306 -0.2513047183060396 85.03058727980904
 0.910000 -0.5808185665736288 0.7755088444365256 -0.24745873378015923 83.73214543585671
 0.920000 -0.5945196139900454 0.7663871493538081 -0.2433046770747972 82.43105105338559
 0.930000 -0.6082609557719255 0.7569495018013891 -0.23884317324565182 81.1274574291979
 0.940000 -0.6220175513796152 0.7472586952540058 -0.23387733567617996 79.7182030441485
 0.950000 -0.6356746870786377 0.7371251435123147 -0.22926887056341844 78.28131605047103
 0.960000 -0.6493511381929612 0.7265505024184113 -0.22464965337845452 76.8354575215435
 0.970000 -0.6635746514557522 0.715435589825559 -0.21867921427591513 75.40972066263969
 0.980000 -0.6776910320361095 0.7039224854641106 -0.21266875547635514 73.99940507628844
 0.990000 -0.6920766107263988 0.6914148213580482 -0.20730535374630066 72.61616558131686
 1.000000 -0.7060790826808155 0.6788530380042 -0.20152141770314694 71.24031116373725
 1.010000 -0.7197903010890672 0.6661564407694626 -0.1952882968318163 69.88212427440124
 1.020000 -0.7336742355212623 0.6524072460244512 -0.18996552704920586 68.52503975489833
 1.030000 -0.7472348893220354 0.6387145016547486 -0.18353148382719423 67.22539511353555
 1.040000 -0.7620785590606096 0.6227401883486343 -0.17728769736113253 65.96933935475953
 1.050000 -0.777161422892276 0.6055659743255647 -0.1712015581330452 64.78460827634851
 1.060000 -0.7921401783411758 0.587656422763775 -0.1648449776065182 63.66640709735649
 1.070000 -0.8068759915620103 0.569200337045258 -0.15799402060960288 62.608710721368276
 1.080000 -0.82227020072998 0.5485008700551931 -0.15171853064202276 61.679002484637756
 1.090000 -0.8372682158966497 0.5271986955419782 -0.1450636759084711 60.810670755659935
 1.100000 -0.8514304211823724 0.5061000167959872 -0.1375827419566473 59.94279852486068
 1.110000 -0.8646471133478683 0.48556143313564165 -0.128900985374281 59.052953322660215
 1.120000 -0.8770584849707884 0.4657575342293956 -0.11763644524252913 58.19308817477238
 1.130000 -0.8884264243869516 0.44720742317290196 -0.10346018127796507 57.34557679539294
 1.140000 -0.8989672603325687 0.4293028960536077 -0.08693036460375025 56.499150631694675
 1.150000 -0.9091635733269703 0.41051372260134444 -0.07000057493564758 55.60526689928483
