0.0 1.15 1.0
Linear 1 explicit
 0.000000 0.0
 0.010000 -1.0000000000004245
 0.020000 -0.9999999999991942
 0.030000 -0.9999999999978255
 0.040000 -0.9999999999945957
 0.050000 -0.9999999999740962
 0.060000 -0.9999999999919567
 0.070000 -1.0000000000203477
 0.080000 -1.0000000000392084
 0.090000 1.0000000000144844
 0.100000 1.0000000000405638
 0.110000 1.0000000000075355
 0.120000 1.0000000000030715
 0.130000 1.000000000026195
 0.140000 1.00000000001036
 0.150000 1.0000000000146554
 0.160000 0.9999999999816562
 0.170000 -0.9999999999978373
 0.180000 1.0000000000169689
 0.190000 1.0000000000203546
 0.200000 1.0000000000518539
 0.210000 1.0000000000322982
 0.220000 0.9999999999960849
 0.230000 0.9999999999683937
 0.240000 1.0000000000018194
 0.250000 1.0000000000154918
 0.260000 1.0000000000227391
 0.270000 1.0000000000090783
 0.280000 0.9999999999946381
 0.290000 0.999999999989628
 0.300000 0.9999999999187892
 0.310000 0.9999999999800006
 0.320000 0.9999999999799739
 0.330000 0.999999999973474
 0.340000 1.0000000000344043
 0.350000 0.9999999999777803
 0.360000 0.9999999999688606
 0.370000 1.000000000017332
 0.380000 1.0000000000376428
 0.390000 1.0000000000861906
 0.400000 0.9999999999226085
 0.410000 1.0000000000684612
 0.420000 0.9999999999363591
 0.430000 1.000000000092867
 0.440000 0.999999999896721
 0.450000 0.9999999999544299
 0.460000 0.9999999999941117
 0.470000 1.0000000000005205
 0.480000 0.999999999907444
 0.490000 0.9999999999823613
 0.500000 0.999999999959726
 0.510000 0.9999999999236893
 0.520000 0.9999999998479366
 0.530000 1.0000000001564608
 0.540000 1.0000000000330458
 0.550000 0.9999999999179174
 0.560000 1.0000000001434068
 0.570000 0.9999999999642842
 0.580000 0.9999999999357156
 0.590000 1.0000000000218838
 0.600000 0.9999999997059704
 0.610000 1.0000000000559448
 0.620000 0.9999999999960952
 0.630000 1.0000000001331053
 0.640000 1.0000000000426579
 0.650000 0.9999999999514347
 0.660000 0.9999999999676275
 0.670000 1.000000000053579
 0.680000 0.9999999999014181
 0.690000 0.9999999999759571
 0.700000 1.0000000000674196
 0.710000 1.000000000085895
 0.720000 1.0000000000575184
 0.730000 0.9999999999615711
 0.740000 1.0000000000183626
 0.750000 0.9999999999215549
 0.760000 0.9999999999404096
 0.770000 0.9999999998641618
 0.780000 1.0000000001307043
 0.790000 1.0000000000820437
 0.800000 0.9999999999571542
 0.810000 0.9999999999117997
 0.820000 1.0000000000972213
 0.830000 0.9999999999589793
 0.840000 1.0000000000355624
 0.850000 1.00000000000293
 0.860000 1.0000000001412166
 0.870000 1.000000000074208
 0.880000 1.0000000001919784
 0.890000 0.9999999998784843
 0.900000 0.9999999999236034
 0.910000 0.999999999913508
 0.920000 0.9999999997977652
 0.930000 1.0000000000032425
 0.940000 1.0000000001895644
 0.950000 0.9999999998970861
 0.960000 0.9999999999563383
 0.970000 0.999999999988987
 0.980000 0.9999999998558593
 0.990000 0.9999999999079415
 1.000000 1.0000000000668985
 1.010000 0.9999999999583556
 1.020000 1.0000000002456424
 1.030000 1.0000000003081708
 1.040000 0.9999999998148872
 1.050000 1.0000000000706641
 1.060000 0.9999999998220716
 1.070000 1.0000000000384368
 1.080000 0.9999999998330379
 1.090000 1.0000000001733962
 1.100000 1.0000000000367273
 1.110000 0.9999999996413012
 1.120000 1.0000000001618625
 1.130000 1.0000000000516336
 1.140000 1.0000000002617007
 1.150000 1.0000000003079201
