0.0 1.15 1.0
Linear 4 explicit
 0.000000 -0.015198908601144208 -0.9541280458477458 -0.2990128179595249 169.11927500787112
 0.010000 -0.015578682052458064 -0.9543215445384698 -0.2983750899375107 169.35250270205148
 0.020000 -0.016201547580005318 -0.9545668135399411 -0.297556227197846 169.57817746180893
 0.030000 -0.01596894042246817 -0.9549375255300181 -0.29637698169120635 169.6358760636812
 0.040000 -0.016894368409022052 -0.955252551929003 -0.2953085544802037 169.84526134081855
 0.050000 -0.01796279368331313 -0.9555706550170617 -0.2942143118771661 170.05117265760254
 0.060000 -0.019121013125561016 -0.9559038280084643 -0.2930567495483022 170.25355164703333
 0.070000 -0.02032236019037648 -0.956247584504994 -0.29185194672069104 170.4543124308032
 0.080000 -0.020529670440985862 -0.956690308982539 -0.29038282547437017 170.4970567562536
 0.090000 -0.021499913100825736 -0.9570985207134312 -0.2889639690079348 170.70206894330926
 0.100000 -0.022388389810955797 -0.9574910824338758 -0.28759274514715677 170.9121573781245
 0.110000 -0.023078510246401673 -0.9579839722096511 -0.2858917476147657 170.65441300041357
 0.120000 -0.023800564510196107 -0.958492753479003 -0.2841217602670292 170.38917239939283
 0.130000 -0.024562316825044145 -0.9590470495132445 -0.28217981751380894 170.12311339421424
 0.140000 -0.025292697915159715 -0.9596263130294896 -0.28013857066387793 169.85891177346798
 0.150000 -0.026014473416189524 -0.9602239861536794 -0.2780164448158001 169.59606118691272
 0.160000 -0.028110975525882317 -0.9607577051667207 -0.27596087588236107 169.75906404848567
 0.170000 -0.027643360361327664 -0.9612719114479719 -0.2742118832018344 169.54605837578995
 0.180000 -0.02977585040025936 -0.9618009246510157 -0.27212566963333773 169.71104717383415
 0.190000 -0.031627823775883114 -0.9623285801752047 -0.27004330123366577 169.88901146442166
 0.200000 -0.03379941133352711 -0.9628293770735599 -0.2679872952914888 170.05793988913732
 0.210000 -0.03405973334307055 -0.9632401934994241 -0.2664737589178171 170.28522038680165
 0.220000 -0.03405511002892353 -0.9636350366714206 -0.2650429504442402 170.52211254102525
 0.230000 -0.03546367567251352 -0.96410919499771 -0.2631269424225925 170.71664223890366
 0.240000 -0.0360403187093695 -0.9645549988697641 -0.26140916124473607 170.93835144136443
 0.250000 -0.038042927158514164 -0.9650200601402176 -0.25940127066030894 171.1150794422995
 0.260000 -0.040151004031906086 -0.9654763279748676 -0.2573778486882578 171.28706260686673
 0.270000 -0.04210675505666547 -0.965915916205762 -0.2554084258574513 171.46386430978956
 0.280000 -0.04197251803355558 -0.9662994488685264 -0.25397575247709187 171.70192792228107
 0.290000 -0.04233193042420804 -0.9667009939381271 -0.2523830342665628 171.933261821799
 0.300000 -0.04407479866233702 -0.9671962446249808 -0.2501776099218491 172.1196222841186
 0.310000 -0.04475918140208604 -0.9676419945912111 -0.24832556449902163 172.3398645652817
 0.320000 -0.04657331953838283 -0.9681445480935579 -0.24602247845247033 172.5246599875596
 0.330000 -0.04847994389236566 -0.9686736146406795 -0.24355928095466475 172.70528823760614
 0.340000 -0.048181088529748846 -0.9691643548777635 -0.24165892481441079 172.94789067354603
 0.350000 -0.04784551362627565 -0.9696231898673271 -0.23987846192884268 173.19582203347787
 0.360000 -0.04932727451331704 -0.9701656878930436 -0.23737177175078192 173.39283026921484
 0.370000 -0.048820627355569676 -0.9707570994205134 -0.2350472298694035 173.49161609490832
 0.380000 -0.05008335799867697 -0.9713084320237687 -0.2324899721087002 173.39539454580006
 0.390000 -0.05172658424151923 -0.9718333272872642 -0.22992247488331835 173.58261004779197
 0.400000 -0.05319802908163548 -0.9723413317145823 -0.22742538191974568 173.7785117630199
 0.410000 -0.05374000743832057 -0.9728185668771002 -0.2252466371329754 173.99930353092617
 0.420000 -0.05317508184838973 -0.9732237039692613 -0.22362475869806692 174.25111882030805
 0.430000 -0.054133800234967284 -0.9737607382876392 -0.22104197846027468 174.462983007302
 0.440000 -0.05393016291458919 -0.9743453263439745 -0.21850108136954308 174.25643309904444
 0.450000 -0.05472133023190273 -0.9748908600367091 -0.215855013920309 174.46510203332792
 0.460000 -0.055179670033079574 -0.9754555314598985 -0.21317061279483993 174.38617777692306
 0.470000 -0.055625916729476255 -0.976001764411475 -0.21053815153955574 174.30363959547685
 0.480000 -0.05623851047000624 -0.9765124206883127 -0.20799212047951926 174.5199232010262
 0.490000 -0.056549830903619175 -0.977019575907404 -0.20551122820539178 174.44367363810673
 0.500000 -0.05684645974927965 -0.9775130861584364 -0.20306808317158773 174.36313734686445
 0.510000 -0.0571139128976297 -0.9779967889842259 -0.20064964911523123 174.28205486725113
 0.520000 -0.05735371976320183 -0.9784518126320568 -0.1983496941927726 174.20087251776076
 0.530000 -0.05757010651705024 -0.9788664518656158 -0.19622984545587274 174.11943189772472
 0.540000 -0.057771814953721724 -0.9792906836327504 -0.19404168198367427 174.0369079733363
 0.550000 -0.05799137186119541 -0.9796893746727092 -0.1919524158302065 173.95298481371225
 0.560000 -0.05844633393939248 -0.9800921161156942 -0.18974580358180643 173.8623951258603
 0.570000 -0.05898231587327695 -0.9805008314497748 -0.18745454366465816 173.7683003395967
 0.580000 -0.05937757942476399 -0.9809777025349237 -0.18481626062378478 173.67567795930353
 0.590000 -0.059755959632184365 -0.9814270022941348 -0.18229170155655747 173.58374962483106
 0.600000 -0.06042450401291716 -0.9817485774969434 -0.1803291709555638 173.48642100042062
 0.610000 -0.06128988180720517 -0.9819806629912506 -0.17876668565290008 173.38375162067015
 0.620000 -0.06229303458321176 -0.9821036449903567 -0.17774140862238616 173.27692732369218
 0.630000 -0.06334748155660615 -0.982171050354657 -0.17699470168811618 173.16701676310728
 0.640000 -0.0644263201321059 -0.9822053844813075 -0.17641380889874325 173.0546060090744
 0.650000 -0.06560352873518428 -0.9821784462102446 -0.1761297158844055 172.938952659785
 0.660000 -0.06687538737059548 -0.982097198449157 -0.17610444447074566 172.8200643028383
 0.670000 -0.06818459927722417 -0.9820053917039416 -0.1761143693336592 172.69866875821722
 0.680000 -0.06951525383763693 -0.9819108069955481 -0.17612153925411964 172.57553662566977
 0.690000 -0.07085980278709991 -0.9818238881349446 -0.17607027300641406 172.45118475779606
 0.700000 -0.07221902586755218 -0.9817462827720009 -0.17595069924868262 172.32600262365997
 0.710000 -0.07359397192369706 -0.9816778494780789 -0.17576270122124438 172.20030053729485
 0.720000 -0.07495697318346584 -0.9816578341767697 -0.175297885813112 172.0741534973729
 0.730000 -0.07631670934443673 -0.9816735149542114 -0.17462207739080565 171.94805449686424
 0.740000 -0.07785410342526927 -0.9816958546504408 -0.17381595882423448 172.12832152811148
 0.750000 -0.07918389825030119 -0.9817418038740952 -0.17295357985287196 172.0082682794977
 0.760000 -0.08051379484158541 -0.9817947093383651 -0.17203684941140457 171.88505829559148
 0.770000 -0.08182971653939634 -0.9818525848968179 -0.17108301792556455 171.76273054705072
 0.780000 -0.08312551404938699 -0.9819139822498032 -0.1701031462858883 171.6414228376899
 0.790000 -0.08430801844066284 -0.9819927655609259 -0.16906320242031744 171.5227273603011
 0.800000 -0.08537680492855415 -0.9820771452270218 -0.16803357403487784 171.40716412374172
 0.810000 -0.08637719849628596 -0.982154518239744 -0.16706729746180035 171.29400477666834
 0.820000 -0.08746220515356558 -0.9822167349931437 -0.1661344280066119 171.489974614148
 0.830000 -0.08829012351239121 -0.982284161516084 -0.16529573534973732 171.3856648155864
 0.840000 -0.0890778700592071 -0.9823460208479451 -0.16450358169329837 171.27859116897716
 0.850000 -0.08982514235000359 -0.9824010058571221 -0.16376723571189797 171.17251998248955
 0.860000 -0.09050418510151692 -0.9824515135078993 -0.16308898210838269 171.06801801286338
 0.870000 -0.09114196655810847 -0.9824918511206752 -0.16248970556127498 170.9647230007994
 0.880000 -0.09170401081855346 -0.9825277914383252 -0.16195528225753358 170.86310029573056
 0.890000 -0.09219846702229306 -0.9825575044090601 -0.16149363209792145 170.76308535803355
 0.900000 -0.09263244728409112 -0.9825793428664333 -0.16111196318811363 170.66455603066748
 0.910000 -0.09300891527646957 -0.9825927065843142 -0.16081329126165617 170.5674362573745
 0.920000 -0.09333923629038675 -0.9825958246669759 -0.16060271577950663 170.47151855354022
 0.930000 -0.09361806426914288 -0.9825904638016811 -0.16047317061894137 170.37682571623714
 0.940000 -0.09377927470414063 -0.9825882424626365 -0.16039262267994833 170.28443354009767
 0.950000 -0.09397508469094018 -0.9825757501640999 -0.16035454046202402 170.50235186868954
 0.960000 -0.09387161461486429 -0.9825832724470499 -0.16036905149325104 170.4195778741198
 0.970000 -0.09377356574582384 -0.9826002695240428 -0.1603222651367933 170.3325017354801
 0.980000 -0.0936774835057733 -0.9826042631533426 -0.16035395572577016 170.24555788685234
 0.990000 -0.09336170291318532 -0.9826578466418552 -0.16020970277215504 170.16175227400592
 1.000000 -0.09301576732049689 -0.9827052085644772 -0.1601203924864863 170.07929770447944
 1.010000 -0.09262946311076871 -0.9827571081895962 -0.1600257756320308 169.9978246675959
 1.020000 -0.09199865845136523 -0.982852971688692 -0.1598007599664538 169.9204359737618
 1.030000 -0.0913699668775681 -0.9829628218104599 -0.15948548551893363 169.84321637413095
 1.040000 -0.09022238887398769 -0.9832004011412308 -0.15867227779796297 169.77358219429712
 1.050000 -0.08895034033363385 -0.9834637339246343 -0.1577558905700415 169.7072976560725
 1.060000 -0.08770203510182893 -0.9837257413350219 -0.1568184264487406 169.6414778578479
 1.070000 -0.08648700820687837 -0.9839865747600505 -0.15585383570322264 169.5752860510369
 1.080000 -0.08508616278636627 -0.9842918514591232 -0.15469290886612533 169.51175661962773
 1.090000 -0.08374145807411414 -0.9846012669655007 -0.15345264184611554 169.4472099537936
 1.100000 -0.08252534847695778 -0.9849017949546254 -0.1521775974114254 169.37996250005583
 1.110000 -0.08143513649450836 -0.9852016744296269 -0.15081770202857556 169.30952083041518
 1.120000 -0.08045122729823954 -0.9855279953104057 -0.14920512888523627 169.23548968886112
 1.130000 -0.07970653830275642 -0.9858446139041044 -0.1475034405973587 169.15602189144067
 1.140000 -0.07909130866803757 -0.9861558303108576 -0.1457437588271972 169.07301497234866
 1.150000 -0.0783250087828524 -0.9864806905991969 -0.14394804644071343 168.99165287751842
