0.0 1.15 1.0
Linear 1 explicit
 0.000000 94.024
 0.010000 94.224186450424
 0.020000 94.48180250906476
 0.030000 94.99102208266652
 0.040000 95.2947015973421
 0.050000 95.60483800855948
 0.060000 95.92330856851035
 0.070000 96.24628344104
 0.080000 96.80015438213557
 0.090000 97.0633429379536
 0.100000 97.30777821417861
 0.110000 97.18312727377626
 0.120000 97.01240553968648
 0.130000 96.85496816079397
 0.140000 96.70144951308613
 0.150000 96.55603159235457
 0.160000 95.9569338082481
 0.170000 96.64038745360135
 0.180000 96.14163850309832
 0.190000 95.727651156837
 0.200000 95.17221395353162
 0.210000 95.19865346991624
 0.220000 95.26769718712988
 0.230000 94.89610624338994
 0.240000 95.0669132601666
 0.250000 94.60376566467109
 0.260000 94.0812967850761
 0.270000 93.53086428601019
 0.280000 93.53994430728689
 0.290000 93.72408044637977
 0.300000 93.28590257962786
 0.310000 93.45269907653675
 0.320000 93.03901964793931
 0.330000 92.57252673349741
 0.340000 92.60945894487988
 0.350000 92.72119922958846
 0.360000 92.30553337754576
 0.370000 92.64964441947801
 0.380000 92.51934831126361
 0.390000 92.0540777436255
 0.400000 91.55235984423764
 0.410000 91.23513478500273
 0.420000 91.24775427311394
 0.430000 90.7890077804785
 0.440000 90.7160134066449
 0.450000 90.13680430292436
 0.460000 89.80737121571511
 0.470000 89.46795619149012
 0.480000 88.85210494229186
 0.490000 88.49470061404176
 0.500000 88.12942430793836
 0.510000 87.74958401563585
 0.520000 87.35942505804074
 0.530000 86.95339030420419
 0.540000 86.56451329299215
 0.550000 86.17493097456024
 0.560000 85.88684851905063
 0.570000 85.61038956929326
 0.580000 85.3207011525328
 0.590000 85.01564809603548
 0.600000 84.74320918840756
 0.610000 84.47071595216389
 0.620000 84.15762002423614
 0.630000 83.82553136567762
 0.640000 83.48166726709259
 0.650000 83.12736734657135
 0.660000 82.76283839588575
 0.670000 82.4016691020103
 0.680000 82.04020867276564
 0.690000 81.68433635229142
 0.700000 81.33392223241022
 0.710000 80.98858618839544
 0.720000 80.67592380636594
 0.730000 80.37710498074375
 0.740000 79.80297187948516
 0.750000 79.49861689582195
 0.760000 79.1866312561104
 0.770000 78.86735980186988
 0.780000 78.54173259665751
 0.790000 78.18840622037003
 0.800000 77.80369877859063
 0.810000 77.39550583292716
 0.820000 76.68141810871978
 0.830000 76.22560677342851
 0.840000 75.75133153598229
 0.850000 75.2605868126861
 0.860000 74.74688626746253
 0.870000 74.21740684880578
 0.880000 73.66442978871055
 0.890000 73.09144479973455
 0.900000 72.4992787286762
 0.910000 71.8882120187687
 0.920000 71.26024515959618
 0.930000 70.61487818714173
 0.940000 69.94265967754893
 0.950000 68.95629323568706
 0.960000 68.24210063088366
 0.970000 67.54563356561437
 0.980000 66.83365518417769
 0.990000 66.11295043500148
 1.000000 65.38398825905102
 1.010000 64.65402933926813
 1.020000 63.905145200074834
 1.030000 63.18351852173801
 1.040000 62.45676758128862
 1.050000 61.73615565369615
 1.060000 61.02684323671597
 1.070000 60.32909690003616
 1.080000 59.63773000428796
 1.090000 58.974885424809564
 1.100000 58.334971872161816
 1.110000 57.72582430592034
 1.120000 57.17462130294519
 1.130000 56.66182100992341
 1.140000 56.16512609276343
 1.150000 55.64368928321782
