0.0 1.15 1.0
Linear 3 explicit
 0.000000 -0.03932132359810969 1.093874604808356 0.2931680446297974
 0.010000 -0.039075885862862335 1.093835732198041 0.2928925353020829
 0.020000 -0.03852190928184996 1.0943534841855727 0.29215113875619475
 0.030000 -0.03775502001074702 1.0953973746914958 0.29079852747264034
 0.040000 -0.036844246067040745 1.0966717880416519 0.2888754907588624
 0.050000 -0.03577903047273469 1.0980566725581988 0.28643701173595176
 0.060000 -0.034512923424835334 1.0995048760574815 0.28353384126062586
 0.070000 -0.03309603731422159 1.1010164374185316 0.2802123950726018
 0.080000 -0.03150848953806809 1.1021144232327371 0.2754526477902479
 0.090000 -0.029938874084970948 1.103330281483252 0.27079053114615204
 0.100000 -0.028471618348423648 1.10469963365396 0.2661272662768072
 0.110000 -0.02710398719042471 1.1068167118702066 0.26110818716186024
 0.120000 -0.025848102039341098 1.1087629467082607 0.25507945726978143
 0.130000 -0.024889526488354703 1.1108110486003926 0.2498133933754128
 0.140000 -0.0241582370785812 1.1123486818147832 0.24421660189392788
 0.150000 -0.02354376645515967 1.1134107650558223 0.23855456611446557
 0.160000 -0.02294884022864041 1.1140003452934262 0.23304608943432178
 0.170000 -0.02250720197696229 1.1145523742023482 0.22886531961984025
 0.180000 -0.022005104260768862 1.1146694850566328 0.2244850649546935
 0.190000 -0.021402276359407946 1.1144547358788217 0.21997823186019394
 0.200000 -0.02065115662970986 1.1139548648896813 0.215505753451509
 0.210000 -0.019709696303089615 1.1131943388817513 0.21112335400294438
 0.220000 -0.018618118357405514 1.11220359383359 0.20684016167226005
 0.230000 -0.017408348508117642 1.1110241032792132 0.20264715595245153
 0.240000 -0.016100735066405508 1.1097037524496267 0.1985015865746969
 0.250000 -0.014865944775379314 1.108435080113191 0.1948599041218629
 0.260000 -0.013545282228818515 1.1071114420257921 0.19126091228874648
 0.270000 -0.012177724904971316 1.1058625212824345 0.18765785860898979
 0.280000 -0.010972536672346496 1.104960151223533 0.18518494318713175
 0.290000 -0.009668086250894312 1.10374523744426 0.1824613582457386
 0.300000 -0.008327695848155308 1.10232406140546 0.17954939603450493
 0.310000 -0.007103651719948338 1.1016416756000604 0.1774256968784907
 0.320000 -0.005751101568681646 1.1008964569311752 0.17482750397089272
 0.330000 -0.00424085364711301 1.1000044813625465 0.17195571486067487
 0.340000 -0.002632216647923117 1.0989760970168279 0.16896929143331876
 0.350000 -8.88328206896919E-4 1.0979463369289322 0.16593247308938672
 0.360000 9.57991019637932E-4 1.0969364181568368 0.16288206195675642
 0.370000 0.002946099017045872 1.0959872989904853 0.15984533709998539
 0.380000 0.005022866128369951 1.095106355775242 0.1568170247204829
 0.390000 0.007179671711155354 1.094322178137375 0.15379709661939767
 0.400000 0.009392220904101866 1.0935882307583917 0.15079189783288008
 0.410000 0.011685238329486657 1.0929220531525938 0.14779628661275354
 0.420000 0.014069273476225498 1.0923302335520348 0.14480459111890392
 0.430000 0.016222462500968964 1.0913159219213684 0.14183428460492922
 0.440000 0.018595441689749363 1.0901953903027763 0.13846788922116912
 0.450000 0.02073970584252874 1.0887574947741803 0.13511180699962935
 0.460000 0.02262327813194652 1.0870163170985638 0.131724067252581
 0.470000 0.024239368515496722 1.084992867344678 0.128286458356572
 0.480000 0.025065174371184017 1.083014081059993 0.12591570554333267
 0.490000 0.025570475248089197 1.0807933132106768 0.12357975954328058
 0.500000 0.02581473915236996 1.0783426664215379 0.12126113287366447
 0.510000 0.025832130477054623 1.0756960880455257 0.11892881409490529
 0.520000 0.025590027815494337 1.0727347151412259 0.11662589350212325
 0.530000 0.024967012201424874 1.0688372278531761 0.11443953964059504
 0.540000 0.023979964528875724 1.0640261939172078 0.11213177083127512
 0.550000 0.02266394423055418 1.0582120577147573 0.10982581439676027
 0.560000 0.021310016650019012 1.0508547885162824 0.1078340634089448
 0.570000 0.019913017978545625 1.0423968247398225 0.10597609351650564
 0.580000 0.018405836922668718 1.0342058159578151 0.10376750141354953
 0.590000 0.016823782194688205 1.0259626526729075 0.10158396435836532
 0.600000 0.015155034428036547 1.0172680800270326 0.09910986348656199
 0.610000 0.013432797304435798 1.008100452476141 0.09638424196657118
 0.620000 0.011699482755508259 0.9986198915530601 0.09348084351333351
 0.630000 0.009997663173981059 0.9889385530237029 0.0904575288180188
 0.640000 0.008380247682323951 0.9791115251746796 0.08739260236778744
 0.650000 0.0069804356776723975 0.9687665295176633 0.08467108153149383
 0.660000 0.005839694811239055 0.9580395977548618 0.08226293292670533
 0.670000 0.004970417273912151 0.9472709546842623 0.08002840795662636
 0.680000 0.004367010473114649 0.9366674430243392 0.07787721652397558
 0.690000 0.004033279056436098 0.9263194193167733 0.07575527395059134
 0.700000 0.003982170289322581 0.9162622360316511 0.07363209033262488
 0.710000 0.004201845946640159 0.9065046656720578 0.07149195387085339
 0.720000 0.0048250293515605305 0.8975296768621861 0.06935080982345303
 0.730000 0.005647165918863749 0.8893538641440237 0.06768654004351256
 0.740000 0.006006118542867403 0.8819362635301128 0.06671541213880346
 0.750000 0.006642292176839373 0.8749407239202085 0.06584469251411579
 0.760000 0.0076044740718069145 0.8682526449893446 0.0650419819092371
 0.770000 0.008777573879513964 0.8617741480110765 0.06427605047252757
 0.780000 0.010092816203163366 0.8554230489350131 0.06352402160586323
 0.790000 0.011574636992478123 0.8493140684426173 0.06278465853047044
 0.800000 0.013200509545115629 0.8434869396333255 0.06206213714397603
 0.810000 0.014557118199988887 0.8380342083736709 0.06162224323219765
 0.820000 0.015872325439462417 0.8328699175519759 0.061415241721649604
 0.830000 0.01766504754154965 0.8277568082825786 0.06107408712974477
 0.840000 0.019709523260144496 0.8226786751500647 0.06066262088009726
 0.850000 0.021567937079404974 0.8178804913585129 0.060727718199047334
 0.860000 0.023769166474760944 0.8131120801153872 0.06082920397345148
 0.870000 0.025701896983475213 0.8085028466764278 0.06115169448801133
 0.880000 0.027829695464186354 0.8039198112199941 0.0616198161649201
 0.890000 0.03037719092157382 0.7993329133062448 0.06223365227328238
 0.900000 0.03322850744927191 0.7947352899400795 0.06302217604198546
 0.910000 0.036304299487308116 0.7901234536269647 0.063974439446888
 0.920000 0.039622692955076956 0.7854110773004658 0.06491417255871045
 0.930000 0.04296784562241619 0.7807227592185064 0.06613193651826889
 0.940000 0.04649727473739582 0.7762380750782355 0.06731714269307504
 0.950000 0.05013037610130509 0.7719581327202466 0.06834613835751177
 0.960000 0.05383574792518742 0.767860779468482 0.06924328870340392
 0.970000 0.05782601139332031 0.7636707491172183 0.07017138262069526
 0.980000 0.061858469106864024 0.7594483393024782 0.07108767186158181
 0.990000 0.06589639665422281 0.755497060942939 0.071773112328602
 1.000000 0.06991091723038581 0.7517475601637009 0.07235506126639323
 1.010000 0.07388555480187411 0.7481802202461245 0.07284609076555984
 1.020000 0.0777877798098226 0.7450025877230128 0.07303839105126995
 1.030000 0.08157815277884327 0.7421031864214529 0.07329161329732718
 1.040000 0.08551764257477297 0.7398907066781654 0.07337856952446804
 1.050000 0.08947961042705628 0.7382105544708636 0.07340435447809465
 1.060000 0.09338141955019723 0.7368909073482924 0.07345660333401427
 1.070000 0.09718323188944408 0.7358368016767193 0.07355660977602137
 1.080000 0.10093013110181588 0.7349855729994668 0.07387220514771915
 1.090000 0.10454940113764066 0.7343317532005322 0.0742269458641168
 1.100000 0.10805757089263782 0.7338834108045885 0.07422546090337405
 1.110000 0.11128718181131501 0.7337906951264379 0.07382506529478591
 1.120000 0.11437237713346037 0.7339214795576858 0.07297175164415147
 1.130000 0.11735269360822843 0.7341395283483086 0.0717348875269384
 1.140000 0.12028484767075337 0.734406402307295 0.07010781266869867
 1.150000 0.12327623678226078 0.7347875846662597 0.06782554600579928
