0.0 1.15 1.0
Linear 1 explicit
 0.000000 110.775
 0.010000 110.45714897638457
 0.020000 110.12362010253423
 0.030000 109.79327643499403
 0.040000 109.05284123709006
 0.050000 108.71709380439039
 0.060000 108.38596083590176
 0.070000 108.05444252774457
 0.080000 107.76431146493147
 0.090000 107.02655602439341
 0.100000 106.27803388755864
 0.110000 105.94766169124266
 0.120000 105.67101967679275
 0.130000 104.93866072324205
 0.140000 104.2324752630352
 0.150000 103.52266798895826
 0.160000 102.80516388139084
 0.170000 102.04649112553565
 0.180000 101.31807791904298
 0.190000 100.59132008864454
 0.200000 100.28744260600556
 0.210000 99.98823753422
 0.220000 99.68960921709142
 0.230000 99.39177997148732
 0.240000 98.66401177153011
 0.250000 98.3621935926088
 0.260000 98.061438711828
 0.270000 97.75887679673643
 0.280000 97.42172998563242
 0.290000 97.11330748477015
 0.300000 96.81043532238652
 0.310000 96.47442780313435
 0.320000 96.16617943807465
 0.330000 95.86298047564216
 0.340000 95.56055766942097
 0.350000 95.25805594160505
 0.360000 94.95602244423013
 0.370000 94.65466035623419
 0.380000 94.35421542440432
 0.390000 94.05472537512307
 0.400000 93.75633862152267
 0.410000 93.45937567711928
 0.420000 93.16391610322256
 0.430000 92.86736965350069
 0.440000 92.5777883964951
 0.450000 92.28997837622524
 0.460000 92.00276881911974
 0.470000 91.71503577165622
 0.480000 91.40422246655929
 0.490000 91.09288404170366
 0.500000 90.78180606805914
 0.510000 90.47051497284193
 0.520000 89.72211760046291
 0.530000 88.96492048607921
 0.540000 88.20597939033384
 0.550000 87.44650517520166
 0.560000 86.6920640025983
 0.570000 85.9368370796405
 0.580000 85.1782439962214
 0.590000 84.41809560923056
 0.600000 83.6541222751934
 0.610000 82.89080913629711
 0.620000 82.12772221117875
 0.630000 81.36366473084854
 0.640000 80.59880511446926
 0.650000 79.8354829219457
 0.660000 79.071935763408
 0.670000 78.30820296211502
 0.680000 77.54440888386127
 0.690000 76.7809333022866
 0.700000 76.01719184998228
 0.710000 75.25380046195149
 0.720000 74.49419096353353
 0.730000 73.74452083514686
 0.740000 73.33905041608303
 0.750000 72.59856121067361
 0.760000 71.84110256514106
 0.770000 71.08041067753229
 0.780000 70.317500304997
 0.790000 69.55376447649004
 0.800000 68.78786549035125
 0.810000 69.08820453439296
 0.820000 69.88307862631208
 0.830000 69.16369640481788
 0.840000 68.67265366801932
 0.850000 68.9734591189156
 0.860000 68.68658284357228
 0.870000 68.5891806133184
 0.880000 68.26672053620207
 0.890000 67.92725261285723
 0.900000 67.58319074416336
 0.910000 67.23529649473394
 0.920000 66.71684373262356
 0.930000 66.35968275724822
 0.940000 66.0016363694342
 0.950000 65.64356438677879
 0.960000 65.28326961184892
 0.970000 64.74402701489332
 0.980000 64.20225705248944
 0.990000 63.66079750492061
 1.000000 63.11540523909632
 1.010000 62.56715222219248
 1.020000 62.02017625840721
 1.030000 61.186160990139676
 1.040000 60.33699039440114
 1.050000 59.48478205226419
 1.060000 58.6311939961203
 1.070000 57.77681679954458
 1.080000 56.91379099907011
 1.090000 56.05551932366161
 1.100000 55.48628537398205
 1.110000 54.651588782156
 1.120000 53.8184929020018
 1.130000 52.98781986114204
 1.140000 52.15976250523623
 1.150000 51.61390764882832
