0.0 1.15 1.0
Linear 4 explicit
 0.000000 -0.9155819974408855 -0.3701155287000716 0.1572389944550173 20.446148505836202
 0.010000 -0.9127154054848478 -0.3762097823260652 0.15942643530106493 20.6319597984635
 0.020000 -0.9100652064035162 -0.38147404387383077 0.16204590073270006 20.854714806523194
 0.030000 -0.9076279805110233 -0.38595662029809336 0.165072518129321 21.105732580299538
 0.040000 -0.9127652948803289 -0.3740465103310127 0.1641606669431452 21.201190216611373
 0.050000 -0.9108786448370847 -0.3778418861730729 0.1659385531843963 21.480850790111926
 0.060000 -0.9090340641993621 -0.3814302644518654 0.1678333205456239 21.773446759736483
 0.070000 -0.9072946931522753 -0.3847076754007091 0.1697537754086817 22.074202477146372
 0.080000 -0.9065457731563966 -0.3860445609550388 0.17071718756265405 22.476003666384518
 0.090000 -0.9121187885863138 -0.37341410772514155 0.16911895121384773 22.62832094436467
 0.100000 -0.9174098248007224 -0.36091334630347427 0.16763284230465136 22.7659402828707
 0.110000 -0.9157986844085838 -0.3634613601075654 0.17090526423801422 23.077755645465743
 0.120000 -0.9146102508036148 -0.36449474690371286 0.17501905211875465 23.474979591900237
 0.130000 -0.9190651754520922 -0.3520534652604659 0.17713712448076163 23.604903672073327
 0.140000 -0.9238695491647261 -0.33878279283418783 0.17802043535963416 23.795637697968065
 0.150000 -0.9285643915528303 -0.3258047710635433 0.17781850829526738 23.991288140891164
 0.160000 -0.9330954753687241 -0.3133459405439547 0.17648556708988797 24.177319219670697
 0.170000 -0.9367652846136281 -0.302273597421381 0.17635609953921483 24.26130584142832
 0.180000 -0.9407767992160633 -0.290591426185976 0.17463000052676925 24.422764195872485
 0.190000 -0.9447912936867997 -0.2790353855689515 0.17178086323572206 24.602136603069884
 0.200000 -0.9435285160559655 -0.28306889639891486 0.17212187333609885 24.913038258849284
 0.210000 -0.9422136140703095 -0.28724928344306544 0.17239882430576847 25.221911077309343
 0.220000 -0.9409187245270739 -0.2914218341889598 0.17246816631566156 25.527776350731795
 0.230000 -0.9396392649919928 -0.29556107976636536 0.172399825442626 25.831763082344107
 0.240000 -0.9436087326365827 -0.2851878424164061 0.16813819979367275 25.99635338429987
 0.250000 -0.9412392527459023 -0.2922432207754869 0.16930023331674882 26.049329929540985
 0.260000 -0.9385727754703184 -0.2997503087927031 0.1709704580464776 26.06954883260052
 0.270000 -0.9357990929564948 -0.30735271736948966 0.17266836637726124 26.0787827957002
 0.280000 -0.9322878642869676 -0.3157777384039943 0.17641926774505998 25.996863951765746
 0.290000 -0.9291717677682391 -0.32360162718232893 0.17866676486519384 25.98945851763358
 0.300000 -0.9261118170408216 -0.3312128104224768 0.18059616980819976 26.00124049804173
 0.310000 -0.9223031491049763 -0.3397279679898467 0.18423302884264114 25.92606033463682
 0.320000 -0.9189561553482741 -0.3475599474446297 0.1863375095889309 25.924392184807168
 0.330000 -0.9157470789289419 -0.35541196191256136 0.18732224844522424 25.935689743924286
 0.340000 -0.9125075935926099 -0.3632703433439955 0.188054644405715 25.9464567922342
 0.350000 -0.909222291527205 -0.3713308971211138 0.18822377488842093 25.94975035495668
 0.360000 -0.9058622112990113 -0.37945497479889395 0.18822214598934953 25.949518269772753
 0.370000 -0.9024466483992278 -0.38776612060960325 0.18768985721231474 25.94376750286412
 0.380000 -0.8989473289319005 -0.39605655121707734 0.18717079912271564 25.937994814541295
 0.390000 -0.895364179410272 -0.40436711654634033 0.18657497496976563 25.93148551356149
 0.400000 -0.8917019026737197 -0.4126393215728611 0.18600136305940573 25.92642385774112
 0.410000 -0.8879754655119046 -0.4209679360382603 0.1851636289248061 25.920879989255667
 0.420000 -0.8841869740580491 -0.4293450411246197 0.18405496615894235 25.915064528418252
 0.430000 -0.8803306598991171 -0.4367552747555182 0.1851020237998953 25.93607777869258
 0.440000 -0.8787541179428532 -0.44088228971694593 0.18279498574200875 26.164690142968862
 0.450000 -0.8774674344234914 -0.44364954018962555 0.18227996877273597 26.445898819055813
 0.460000 -0.8762841836297608 -0.4457962284705523 0.18273410245970786 26.749965662027225
 0.470000 -0.8751469654899011 -0.44757439743379424 0.18383402175765412 27.065763362297492
 0.480000 -0.8710680445952103 -0.45269397777317916 0.19054822007295985 27.145468325700232
 0.490000 -0.8675639694262299 -0.45674770509568946 0.19675947967817106 27.283082888789117
 0.500000 -0.8642895414314617 -0.46031938256561006 0.20275515926015075 27.446776920001852
 0.510000 -0.8611292096859564 -0.4635730241175673 0.20870202571161953 27.625147671024056
 0.520000 -0.864799324410124 -0.455096330257708 0.21215432752069968 27.595022777688122
 0.530000 -0.8686452172816818 -0.4458006003943493 0.2161418774363207 27.59089674287986
 0.540000 -0.872858546914694 -0.4353111827272045 0.22050426587848856 27.64700068128396
 0.550000 -0.8770411042169345 -0.4243982326489888 0.22513338632542973 27.725023208742265
 0.560000 -0.8813118261876173 -0.4138119780766515 0.22814274439950122 27.8052747282922
 0.570000 -0.8856409329242501 -0.40308256106987855 0.23057447146293428 27.90044542352257
 0.580000 -0.889876406344705 -0.39211383563531205 0.23316672432917382 28.008190837512135
 0.590000 -0.8937436900297353 -0.38156824112634213 0.23585566326841054 28.0904973675237
 0.600000 -0.8979929179291392 -0.36985260291557437 0.23836478654718438 28.25172293797619
 0.610000 -0.9023182561428862 -0.3577311881564587 0.24052060546121415 28.452030518016528
 0.620000 -0.9065193464646122 -0.34571581949586827 0.2422875288488298 28.658541779847912
 0.630000 -0.9105770040477668 -0.3339214643146034 0.24361029405463244 28.863507163957212
 0.640000 -0.9144983927650535 -0.32245422119130507 0.24436850219707748 29.061149566151734
 0.650000 -0.9182458121342658 -0.31179105470957114 0.2441535719603048 29.221894316435982
 0.660000 -0.9219266344872101 -0.3016357470712156 0.24303735661802214 29.363932120143232
 0.670000 -0.925572027930636 -0.29185255715757535 0.24111927752246212 29.49593425274296
 0.680000 -0.9291686287231412 -0.28236526270403844 0.23856973365210618 29.62102852435878
 0.690000 -0.9327281641748655 -0.2731347849526565 0.23540509978301488 29.74234427946035
 0.700000 -0.9362376850331102 -0.26411010319056855 0.23174307005067038 29.86156289402236
 0.710000 -0.9396934516233462 -0.25528305206932944 0.22761102851656848 29.97915485703032
 0.720000 -0.9430760774365898 -0.24728190768530203 0.2223941777527755 30.049105796101365
 0.730000 -0.9464110000057595 -0.23866970977401636 0.2175844404006988 30.165588831370673
 0.740000 -0.9496554693254827 -0.2311721748035847 0.211456650821813 30.23250995542851
 0.750000 -0.9527306062536561 -0.22281765752270774 0.20653494475181258 30.35696989810408
 0.760000 -0.9556943693875062 -0.21423034818967948 0.20187528386492837 30.510737334998474
 0.770000 -0.9585103555215615 -0.20553033931295828 0.19752260118738338 30.68215403094106
 0.780000 -0.9611862414665008 -0.19678831675563851 0.1933788189124757 30.86625676539818
 0.790000 -0.9637644923058032 -0.18829748689578743 0.18894988700517415 31.0433008385095
 0.800000 -0.9662365624329938 -0.18001169024367839 0.184343963267814 31.21318753777227
 0.810000 -0.9685582647061808 -0.17224282135246635 0.17951963224643072 31.343133949198613
 0.820000 -0.9677211678090362 -0.17811246905014075 0.1783022426756826 31.533138347844787
 0.830000 -0.9700558486465011 -0.17089445689972274 0.1725883400107484 31.657759949058708
 0.840000 -0.9708016709297285 -0.17220903514213118 0.1669974967940045 31.87390877948117
 0.850000 -0.9730434412049019 -0.1655677321681253 0.1605421676470901 31.96003775871472
 0.860000 -0.9723551455390088 -0.17182743079154117 0.15811642853097593 32.13935384887209
 0.870000 -0.9730545134614688 -0.17472137576221175 0.1504571523192709 32.261973825799245
 0.880000 -0.9723068413789686 -0.1814383688182941 0.1473075847613067 32.41761268286632
 0.890000 -0.9714800205052782 -0.18804426639799676 0.1444504192929307 32.579326395442244
 0.900000 -0.9705915789953038 -0.1946118515036465 0.14169761479194168 32.738516145365956
 0.910000 -0.9696499123470351 -0.20115740566561588 0.13897750044977158 32.89536452115532
 0.920000 -0.9701452512887786 -0.20337934071505198 0.1321175051692373 33.05041176915662
 0.930000 -0.969175807574718 -0.2100813058695271 0.1287015887083269 33.199401180154815
 0.940000 -0.9681281659770561 -0.21666680077851183 0.12563180999375306 33.35372518321743
 0.950000 -0.9670387148761782 -0.22294173125475403 0.12301669966212934 33.525181431679535
 0.960000 -0.9659099677642732 -0.22906980867671436 0.12060247479398749 33.70298469832973
 0.970000 -0.9662423229123586 -0.23144602249481827 0.11317469719092575 33.84842253495175
 0.980000 -0.9665692279842566 -0.23375692538659684 0.10536426029599923 34.00379670149734
 0.990000 -0.9668523517966543 -0.2358695900147545 0.09778581866277986 34.1731850782153
 1.000000 -0.9670614577442647 -0.23796775692883396 0.09035199836083939 34.34069283803402
 1.010000 -0.9672063486802212 -0.24001371970672872 0.08309809519606509 34.50909255598911
 1.020000 -0.9673194599231064 -0.24180132900581355 0.07632286515253572 34.691082427655445
 1.030000 -0.9692093735492618 -0.23627860236315462 0.06932252368142422 34.753118710688014
 1.040000 -0.9709602348511892 -0.23107655000640767 0.06196652624489735 34.785107307330165
 1.050000 -0.9725996279435738 -0.2259180064215228 0.054872744587334814 34.80675479666318
 1.060000 -0.9741465945187796 -0.22073243887877889 0.048120710864353045 34.824952734422986
 1.070000 -0.9756127648285888 -0.2155058593791788 0.041676824216325285 34.84289314169746
 1.080000 -0.9769468029481067 -0.21059507229564317 0.034995138723344546 34.83726909121987
 1.090000 -0.9782394345056709 -0.20547146824768683 0.028793827709507464 34.843504208742964
 1.100000 -0.9779672142502539 -0.20740985875931633 0.02369131361993942 34.98346555421496
 1.110000 -0.9793179991718096 -0.20144515539870933 0.018870767459572804 35.06795861260502
 1.120000 -0.9806820449322876 -0.19505508234713206 0.014705155489830963 35.17681343208028
 1.130000 -0.9820147854902274 -0.1884935120682518 0.010823908109289826 35.30427049062424
 1.140000 -0.9833078691546544 -0.18181256844563767 0.007058641068459656 35.45014157841209
 1.150000 -0.9832226056872272 -0.18237028378593173 0.0037930538433068304 35.714598061347296
