0.0 1.15 1.0
Linear 1 explicit
 0.000000 0.0
 0.010000 -0.9999999999861338
 0.020000 -1.0000000000247924
 0.030000 -1.000000000007748
 0.040000 -1.0000000000196874
 0.050000 -0.9999999999587049
 0.060000 -1.0000000000215283
 0.070000 -1.000000000044035
 0.080000 -0.9999999999706947
 0.090000 -1.0000000000132694
 0.100000 -0.9999999999845277
 0.110000 -1.000000000014118
 0.120000 -0.9999999999730087
 0.130000 -0.9999999999986339
 0.140000 -0.999999999994019
 0.150000 -0.9999999999961693
 0.160000 -1.0000000000348186
 0.170000 -1.0000000000086064
 0.180000 -1.0000000000152165
 0.190000 -0.9999999999814365
 0.200000 -1.0000000000117317
 0.210000 -1.0000000000195586
 0.220000 -0.9999999999643966
 0.230000 -0.9999999999852682
 0.240000 -0.9999999998905397
 0.250000 -0.9999999999880201
 0.260000 -0.9999999999868113
 0.270000 -0.9999999999990254
 0.280000 -0.9999999999108203
 0.290000 -0.9999999999298796
 0.300000 -1.0000000000454292
 0.310000 -0.9999999999628307
 0.320000 -1.0000000000391982
 0.330000 -0.9999999999691528
 0.340000 -0.9999999999660922
 0.350000 -1.0000000000144758
 0.360000 -0.9999999999843797
 0.370000 -0.9999999998663486
 0.380000 -0.9999999998594824
 0.390000 -0.999999999943038
 0.400000 -1.000000000165023
 0.410000 -0.9999999999606347
 0.420000 -1.0000000000343308
 0.430000 -0.999999999982394
 0.440000 -1.0000000000288924
 0.450000 -1.0000000000070868
 0.460000 -1.0000000002349907
 0.470000 -1.0000000000603062
 0.480000 -0.9999999999751099
 0.490000 -0.9999999999122668
 0.500000 -0.9999999999990858
 0.510000 -1.0000000000559064
 0.520000 -1.0000000000653577
 0.530000 -1.0000000000933231
 0.540000 -1.000000000178901
 0.550000 -1.000000000129998
 0.560000 -0.9999999998567051
 0.570000 -1.0000000003071983
 0.580000 -0.9999999999254757
 0.590000 0.9999999997162253
 0.600000 0.9999999999290459
 0.610000 1.000000000096142
 0.620000 0.9999999999904251
 0.630000 0.9999999997466171
 0.640000 1.0000000002421192
 0.650000 0.9999999996422122
 0.660000 0.9999999997533985
 0.670000 1.0000000000933214
 0.680000 0.99999999987804
 0.690000 0.9999999999419749
 0.700000 0.9999999999069866
 0.710000 0.999999999888032
 0.720000 1.0000000000998106
 0.730000 1.0000000000381717
 0.740000 1.0000000001338973
 0.750000 0.9999999999268546
 0.760000 1.0000000001362332
 0.770000 1.0000000000803646
 0.780000 0.9999999999984047
 0.790000 1.000000000124426
 0.800000 0.9999999998752682
 0.810000 1.0000000001136542
 0.820000 0.9999999999879031
 0.830000 1.0000000003092748
 0.840000 1.000000000135138
 0.850000 1.0000000000129743
 0.860000 0.9999999999085867
 0.870000 0.9999999998594972
 0.880000 0.9999999999390317
 0.890000 1.0000000003029015
 0.900000 1.0000000001393292
 0.910000 0.9999999999840867
 0.920000 1.0000000000250715
 0.930000 0.9999999998409538
 0.940000 1.0000000000479616
 0.950000 1.000000000127092
 0.960000 1.0000000001314027
 0.970000 1.000000000173139
 0.980000 1.0000000001389444
 0.990000 0.9999999997827949
 1.000000 0.9999999999743353
 1.010000 1.0000000000409615
 1.020000 1.0000000000187763
 1.030000 0.9999999999072561
 1.040000 0.9999999999568342
 1.050000 0.9999999999226609
 1.060000 0.9999999998438037
 1.070000 1.0000000003673004
 1.080000 0.9999999997710138
 1.090000 0.9999999998540866
 1.100000 0.9999999998161061
 1.110000 1.0000000002290625
 1.120000 0.9999999998358804
 1.130000 1.0000000000154499
 1.140000 0.9999999994787576
 1.150000 0.9999999993415307
