0.0 1.15 1.0
Linear 1 explicit
 0.000000 0.0
 0.010000 -1.0000000000208278
 0.020000 -1.0000000000530926
 0.030000 -1.0000000000088844
 0.040000 -1.0000000000240783
 0.050000 -1.0000000000158442
 0.060000 -0.9999999999987407
 0.070000 -0.999999999978081
 0.080000 -1.0000000000144256
 0.090000 -0.9999999999704423
 0.100000 -1.000000000012625
 0.110000 -1.000000000019653
 0.120000 -0.9999999999951346
 0.130000 -1.0000000000116902
 0.140000 -0.9999999999997522
 0.150000 -1.0000000000090463
 0.160000 -1.0000000000364624
 0.170000 -0.9999999999983294
 0.180000 -1.000000000047556
 0.190000 -1.0000000000070381
 0.200000 -0.9999999999288514
 0.210000 -0.9999999999826106
 0.220000 -0.9999999999740067
 0.230000 -0.9999999999646348
 0.240000 -0.999999999956252
 0.250000 -0.9999999999741183
 0.260000 -1.0000000000256815
 0.270000 -0.9999999999880699
 0.280000 -0.9999999999245756
 0.290000 -1.0000000000442673
 0.300000 -1.0000000000654758
 0.310000 -0.9999999998971513
 0.320000 -0.9999999999218825
 0.330000 -1.0000000000101323
 0.340000 -1.0000000000966442
 0.350000 -0.9999999999815664
 0.360000 -0.9999999999308823
 0.370000 -1.0000000001030185
 0.380000 -0.9999999999831606
 0.390000 -0.9999999999294574
 0.400000 -0.9999999999640024
 0.410000 -1.0000000000220484
 0.420000 -0.9999999999243475
 0.430000 -0.9999999999810713
 0.440000 -1.0000000000803402
 0.450000 -0.9999999999418446
 0.460000 -0.9999999999813902
 0.470000 -0.9999999999228782
 0.480000 -0.9999999999981729
 0.490000 -0.9999999999093564
 0.500000 -0.9999999997599592
 0.510000 -1.0000000002372407
 0.520000 -1.0000000000661236
 0.530000 -1.0000000000720115
 0.540000 -0.9999999999622434
 0.550000 -0.9999999999953157
 0.560000 -1.000000000258976
 0.570000 -1.000000000057429
 0.580000 -1.000000000139305
 0.590000 -0.9999999998880658
 0.600000 -0.9999999998999962
 0.610000 -0.9999999998281344
 0.620000 -1.0000000001913127
 0.630000 -1.0000000002672766
 0.640000 -0.9999999998711376
 0.650000 -1.0000000001605243
 0.660000 -0.9999999998817802
 0.670000 -0.9999999997920606
 0.680000 -1.00000000057413
 0.690000 -0.9999999998968191
 0.700000 -1.0000000000917044
 0.710000 -1.0000000003428455
 0.720000 -0.9999999999753846
 0.730000 -1.0000000000209617
 0.740000 -1.0000000000049312
 0.750000 -0.9999999997424258
 0.760000 -1.0000000001327114
 0.770000 -0.9999999999162433
 0.780000 -0.9999999995140552
 0.790000 -1.0000000000888936
 0.800000 -0.9999999997381301
 0.810000 -0.9999999998211608
 0.820000 -1.0000000000693399
 0.830000 -1.0000000002689386
 0.840000 -0.9999999996758424
 0.850000 -0.9999999999887716
 0.860000 -1.0000000000868263
 0.870000 -1.0000000000158702
 0.880000 -1.0000000000154565
 0.890000 -0.9999999998216903
 0.900000 -0.9999999997432292
 0.910000 -1.0000000000617078
 0.920000 -0.9999999998944009
 0.930000 -0.9999999998101954
 0.940000 -1.0000000000301341
 0.950000 -0.999999999766321
 0.960000 -0.9999999998312914
 0.970000 -1.0000000002838292
 0.980000 -0.9999999999521143
 0.990000 -0.9999999998879495
 1.000000 -0.9999999999526941
 1.010000 -1.0000000001624683
 1.020000 -1.0000000002533829
 1.030000 -0.9999999999437789
 1.040000 -0.999999999908784
 1.050000 -1.0000000001862692
 1.060000 -1.0000000004564278
 1.070000 -0.9999999999347001
 1.080000 -0.9999999995029022
 1.090000 -0.999999999814904
 1.100000 -1.0000000002255924
 1.110000 -1.0000000001159586
 1.120000 -1.000000000289906
 1.130000 -1.0000000001733238
 1.140000 -1.0000000000692477
 1.150000 -1.0000000001143468
