0.0 1.15 1.0
Linear 1 explicit
 0.000000 0.0
 0.010000 -1.0000000000043487
 0.020000 -1.0000000000197433
 0.030000 -1.000000000002599
 0.040000 -0.9999999999946096
 0.050000 -0.9999999999845606
 0.060000 -0.9999999999870632
 0.070000 -1.0000000000206306
 0.080000 -0.999999999983878
 0.090000 -0.9999999999798687
 0.100000 -1.0000000000205316
 0.110000 -0.9999999999989352
 0.120000 -1.0000000000064397
 0.130000 -0.9999999999957151
 0.140000 -0.9999999999934778
 0.150000 -0.9999999999772885
 0.160000 -1.000000000034079
 0.170000 -1.0000000000346725
 0.180000 -1.0000000000259053
 0.190000 -1.0000000000140497
 0.200000 -1.0000000000179294
 0.210000 -1.0000000000073217
 0.220000 -1.0000000000222031
 0.230000 -0.9999999999799905
 0.240000 -1.0000000000094385
 0.250000 -0.9999999999830833
 0.260000 -1.0000000000034879
 0.270000 -1.0000000000088352
 0.280000 -0.9999999999508796
 0.290000 -1.0000000000064995
 0.300000 -0.9999999999186491
 0.310000 -1.0000000000096885
 0.320000 -1.000000000041197
 0.330000 -1.0000000000049507
 0.340000 -1.0000000000871927
 0.350000 -0.9999999999397526
 0.360000 -0.9999999999564533
 0.370000 -0.9999999999358675
 0.380000 -0.9999999998927799
 0.390000 -1.000000000106392
 0.400000 -1.0000000001343738
 0.410000 -0.9999999999922173
 0.420000 -1.0000000000050997
 0.430000 -0.9999999999777588
 0.440000 -1.0000000000658886
 0.450000 -0.9999999999490654
 0.460000 -1.0000000001024623
 0.470000 -1.000000000032794
 0.480000 -0.9999999999568503
 0.490000 -0.9999999999492052
 0.500000 -1.000000000104461
 0.510000 -0.9999999999834449
 0.520000 -1.0000000000203138
 0.530000 -0.9999999999213315
 0.540000 -0.9999999999522547
 0.550000 -1.000000000118458
 0.560000 -0.999999999971625
 0.570000 -1.000000000110519
 0.580000 -0.999999999946245
 0.590000 -0.9999999998919056
 0.600000 -0.999999999997496
 0.610000 -1.0000000000673765
 0.620000 -1.000000000049218
 0.630000 -1.0000000002338592
 0.640000 -0.9999999999045255
 0.650000 -1.0000000002120246
 0.660000 -1.00000000007578
 0.670000 -1.0000000000418585
 0.680000 -1.0000000000091926
 0.690000 -1.000000000223941
 0.700000 -1.0000000000074154
 0.710000 -0.9999999999728333
 0.720000 1.0000000000852125
 0.730000 1.0000000001220792
 0.740000 0.9999999998106619
 0.750000 0.999999999855777
 0.760000 1.0000000002602272
 0.770000 1.000000000116339
 0.780000 0.9999999999197507
 0.790000 1.0000000002042497
 0.800000 1.0000000000568114
 0.810000 0.9999999998347194
 0.820000 0.9999999996435828
 0.830000 1.0000000001361797
 0.840000 1.0000000003355904
 0.850000 0.999999999981039
 0.860000 -1.000000000085406
 0.870000 0.9999999994962774
 0.880000 -0.9999999999864784
 0.890000 -0.9999999995004585
 0.900000 -0.9999999995638637
 0.910000 -0.9999999998270535
 0.920000 -0.9999999999913837
 0.930000 -0.9999999995197695
 0.940000 -0.9999999997091663
 0.950000 -0.9999999999367984
 0.960000 -0.9999999999101395
 0.970000 -0.999999999904551
 0.980000 -0.9999999998176196
 0.990000 -0.9999999999894541
 1.000000 -1.0000000000983411
 1.010000 -0.999999999618547
 1.020000 -1.0000000002589102
 1.030000 -1.0000000000339555
 1.040000 -1.0000000003041274
 1.050000 -0.9999999998733088
 1.060000 -0.9999999998878383
 1.070000 -0.9999999999526864
 1.080000 -0.9999999999329433
 1.090000 -1.0000000000749045
 1.100000 -0.9999999998486068
 1.110000 -0.9999999996226328
 1.120000 -1.000000000090006
 1.130000 -1.0000000001245595
 1.140000 -1.0000000001145384
 1.150000 -1.0000000003925265
