0.0 1.15 1.0
Linear 1 explicit
 0.000000 0.0
 0.010000 -1.0000000000214682
 0.020000 -0.9999999999830733
 0.030000 -0.9999999999633361
 0.040000 -1.0000000000272884
 0.050000 -0.9999999999988766
 0.060000 -1.0000000000257543
 0.070000 -0.9999999999878281
 0.080000 -1.0000000000015474
 0.090000 -1.0000000000625295
 0.100000 -0.9999999999767322
 0.110000 -0.9999999999835291
 0.120000 -0.9999999999785061
 0.130000 -0.999999999964408
 0.140000 -0.9999999999609741
 0.150000 -1.0000000000181308
 0.160000 -0.999999999971321
 0.170000 -0.9999999999937595
 0.180000 -1.0000000000277378
 0.190000 -0.9999999999684951
 0.200000 -0.9999999999606857
 0.210000 -0.9999999999863346
 0.220000 -0.9999999999615587
 0.230000 -1.0000000000098301
 0.240000 -0.9999999999847428
 0.250000 -1.0000000000253002
 0.260000 -0.9999999999427454
 0.270000 -1.0000000000119664
 0.280000 -1.0000000000303815
 0.290000 -0.9999999997659578
 0.300000 -1.0000000000124136
 0.310000 -0.9999999999914931
 0.320000 -0.9999999999627075
 0.330000 -1.000000000038857
 0.340000 -1.000000000032055
 0.350000 -0.9999999999935412
 0.360000 -1.000000000084219
 0.370000 -1.0000000001364155
 0.380000 -0.9999999998139257
 0.390000 -1.0000000000394473
 0.400000 -0.9999999999165108
 0.410000 -0.9999999999653243
 0.420000 -1.0000000000366513
 0.430000 -1.0000000000195444
 0.440000 -1.0000000000484035
 0.450000 -0.9999999999280148
 0.460000 -1.0000000000470144
 0.470000 -1.0000000000444547
 0.480000 -1.0000000000982356
 0.490000 -0.9999999999632916
 0.500000 -0.9999999999546515
 0.510000 -1.0000000001324119
 0.520000 -0.9999999998687449
 0.530000 -0.9999999999442253
 0.540000 -0.9999999998901103
 0.550000 -0.9999999998922978
 0.560000 -0.9999999999119495
 0.570000 -0.9999999998117639
 0.580000 -0.9999999996928821
 0.590000 -0.9999999999819956
 0.600000 -0.9999999994272278
 0.610000 -1.000000000056521
 0.620000 -0.999999999679794
 0.630000 -1.0000000000842124
 0.640000 -1.0000000004079928
 0.650000 -0.9999999999744109
 0.660000 -1.0000000004050482
 0.670000 -1.0000000001662441
 0.680000 -1.0000000000422782
 0.690000 -0.9999999999197486
 0.700000 -1.0000000003968688
 0.710000 -1.0000000001022773
 0.720000 -0.9999999999175148
 0.730000 -1.0000000002204155
 0.740000 -1.0000000000554605
 0.750000 -0.9999999999926412
 0.760000 -0.9999999999852675
 0.770000 -1.000000000186518
 0.780000 -0.9999999999425917
 0.790000 -1.0000000000662606
 0.800000 -1.0000000000815588
 0.810000 -1.0000000001840694
 0.820000 -0.9999999997915071
 0.830000 -1.0000000002192129
 0.840000 -1.0000000001880964
 0.850000 -0.9999999996450465
 0.860000 -0.9999999998747697
 0.870000 -0.9999999997952702
 0.880000 -0.9999999999419349
 0.890000 -0.9999999999916005
 0.900000 -0.9999999997827331
 0.910000 -1.0000000001680156
 0.920000 -0.9999999994329849
 0.930000 -1.0000000002922802
 0.940000 -0.9999999999654974
 0.950000 -1.0000000003523832
 0.960000 -1.0000000005780874
 0.970000 -1.0000000000933165
 0.980000 -1.0000000003106746
 0.990000 -1.0000000005531093
 1.000000 -0.9999999996893194
 1.010000 -1.0000000002163376
 1.020000 -0.9999999999186171
 1.030000 -1.0000000002137501
 1.040000 -0.9999999999793654
 1.050000 -1.0000000003072467
 1.060000 -0.9999999996309418
 1.070000 -0.9999999994885557
 1.080000 -0.9999999998506641
 1.090000 -0.9999999999317334
 1.100000 -1.0000000001482943
 1.110000 -1.0000000007385337
 1.120000 -1.000000000022682
 1.130000 -0.9999999999935574
 1.140000 -0.9999999997497635
 1.150000 -1.0000000001272482
