0.0 1.15 1.0
Linear 1 explicit
 0.000000 0.0
 0.010000 0.9999999999926998
 0.020000 -1.0000000000009295
 0.030000 1.0000000000020914
 0.040000 1.0000000000026064
 0.050000 1.0000000000109088
 0.060000 1.0000000000219134
 0.070000 0.9999999999837015
 0.080000 0.9999999999903992
 0.090000 1.0000000000094602
 0.100000 1.0000000000006404
 0.110000 -1.0000000000039366
 0.120000 -0.9999999999991853
 0.130000 0.999999999994528
 0.140000 -0.9999999999988928
 0.150000 1.0000000000000615
 0.160000 1.0000000000038836
 0.170000 -0.9999999999994255
 0.180000 0.9999999999776544
 0.190000 1.0000000000105365
 0.200000 1.0000000000088594
 0.210000 0.9999999999950882
 0.220000 1.000000000004452
 0.230000 0.9999999999923678
 0.240000 1.0000000000138365
 0.250000 0.9999999999865492
 0.260000 1.0000000000166227
 0.270000 1.000000000014073
 0.280000 0.9999999999997399
 0.290000 0.9999999999590244
 0.300000 1.0000000000301155
 0.310000 1.0000000000276943
 0.320000 0.9999999999931262
 0.330000 1.000000000022462
 0.340000 1.0000000000419182
 0.350000 0.9999999999984694
 0.360000 1.0000000000058533
 0.370000 -1.0000000000129823
 0.380000 -1.0000000001338416
 0.390000 -1.00000000001254
 0.400000 -1.000000000044519
 0.410000 1.0000000000261131
 0.420000 1.00000000000757
 0.430000 0.9999999999904101
 0.440000 0.9999999999283313
 0.450000 0.9999999999895891
 0.460000 1.000000000041191
 0.470000 0.9999999999682061
 0.480000 1.0000000000012967
 0.490000 1.000000000052801
 0.500000 0.9999999999979904
 0.510000 0.09517222098955382
 0.520000 0.9999999999567037
 0.530000 0.9999999999742465
 0.540000 1.0000000000332512
 0.550000 0.9999999999987462
 0.560000 0.9999999999178398
 0.570000 0.9999999999121219
 0.580000 0.9999999999636843
 0.590000 0.9999999999271468
 0.600000 0.9999999999686461
 0.610000 1.000000000096604
 0.620000 0.9999999999556111
 0.630000 1.0000000000399956
 0.640000 1.000000000051078
 0.650000 0.9999999999823027
 0.660000 0.99999999999782
 0.670000 -0.9999999999275162
 0.680000 -0.09019251109954829
 0.690000 -1.0000000000434754
 0.700000 -0.9999999999719881
 0.710000 -0.9999999998879234
 0.720000 -1.0000000000432223
 0.730000 -0.9999999999240616
 0.740000 -0.9999999998570579
 0.750000 -1.0000000000279872
 0.760000 -0.999999999910633
 0.770000 -0.9999999998914096
 0.780000 -1.0000000002513119
 0.790000 -1.000000000063913
 0.800000 -1.0000000000231593
 0.810000 -0.9999999998319099
 0.820000 -0.9999999997256768
 0.830000 -1.0000000000202296
 0.840000 -0.9999999999528265
 0.850000 -1.0000000001050613
 0.860000 -1.0000000000676144
 0.870000 -1.0000000001589384
 0.880000 -0.9999999997099988
 0.890000 -0.9999999996922069
 0.900000 -1.0000000001524891
 0.910000 -1.0000000001641591
 0.920000 -1.000000000055063
 0.930000 -1.0000000001478837
 0.940000 -1.0000000001229528
 0.950000 -0.9999999999153647
 0.960000 -0.9999999998945858
 0.970000 -0.99999999996055
 0.980000 -0.9999999997090675
 0.990000 -0.9999999998629263
 1.000000 -1.000000000064333
 1.010000 -1.0000000001238991
 1.020000 -0.999999999923947
 1.030000 -1.0000000000409535
 1.040000 -0.9999999999045286
 1.050000 -0.999999999945418
 1.060000 -0.9999999996976332
 1.070000 -1.0000000000506477
 1.080000 -0.9999999999728917
 1.090000 -1.0000000000447005
 1.100000 -0.9999999996452117
 1.110000 -0.999999999879778
 1.120000 -1.0000000001991054
 1.130000 -0.999999999877931
 1.140000 -0.9999999999828946
 1.150000 -0.9999999997227728
