0.0 1.15 1.0
Linear 1 explicit
 0.000000 0.0
 0.010000 0.9999999999928444
 0.020000 0.9999999999757472
 0.030000 1.0000000000064153
 0.040000 -0.9999999999934847
 0.050000 -0.9999999999943527
 0.060000 -0.9999999999901704
 0.070000 -1.0000000000003069
 0.080000 -0.9999999999621256
 0.090000 -0.9999999999820767
 0.100000 -0.999999999990355
 0.110000 -1.0000000000002953
 0.120000 -1.0000000000081086
 0.130000 -0.9999999999910681
 0.140000 -1.000000000009443
 0.150000 -1.000000000017477
 0.160000 -0.9999999999987013
 0.170000 -1.0000000000043099
 0.180000 -1.0000000000006326
 0.190000 -0.9999999999822123
 0.200000 -1.0000000000037246
 0.210000 -1.0000000000193656
 0.220000 -1.0000000000043396
 0.230000 -0.9999999999844232
 0.240000 -1.0000000000324947
 0.250000 -1.000000000011163
 0.260000 -0.9999999999664075
 0.270000 -0.9999999999792115
 0.280000 -0.9999999999453936
 0.290000 -0.9999999999542029
 0.300000 -0.9999999999839111
 0.310000 -0.999999999984483
 0.320000 -1.0000000000207645
 0.330000 -0.9999999999663935
 0.340000 -0.9999999999624588
 0.350000 -0.9999999999981394
 0.360000 -0.9999999999993874
 0.370000 -1.000000000004192
 0.380000 -1.0000000000233604
 0.390000 -0.9999999999172782
 0.400000 -0.99999999992606
 0.410000 -0.9999999999556821
 0.420000 -1.0000000000039118
 0.430000 -0.9999999999841845
 0.440000 -1.0000000000031875
 0.450000 -0.9999999999143102
 0.460000 -1.000000000067113
 0.470000 -1.0000000000586238
 0.480000 -1.0000000000914433
 0.490000 -1.0000000000154279
 0.500000 -1.000000000023416
 0.510000 -1.000000000036955
 0.520000 -0.9999999999908508
 0.530000 -1.0000000000627736
 0.540000 -1.0000000000257772
 0.550000 -0.9999999999168515
 0.560000 -1.000000000015551
 0.570000 -1.0000000000195859
 0.580000 -0.9999999999999731
 0.590000 -0.9999999999247383
 0.600000 -1.000000000088769
 0.610000 -1.0000000000051732
 0.620000 -1.000000000008965
 0.630000 -0.9999999999521644
 0.640000 -0.9999999999920329
 0.650000 -0.9999999999399194
 0.660000 -0.9999999998844188
 0.670000 -0.9999999999521813
 0.680000 -0.9999999999811773
 0.690000 -1.0000000000386906
 0.700000 -1.000000000043083
 0.710000 -0.9999999999127029
 0.720000 -1.000000000071073
 0.730000 -0.9999999999734577
 0.740000 -1.0000000001716867
 0.750000 -1.0000000000363112
 0.760000 -0.9999999999167075
 0.770000 -0.9999999998317225
 0.780000 -1.0000000000838292
 0.790000 -0.99999999992386
 0.800000 -0.9999999999919437
 0.810000 -0.9999999998963539
 0.820000 -1.0000000001887481
 0.830000 -0.9999999998353528
 0.840000 -1.0000000000230729
 0.850000 -1.0000000001464755
 0.860000 -0.9999999998205197
 0.870000 -0.9999999998791096
 0.880000 -0.9999999999803332
 0.890000 -1.0000000000139335
 0.900000 -0.9999999998926394
 0.910000 -1.0000000001081522
 0.920000 -0.9999999999810022
 0.930000 -0.9999999998691198
 0.940000 -1.0000000000441627
 0.950000 -0.9999999999186826
 0.960000 -1.0000000000405929
 0.970000 -1.000000000079756
 0.980000 -0.999999999955352
 0.990000 -1.0000000000198093
 1.000000 -1.0000000000890394
 1.010000 -1.0000000001510447
 1.020000 -0.9999999999693252
 1.030000 -1.0000000000220743
 1.040000 -1.0000000000300011
 1.050000 -1.0000000000913865
 1.060000 -1.0000000000843505
 1.070000 -0.9999999997063606
 1.080000 -1.0000000001943143
 1.090000 -1.0000000000884754
 1.100000 -1.0000000000600866
 1.110000 -0.9999999998891841
 1.120000 -1.0000000000481546
 1.130000 -0.9999999999229443
 1.140000 -0.9999999998142529
 1.150000 -1.000000000232319
