0.0 1.15 1.0
Linear 1 explicit
 0.000000 0.0
 0.010000 -0.9999999999991456
 0.020000 -1.0000000000003024
 0.030000 -1.0000000000014702
 0.040000 -1.0000000000017932
 0.050000 -1.0000000000054443
 0.060000 -0.999999999997381
 0.070000 -0.9999999999933973
 0.080000 -1.0000000000013998
 0.090000 -1.000000000000875
 0.100000 -1.000000000000129
 0.110000 -0.9999999999994902
 0.120000 -0.9999999999972456
 0.130000 -1.0000000000021583
 0.140000 -1.0000000000004055
 0.150000 -1.0000000000029596
 0.160000 -0.9999999999988485
 0.170000 -0.9999999999993824
 0.180000 -0.999999999998306
 0.190000 -1.0000000000008071
 0.200000 -0.9999999999998499
 0.210000 -0.9999999999994613
 0.220000 -0.9999999999985563
 0.230000 -1.0000000000013693
 0.240000 -0.9999999999998457
 0.250000 -1.0000000000001146
 0.260000 -1.0000000000039728
 0.270000 -0.9999999999929206
 0.280000 -0.9999999999989546
 0.290000 -1.0000000000070468
 0.300000 -0.9999999999999252
 0.310000 -0.9999999999962051
 0.320000 -0.9999999999998676
 0.330000 -0.9999999999989836
 0.340000 -1.0000000000088576
 0.350000 -1.0000000000081848
 0.360000 -1.0000000000047624
 0.370000 1.0000000000028202
 0.380000 1.0000000000008398
 0.390000 0.9999999999992343
 0.400000 0.9999999999973573
 0.410000 1.0000000000031122
 0.420000 1.0000000000081457
 0.430000 1.0000000000004363
 0.440000 1.0000000000008846
 0.450000 1.0000000000049831
 0.460000 1.000000000002498
 0.470000 0.9999999999959376
 0.480000 1.0000000000013167
 0.490000 1.000000000005136
 0.500000 0.9999999999934066
 0.510000 1.0000000000028375
 0.520000 0.9999999999906906
 0.530000 1.0000000000059215
 0.540000 1.0000000000036822
 0.550000 0.9999999999987659
 0.560000 0.9999999999976815
 0.570000 1.0000000000032934
 0.580000 1.0000000000012599
 0.590000 1.0000000000129918
 0.600000 1.0000000000082172
 0.610000 -0.9999999999860135
 0.620000 -0.9999999999966795
 0.630000 -0.9999999999858459
 0.640000 -1.0000000000235498
 0.650000 -0.9999999999878169
 0.660000 -0.999999999995776
 0.670000 -1.000000000027007
 0.680000 -0.9999999999971599
 0.690000 -0.9999999999765413
 0.700000 -1.0000000000031468
 0.710000 -1.00000000000882
 0.720000 -1.0000000000062232
 0.730000 -1.000000000006442
 0.740000 -0.9999999999910908
 0.750000 -1.0000000000070361
 0.760000 -1.0000000000031413
 0.770000 -0.999999999996943
 0.780000 -0.9999999999946417
 0.790000 -0.9999999999904148
 0.800000 -0.999999999994513
 0.810000 -1.000000000008855
 0.820000 -0.999999999981007
 0.830000 -0.9999999999996595
 0.840000 -0.9999999999916365
 0.850000 -1.000000000003273
 0.860000 -1.0000000000060147
 0.870000 -0.9999999999894592
 0.880000 -0.9999999999961815
 0.890000 -1.0000000000063627
 0.900000 -1.0000000000094293
 0.910000 -0.9999999999900824
 0.920000 -0.9999999999876776
 0.930000 -0.9999999999972247
 0.940000 -0.9999999999969029
 0.950000 -0.9999999999973829
 0.960000 -1.000000000003647
 0.970000 -0.9999999999866628
 0.980000 -1.000000000020137
 0.990000 -0.9999999999957988
 1.000000 -0.9999999999817588
 1.010000 -1.0000000000145168
 1.020000 -1.0000000000016487
 1.030000 -1.000000000011065
 1.040000 -1.0000000000047569
 1.050000 -0.9999999999853036
 1.060000 -0.9999999999909961
 1.070000 -1.0000000000106355
 1.080000 -0.9999999999944011
 1.090000 -0.9999999999773345
 1.100000 -1.0000000000085585
 1.110000 -1.0000000000122817
 1.120000 -1.0000000000231593
 1.130000 -0.9999999999861436
 1.140000 -1.0000000000190181
 1.150000 -1.0000000000116873
