0.0 1.15 1.0
Linear 4 explicit
 0.000000 0.12515162299229163 0.9742642977558115 0.187473063080462 113.74970684594895
 0.010000 0.10824740514137043 0.9779376984927851 0.17866269097602455 113.03820587018053
 0.020000 0.09045381157850285 0.9815582368202633 0.16840883498562842 111.12666629022996
 0.030000 0.06978749177584045 0.9855056019942123 0.15462346015292192 109.33958193886967
 0.040000 0.05578988317265468 0.9878239405882149 0.14522861748413282 109.94760629138365
 0.050000 0.0389059643322722 0.9899430664195176 0.1360112171377731 109.18451178174695
 0.060000 0.0349919507401277 0.9902690971146577 0.1346947611569247 110.1996987804416
 0.070000 0.03285488527138089 0.990282902548532 0.13513078640287376 111.44700725762675
 0.080000 0.03156689804074082 0.9901899655579851 0.1361152565157994 112.71781585705213
 0.090000 0.04527937316711406 0.9883073092585677 0.1455968434811797 114.3417879184731
 0.100000 0.06964998418080065 0.9846610141757615 0.15997364428547334 116.23412958981336
 0.110000 0.07515444577645587 0.9840426512628125 0.16128195737802925 115.00624161321267
 0.120000 0.10682151909960405 0.9781974783102769 0.17809788455977835 116.08038795230972
 0.130000 0.13679347065559896 0.9712026084360444 0.19507188355326666 118.10050903246452
 0.140000 0.15773244531597586 0.9659027762341837 0.20531025926080526 119.27185111363318
 0.150000 0.18965698653024476 0.9564023137882216 0.22209196662824754 120.83231156985217
 0.160000 0.21850408370331523 0.9465446222634227 0.23729568784360358 123.04163831946761
 0.170000 0.2267129263580167 0.9432915494138601 0.24249185929961348 122.0197778913532
 0.180000 0.25600108864423027 0.9314667207020204 0.2585211612955376 123.43009557379574
 0.190000 0.2842112883879338 0.9188136922926228 0.27387103243765726 125.05414073802193
 0.200000 0.3115432525335559 0.9053542815523953 0.288573087233649 126.74224455609352
 0.210000 0.3390893558959657 0.8906455667878643 0.30293379322746905 128.23107789537858
 0.220000 0.36577160677937226 0.8749795440014639 0.31720959829902134 129.72263973220007
 0.230000 0.39164147875698024 0.8584253847122182 0.331244337308166 131.2579414893137
 0.240000 0.41675429337269193 0.8409672606206556 0.34509408212778514 132.8529508645469
 0.250000 0.4412065808955479 0.8224967939007303 0.3589370097906873 134.50631571333906
 0.260000 0.46492725823791237 0.8030754067883492 0.37270972023694926 136.23616981049065
 0.270000 0.4868104869595558 0.7848897181571206 0.3833584225205387 138.5479041635107
 0.280000 0.5093506967180058 0.7640699138102715 0.3959280674097839 140.49881509803464
 0.290000 0.5301716820196447 0.7444161028225081 0.40590966167733633 142.97712935791176
 0.300000 0.5508095409592435 0.7243417643473806 0.41465390147735376 145.57807332726415
 0.310000 0.5709105382668037 0.7035741198568123 0.4231366388811307 148.26072673040719
 0.320000 0.5670347809516542 0.7077078390963732 0.42145126844351943 148.3312309827436
 0.330000 0.5673878457371365 0.7053442338200248 0.4249241630298441 148.4513711831405
 0.340000 0.5696086230850961 0.7028288515152705 0.4261192579370554 149.17338362428453
 0.350000 0.5723460848827077 0.69726000135482 0.43156511632674016 149.3223845337205
 0.360000 0.5752460823518619 0.6910541286944966 0.43764841591524706 149.39203287511373
 0.370000 0.5781500933646337 0.6846484574493111 0.44384564800698906 149.46381045804125
 0.380000 0.5810130779713749 0.6782084068660498 0.44995239757383654 149.55132925098366
 0.390000 0.5838070753514577 0.671806787782987 0.45590014110359967 149.66396766876773
 0.400000 0.5864373323455352 0.6656095492164149 0.4615790108132878 149.79471998386038
 0.410000 0.5890230919846843 0.6593982676957999 0.46716776608471244 149.942185097623
 0.420000 0.5915660792569795 0.6531628419629203 0.4726815796616646 150.11683378755671
 0.430000 0.5943541138775814 0.647761440547544 0.47660077995799105 150.5450809111248
 0.440000 0.5972140064490522 0.6438069155390456 0.4783806915053864 151.30245221192342
 0.450000 0.6002052138034357 0.641227683816849 0.4781012014522148 152.38301086026962
 0.460000 0.6030088809940015 0.636544819517089 0.4808232338274834 153.01780212770376
 0.470000 0.6057885730851881 0.6316689345448403 0.4837505161241669 153.59106910356155
 0.480000 0.6078798479827381 0.6270907132362334 0.48707219977058336 153.8127762069214
 0.490000 0.6105359363065502 0.6225332713423617 0.48958982480241725 154.3243090380594
 0.500000 0.6121006818318075 0.6193584368475239 0.4916582980148185 154.43583052795282
 0.510000 0.6134594421717131 0.6166497135996252 0.493366642090718 154.47431593493027
 0.520000 0.6156277139306982 0.6121099332142047 0.4963103338647749 154.72583817217227
 0.530000 0.6182495699886434 0.607006989686578 0.49930950689977466 155.04638292946376
 0.540000 0.6214095534566516 0.6051181799483245 0.497676757714113 156.07625020587594
 0.550000 0.6244092874147298 0.6011464109031799 0.4987344327880868 156.6569274015879
 0.560000 0.6277643548465118 0.5970322240548158 0.49946415109024894 157.07015812052768
 0.570000 0.6315297620515715 0.5957883628162957 0.49619188463311587 157.79431238861432
 0.580000 0.6350217531900457 0.5954155785853726 0.49216629481638274 158.3684861717786
 0.590000 0.638023233768322 0.5936340537863586 0.4904334443703729 158.31841009338316
 0.600000 0.6406639779147223 0.5920384365729566 0.4889173314812366 158.02351692026787
 0.610000 0.6429615561757264 0.5899847698589986 0.48838346472266303 157.4105046853742
 0.620000 0.6449017381902233 0.5882511386834139 0.4879163308569365 156.72300367549425
 0.630000 0.6465994808767835 0.5868348419873048 0.4873745782861566 156.00716839296686
 0.640000 0.6481392024133639 0.5856585260622189 0.4867439420738565 155.27371635075943
 0.650000 0.6496798862634148 0.5845854636031902 0.4859793011318482 154.51619834390462
 0.660000 0.6510923900954669 0.5835198167651945 0.48536926458325125 153.74427764326933
 0.670000 0.6524587599495725 0.5824467007333126 0.4848230681082998 152.96918964599746
 0.680000 0.6537690829513805 0.5813639691102301 0.4843572251936687 152.19562771279817
 0.690000 0.6551069549106868 0.580261286699163 0.4838715912159745 151.4267966783425
 0.700000 0.6564660690162823 0.5791075393932418 0.4834115824514495 150.66426201718167
 0.710000 0.657865167687321 0.5778732078856492 0.482986518188326 149.910078768845
 0.720000 0.65974359520118 0.5719214357910889 0.487487702279433 148.3215625266887
 0.730000 0.6616279490595426 0.5650693358351869 0.49289461624372 146.53404560323546
 0.740000 0.6636127597853766 0.5577952859557832 0.49848021426686767 144.69654760324175
 0.750000 0.6657041815714863 0.5501585653672515 0.5041463037564446 142.83776716956868
 0.760000 0.6679089495741158 0.5421582239679271 0.5098647813516287 140.96858992452417
 0.770000 0.670235163899838 0.533783628195884 0.5156160037684978 139.09754055221143
 0.780000 0.6726893648951348 0.5250252164961609 0.5213804181211064 137.2320703272952
 0.790000 0.6753550236860927 0.5158750048338926 0.5270375426566768 135.39454540877077
 0.800000 0.678144450945854 0.5063482141750356 0.532664612728402 133.57835114409892
 0.810000 0.6810414289715244 0.49644731125280817 0.5382588960475074 131.78191142977562
 0.820000 0.6840424146335693 0.48616631575349284 0.5438090551001804 130.00592464690004
 0.830000 0.6871427918354274 0.47549493113252755 0.5493080684787792 128.25132908406619
 0.840000 0.6903425869401436 0.4644202794046612 0.5547440100933823 126.51916549061124
 0.850000 0.6936379409501686 0.4529321242945381 0.560106148561545 124.81081216577554
 0.860000 0.6965495105539018 0.44339800575475574 0.5641072485262226 123.4502268974648
 0.870000 0.6995095068821091 0.4338125030975452 0.5678848139700435 122.1695616813556
 0.880000 0.7025379549128363 0.4239524262977528 0.5715809322774317 120.91955296329246
 0.890000 0.7056145324084132 0.41379485316466413 0.5752233923863758 119.69272311456066
 0.900000 0.7087098789038836 0.4033440110392382 0.5788297818036158 118.48793630491672
 0.910000 0.7117903060049441 0.3925356744427212 0.5824691447340244 117.2972366183836
 0.920000 0.7148577761891072 0.38091638560552304 0.58641373363794 116.24754379611953
 0.930000 0.7178215925447505 0.36901822603840556 0.5903877625154389 115.22997894502639
 0.940000 0.7207471027059342 0.35666245759551957 0.5944034869370517 114.26852940636104
 0.950000 0.7239902279667442 0.3428393398835617 0.5985811029734113 113.18423349559404
 0.960000 0.7273552505158113 0.3275551407757791 0.6030439198751952 111.96328053661043
 0.970000 0.729702143350794 0.3144307467025681 0.6071804406577362 110.94773766466992
 0.980000 0.7323217201458762 0.29998880022355057 0.6113195710453083 109.84959641987837
 0.990000 0.734558608091178 0.28432533720853886 0.6161028760689256 108.8037504905709
 1.000000 0.735871670010165 0.26686669350425285 0.6223142720318714 107.6477251423297
 1.010000 0.7365658111253539 0.2480621832331926 0.6292344230339211 106.34896900207944
 1.020000 0.7376880693619694 0.22842601128553705 0.6353250110685001 104.97921559747452
 1.030000 0.7381089592371995 0.20785405820596253 0.6418659165130133 103.36536751592546
 1.040000 0.7395442201939243 0.18743710929530877 0.6464840883090464 101.69581287676115
 1.050000 0.7407804357403898 0.1669859660568839 0.6506612276479423 100.03803683136678
 1.060000 0.7414948790344161 0.14638397746014944 0.654795445546686 98.39667609889611
 1.070000 0.7416020431558076 0.12555151738253975 0.6589865143309639 96.76320448820049
 1.080000 0.7406196607240987 0.10406652142867971 0.6638167497635586 95.09576572785457
 1.090000 0.7390858801919636 0.08240542862988852 0.6685517235286994 93.48339442598996
 1.100000 0.737081505681178 0.06048588688669959 0.6730916070419365 91.89472177685415
 1.110000 0.7346107850004894 0.03825982814547019 0.6774091674248612 90.31678374600568
 1.120000 0.7315748987976012 0.015555973767810776 0.6815835819101093 88.72059081459312
 1.130000 0.7271908410855324 -0.008004174070571529 0.6863886754884319 87.02972658595766
 1.140000 0.7220830139255766 -0.03211749324642109 0.691060480441272 85.32883139619423
 1.150000 0.717417120493169 -0.055837377592919915 0.6944025219473469 83.76740117355028
