0.0 1.15 1.0
Linear 4 explicit
 0.000000 -0.21541999814441637 0.9610973599233965 -0.17287593571037238 71.19885428206992
 0.010000 -0.2210974977708347 0.9552332585201708 -0.19658412524009225 73.45471801672628
 0.020000 -0.24127444432609602 0.944049822469073 -0.22484789349968412 73.24289990072091
 0.030000 -0.2525229756977374 0.9338022657234889 -0.2534669115968364 74.82928177415594
 0.040000 -0.26336981644724433 0.9231344626860626 -0.2801055222337815 77.6140220873233
 0.050000 -0.27440005114058275 0.9122655529484538 -0.30409895237849366 80.53345137908953
 0.060000 -0.28590218807263273 0.9005743259826738 -0.32745354210350763 83.57224748512881
 0.070000 -0.29784399542379986 0.888311404060351 -0.3495594424505157 86.7034116514257
 0.080000 -0.3100708430456736 0.8758018344626316 -0.3699016342824595 89.89769704325167
 0.090000 -0.32218663328342434 0.8634358286246401 -0.3881679316749049 93.13044359629012
 0.100000 -0.33405065305466625 0.8515061434249362 -0.40416265154432934 96.37166055216024
 0.110000 -0.35045582840257083 0.8363635852541687 -0.4215171000083636 96.31521128658072
 0.120000 -0.3601412853188373 0.8263549207634604 -0.43293856323837776 95.31507577262431
 0.130000 -0.366562512626957 0.8220130836089663 -0.43580547806594916 96.64215153018421
 0.140000 -0.3781444695354446 0.810237351391398 -0.44779704618276517 96.14406312080273
 0.150000 -0.3863723637173997 0.8024914393218083 -0.45466898549454826 97.01366927844606
 0.160000 -0.39425080585093736 0.7939810709632555 -0.4627746330968545 99.62706149857509
 0.170000 -0.3934032508531936 0.7993280097459294 -0.4542120815805659 97.93744724277903
 0.180000 -0.39710031976452714 0.7988705173153232 -0.45179335166341045 98.28528513444287
 0.190000 -0.3934010032630991 0.8089986666849196 -0.43675714983685093 97.9767504045627
 0.200000 -0.3891053014015719 0.8192518385247188 -0.42121667760792686 97.72036971208098
 0.210000 -0.38542831665012245 0.8279142256335763 -0.4074347158966803 97.60783021730822
 0.220000 -0.38219068720514204 0.8354817408135691 -0.39484242348155724 97.59135542711059
 0.230000 -0.37934248361661843 0.8421252036762453 -0.38330721550320174 97.6519240484216
 0.240000 -0.37513523495890166 0.8495543369675074 -0.3708517008617171 97.6667725426869
 0.250000 -0.3808843785857113 0.8454646340619546 -0.3743215765887157 98.60375321857167
 0.260000 -0.37849688188596015 0.8507033681683925 -0.3647518194465351 98.7579902056263
 0.270000 -0.3814564440141771 0.8474313614930594 -0.36925745609002775 101.01377639099208
 0.280000 -0.37927443532164556 0.8525302567326254 -0.35964296749255453 101.3828636733014
 0.290000 -0.373448000972277 0.8599163554376428 -0.3479661653388903 102.41538844613848
 0.300000 -0.3658464851636645 0.8676014240842386 -0.33678497326988005 103.90453068977631
 0.310000 -0.35756238333435947 0.8753305931462512 -0.32549269535042535 105.48063743586907
 0.320000 -0.34873832693358586 0.8831752537211818 -0.3136607252145059 107.04148520421106
 0.330000 -0.34162422942133314 0.8894961767987563 -0.303462415024787 107.90759371655776
 0.340000 -0.34307318000405035 0.8888966807899501 -0.30358439360829786 110.0543766398955
 0.350000 -0.3381909080619252 0.8937435340668594 -0.2947022311044339 110.68985964777987
 0.360000 -0.34593682013117766 0.8886751754480327 -0.3009720070370958 112.36365375272887
 0.370000 -0.3438218284988673 0.8910944646793154 -0.2962046678659534 111.49878758238812
 0.380000 -0.35464007602872083 0.8832237990370586 -0.3068324254196231 111.2750801323817
 0.390000 -0.36689088970914396 0.8735012049022498 -0.31997924945650863 111.13243053672831
 0.400000 -0.37956710633152263 0.8627345122539352 -0.33409276130601717 111.05346708819683
 0.410000 -0.377451911132605 0.8658009512207709 -0.32850992016612257 111.36755150738168
 0.420000 -0.3735411791440984 0.8706825277855476 -0.31996706594992846 111.78241863897786
 0.430000 -0.3681820499628457 0.876523104595794 -0.3100793853110964 112.47918826760967
 0.440000 -0.3612543957135064 0.8832887876249089 -0.2988246630279835 113.57759562883314
 0.450000 -0.35435146718999827 0.8899549713357554 -0.28708045334900506 114.87732725276058
 0.460000 -0.34694205228767133 0.8961282019116595 -0.27674077779213285 115.67894143507746
 0.470000 -0.33944465965421244 0.9021416739182261 -0.266303817494712 116.40487584028277
 0.480000 -0.33158099997744567 0.9081069282584833 -0.25572611775667153 117.11291162156287
 0.490000 -0.32328247159349094 0.9140167118554038 -0.24507528233063272 117.81304906460845
 0.500000 -0.3181750487104437 0.9176416635484642 -0.23811429125131045 118.40319621072965
 0.510000 -0.3148919948847551 0.920107056395258 -0.23290778503337525 118.93196296052837
 0.520000 -0.24358189028691762 0.9561523824525043 -0.16260530204963183 116.14562431346941
 0.530000 -0.15953663829140324 0.9834128376202369 -0.08629746141336644 113.65252232994192
 0.540000 -0.04733756220140692 0.99881950860891 0.010896991652910385 112.33408351166666
 0.550000 0.09341711918625219 0.9878224591388126 0.12441877295605552 111.6091959678616
 0.560000 0.2621159058625173 0.9306649618155829 0.2552606133790947 113.14220200134305
 0.570000 0.42313014140729494 0.8296581552516514 0.3641815877513157 117.52869708227085
 0.580000 0.42859336170815227 0.830770409922701 0.355145401626675 117.86071909515448
 0.590000 0.443714960825342 0.816530003425912 0.36931800260080094 119.00483296301196
 0.600000 0.4671147951093951 0.7941475135888758 0.38875891610420227 120.0673438722333
 0.610000 0.4950033548573675 0.7657511464741976 0.4106054801794578 121.27957282138271
 0.620000 0.5242520161346761 0.7326529695971917 0.43402701496467233 122.56592264520796
 0.630000 0.550956743402093 0.6957075094950677 0.4609096745913785 123.70420775491537
 0.640000 0.5743196008971602 0.6579074766184088 0.48714961586244176 124.91949625164187
 0.650000 0.5696625916635765 0.6497709975500472 0.5032714798217298 124.9343289339925
 0.660000 0.5680465720934875 0.6382890722501998 0.5195287789707299 124.79567899502186
 0.670000 0.5618502929394023 0.6197632702799105 0.5479212873541769 123.94587853426854
 0.680000 0.5589788480051849 0.6021115322423626 0.5700915279352524 123.38476629743468
 0.690000 0.5533903612027069 0.5807813440393871 0.5970361283404387 122.515522049826
 0.700000 0.5476727569376026 0.5583711057830949 0.6231181746145183 121.61425694424747
 0.710000 0.5417066949753717 0.5352459818395181 0.6481246759254811 120.71982458090156
 0.720000 0.5347321643930424 0.5118561113059977 0.6723576679731066 119.84110643104476
 0.730000 0.5270191429420847 0.48732874522865904 0.6962481720237772 118.97446564000882
 0.740000 0.5186849921278226 0.4617117626020103 0.7195749628887218 118.1002057774156
 0.750000 0.5098441062741352 0.43508241961068933 0.7421335967622246 117.2263928939224
 0.760000 0.5007660510428318 0.4077233637485689 0.7635411061472199 116.37467791297439
 0.770000 0.491547428855139 0.3797639372755334 0.7836839140437214 115.55446667452979
 0.780000 0.48221824014195214 0.3511937829186883 0.8025761619395756 114.76948515729224
 0.790000 0.4725795017910989 0.32207726997585645 0.8203260611804162 114.00661190018471
 0.800000 0.4625959745691128 0.2922616532473867 0.8370114039566946 113.26446599776962
 0.810000 0.4522601347642619 0.26157945071457084 0.8526646242614238 112.5440037857402
 0.820000 0.4415781151310319 0.22997621270861732 0.8672483553316928 111.84864461906164
 0.830000 0.4306055178395657 0.1974548437171167 0.8806761451854868 111.1842758117021
 0.840000 0.41945342007859465 0.16410090072255096 0.8928212154549293 110.55681654825415
 0.850000 0.4081613709651921 0.1299371731700277 0.9036153087904151 109.96858412799916
 0.860000 0.3968405968836455 0.09515651896099198 0.9129418259474468 109.4288048447744
 0.870000 0.38547725818842227 0.05972970679953774 0.9207820836360674 108.93535665508183
 0.880000 0.37418859556409256 0.023828286870943394 0.9270464431162917 108.4890117186184
 0.890000 0.36272200063589516 -0.012826726659309708 0.9318091142170166 108.0812518516365
 0.900000 0.35109399952440873 -0.05019939786059849 0.9349935956745308 107.70916789002389
 0.910000 0.33912894482500455 -0.08848959749697853 0.9365688175017902 107.36702605215804
 0.920000 0.32682950416107864 -0.12767505041068036 0.9364195409710616 107.04645385294123
 0.930000 0.31405930851989183 -0.16783604612320682 0.9344505403464307 106.74678444668912
 0.940000 0.3009440368506901 -0.20883885950589065 0.9304939642170117 106.45713818623459
 0.950000 0.2885073612526541 -0.2504285991807924 0.9241477258617133 106.0196586627343
 0.960000 0.2760578669557781 -0.2922185065167224 0.9156420690100265 105.56102194910306
 0.970000 0.26335263550332894 -0.333669695681511 0.905157402641805 105.12185012110322
 0.980000 0.25076298809588266 -0.37475276317541617 0.892568367293853 104.69827197572918
 0.990000 0.2416858350610731 -0.4114233584105745 0.8788166915147867 104.43806032747783
 1.000000 0.2321295676684861 -0.45043800882424256 0.8621029312213787 103.35240673690818
 1.010000 0.22655142440237774 -0.4897262731880099 0.841927924142344 101.44721811811135
 1.020000 0.23013802508938022 -0.5250058877511717 0.8193932555461777 99.02067918278185
 1.030000 0.23636271394249714 -0.5631993596511472 0.7917948905785355 95.98899465568421
 1.040000 0.25199161205460774 -0.5960149964531484 0.7624082577314294 92.57275870988074
 1.050000 0.2731068267553764 -0.6283185038560906 0.7284425295736463 89.08955600445528
 1.060000 0.2988420432934397 -0.659418461831908 0.6898265907860051 85.71237394205907
 1.070000 0.3278170971418203 -0.6884694048965646 0.6469511800305187 82.58838123203796
 1.080000 0.359386787014006 -0.7105061825609291 0.6049976048402548 79.45502838700752
 1.090000 0.3847230860485588 -0.7322985621666027 0.5618958648272823 77.11630927887174
 1.100000 0.40391800347915013 -0.7518022944769376 0.5211943557682003 75.43677856906966
 1.110000 0.41453674694408243 -0.7682435449456185 0.4878126085726026 74.3915249968249
 1.120000 0.4163667927749241 -0.782194840998649 0.46347591586771963 73.84846977397997
 1.130000 0.4072674728218809 -0.8005775578622694 0.4395552063490581 73.61532975168673
 1.140000 0.39344963914457465 -0.8182251428721451 0.419171798942703 73.60487704811236
 1.150000 0.3786865405515836 -0.829245008963117 0.4110343283897754 73.76622263666732
