0.0 1.15 1.0
Linear 4 explicit
 0.000000 -0.28504989774887635 0.9013208552249345 -0.3261399572728672 76.28166699145365
 0.010000 -0.2847343204554666 0.8998110212423817 -0.3305548257180734 78.24558549199547
 0.020000 -0.2926065582088281 0.8941340842594203 -0.33897734652739214 77.476332303258
 0.030000 -0.2937692878235462 0.8925685556824291 -0.34208329239913027 78.34160978382106
 0.040000 -0.29346550889543493 0.8926593401793806 -0.3421071432742324 80.2566131353845
 0.050000 -0.29204959167826017 0.8939983392063588 -0.3398146634517609 82.15024336707168
 0.060000 -0.29028477188307805 0.8956679197219267 -0.3369179852631581 84.01688585802228
 0.070000 -0.28844192420584475 0.8974428772767903 -0.3337626977143878 85.87039916705275
 0.080000 -0.2866343080980535 0.8992713470499419 -0.3303813218027512 87.71540512547313
 0.090000 -0.2847853696454246 0.9010935403383068 -0.3269980501417325 89.57121240197229
 0.100000 -0.2829507523130958 0.902889465176466 -0.32361935269512 91.43999743368947
 0.110000 -0.2921310222932144 0.8986108888461927 -0.3273498682770118 90.44190642298325
 0.120000 -0.30358114724853363 0.8922604569225093 -0.33423010643522055 89.20094421638662
 0.130000 -0.30788949521498854 0.8905719072801757 -0.334792079804182 90.25479830996618
 0.140000 -0.3178090770756771 0.8853449268568189 -0.33935490421857817 89.2455621251122
 0.150000 -0.3221605996844442 0.8841366663523972 -0.33840050712466296 89.51499144824973
 0.160000 -0.32090437652680553 0.8862421425984927 -0.33405874604382874 91.0590961515357
 0.170000 -0.32743489854201013 0.8829776548546342 -0.33635821417678236 90.31150132812499
 0.180000 -0.3310312820063259 0.8822165771557561 -0.33483160144291935 90.6898401385257
 0.190000 -0.33368893629406027 0.8820924722634794 -0.33251250227779594 91.35531105293747
 0.200000 -0.3362003387979607 0.8820852147989429 -0.3299924332848246 92.04631262558324
 0.210000 -0.33810064799114997 0.8824835907429764 -0.32697196194375344 92.69337749552653
 0.220000 -0.33947618614838326 0.8832800058077226 -0.3233764839601943 93.30056211915891
 0.230000 -0.34043209256540435 0.8844057830701229 -0.3192685409238792 93.86883907918497
 0.240000 -0.3392591393796939 0.8871357884813913 -0.31287909668568414 94.31309522758073
 0.250000 -0.3382433511456254 0.8899275837564558 -0.30597439611048094 94.64370814744973
 0.260000 -0.33647826217277405 0.8929739305475752 -0.29896477793814447 95.01773505545827
 0.270000 -0.3299190881517041 0.8982025337855786 -0.29049200259958047 96.46528856416882
 0.280000 -0.32752504768865914 0.9011802693520278 -0.2839039719115397 97.03787305867891
 0.290000 -0.3230734160696239 0.9050997838088866 -0.27643796623873956 98.35641577475617
 0.300000 -0.31664418926716775 0.9094574982385649 -0.2694875067623522 100.092205010267
 0.310000 -0.31002131572500735 0.9135404647197704 -0.26330705101785906 101.94945987201703
 0.320000 -0.3039164860242125 0.9172042104323034 -0.2576260970630687 103.84933430719052
 0.330000 -0.3002589279178064 0.919692904858264 -0.2530010611816036 105.040906203944
 0.340000 -0.295872854578506 0.9224673470914366 -0.24801864339934843 106.83828553741554
 0.350000 -0.29357533539426545 0.9242119895014582 -0.244224734435112 107.75076600478003
 0.360000 -0.2915485616202522 0.9259395451656269 -0.24007372808292424 108.76016073437916
 0.370000 -0.2924061327084783 0.9260956658290513 -0.23842288331265102 108.1554479545896
 0.380000 -0.29373200811765854 0.9260499304378219 -0.2369663135200297 107.22815196034477
 0.390000 -0.2952128576189635 0.9259529994604466 -0.23550034285887508 106.2326665053965
 0.400000 -0.2965942739661107 0.9259278304709123 -0.233857840172069 105.21123848786662
 0.410000 -0.294844509829408 0.9275398415607164 -0.22964441500062058 105.63832851501527
 0.420000 -0.2923507891903057 0.9294781317506313 -0.22494759091210922 106.30628802501012
 0.430000 -0.28927881031170327 0.9315866737398458 -0.22014549555913135 107.32509829025244
 0.440000 -0.28553476712657594 0.933835451030802 -0.21545590537293383 108.80903246123599
 0.450000 -0.2827032265189754 0.9356635928770802 -0.21121677651198617 110.53637291710426
 0.460000 -0.28057200441357516 0.9370225491915215 -0.20800983785862515 111.75577455472347
 0.470000 -0.27872086694895043 0.9382589693243548 -0.20490189069314343 112.90982911098133
 0.480000 -0.2770243929822808 0.9394224677607436 -0.20184873732355563 114.05574603641456
 0.490000 -0.275437214449269 0.9405172068726492 -0.19890129329116446 115.20108718778587
 0.500000 -0.2743317875763525 0.9413698608962212 -0.1963793658238869 116.0459464835006
 0.510000 -0.2734671544529549 0.9420965215022679 -0.19408724741396777 116.73921603971243
 0.520000 -0.27538857085924306 0.9418229066075239 -0.1926934031809578 117.6101259725427
 0.530000 -0.27720230937654705 0.9416546911378463 -0.19090658012335884 118.26410348806044
 0.540000 -0.27768908758146843 0.9418881750111737 -0.1890381877089709 119.81693398069339
 0.550000 -0.2804167978890483 0.9413856363238279 -0.18750867495887866 121.11883903500072
 0.560000 -0.28456873771925734 0.9404321132187874 -0.18603245399583995 122.71962054307257
 0.570000 -0.29133095007255694 0.9382964754909336 -0.1863491390136081 125.12820950446462
 0.580000 -0.278988203646721 0.9446243421672756 -0.17277278261062273 125.40590072694589
 0.590000 -0.254694382226921 0.9549410566371568 -0.15237568707230667 124.76257027785049
 0.600000 -0.22531695639826502 0.9659200441118899 -0.12739991186145763 123.78814121629854
 0.610000 -0.19102751923267325 0.9766450071390127 -0.09835149681752847 122.64599758415693
 0.620000 -0.15299708318833039 0.9859773489743883 -0.06663752580416368 121.34209511339887
 0.630000 -0.11394690600952971 0.9929389477472942 -0.03299012969588796 119.55981642785916
 0.640000 -0.07572658003484244 0.9971276545823367 0.0013876394902850315 117.8014731204646
 0.650000 -0.07629774403476729 0.9969956424936425 0.01335451623587682 116.30203268517417
 0.660000 -0.07183466812031465 0.9970986612830974 0.025180153365281233 114.67332885402405
 0.670000 -0.06679572615222097 0.9969332431136658 0.04077302714621617 111.44779016421234
 0.680000 -0.05907615679571229 0.9967493637370665 0.05477876950061621 108.91936848332284
 0.690000 -0.05094666355123486 0.996218412896528 0.07037976469781729 105.69320939996948
 0.700000 -0.04170491505170601 0.9954525288685204 0.08564439753887769 102.45899709233441
 0.710000 -0.03164011912682395 0.9944165845112733 0.10067054837723859 99.26641667068307
 0.720000 -0.021731325018166665 0.9930503221300571 0.11566679398316851 96.09297154595723
 0.730000 -0.01107072466107006 0.9912986742485139 0.13116545844320912 92.8817815652669
 0.740000 5.490064780416311E-4 0.989154891171846 0.14687511655382865 89.63850837234008
 0.750000 0.01328633203799123 0.9865772953370643 0.1627535366939204 86.38540139651134
 0.760000 0.027285215731079768 0.9835259204256371 0.1786960571848516 83.17734831791229
 0.770000 0.04265011952452124 0.9799332441959788 0.19470953809222685 80.03452049653188
 0.780000 0.0595404302298494 0.9756976336643061 0.2108768949646169 76.95839687385535
 0.790000 0.07786214923809089 0.9707375881779751 0.2271695855840592 73.93012201910695
 0.800000 0.09789237084292723 0.9648904262568012 0.2437284329919659 70.93658441921457
 0.810000 0.11999730426807693 0.9579334953071141 0.2606991859156634 67.96992533185113
 0.820000 0.14450421130233754 0.9496002620545619 0.2781687890864044 65.03375826430396
 0.830000 0.1717610205852742 0.939563320541333 0.2961737977959045 62.141527460324134
 0.840000 0.2020977693597808 0.9274441227862935 0.3146488371644867 59.31650265675147
 0.850000 0.23586513959202876 0.9127583677101916 0.333526307958247 56.57317046386582
 0.860000 0.27322937683723897 0.8949760628255377 0.3526521722638803 53.94454802665584
 0.870000 0.3144864225962325 0.873402497198727 0.3718418587110006 51.44052655878225
 0.880000 0.35968583332208426 0.8473570062401452 0.3906561215226713 49.093166866986145
 0.890000 0.40912026307280436 0.8157415900973953 0.408884174954977 46.88972615576613
 0.900000 0.4627015965349084 0.777522239874963 0.4258713409750265 44.857668246976914
 0.910000 0.5203170677012343 0.7313241734365876 0.44094795884104176 43.00839326332402
 0.920000 0.5812829742671685 0.6760078098948731 0.4529056687526128 41.37878217109415
 0.930000 0.6444247737057384 0.6103865556791968 0.46059197092480325 40.00330322414681
 0.940000 0.7078023413794864 0.534197572621752 0.4622215907362451 38.93844217680947
 0.950000 0.7700216628419465 0.4500525403957593 0.4522381558840952 38.23150046869086
 0.960000 0.8267388357759747 0.3589945624110273 0.43315794068572844 37.92269664660474
 0.970000 0.8746482538742935 0.2640585901191396 0.40652612828567597 38.01953336076588
 0.980000 0.9124435527693958 0.16869304852279973 0.37281284633130196 38.54619052865814
 0.990000 0.9369423340458418 0.08764703114203617 0.3383150315973511 39.58300883420257
 1.000000 0.9548873974372485 -7.551617432658632E-4 0.29696714960793186 40.82252831209695
 1.010000 0.963903258551462 -0.08633427849076024 0.25186683090743306 42.3625418800366
 1.020000 0.9652986706522363 -0.15393859891169825 0.2109535119454729 44.18110743809186
 1.030000 0.9603611291217471 -0.22291860940195876 0.16737322143730113 46.21595424735149
 1.040000 0.9533627795025656 -0.27312864251686525 0.12845293027423274 48.11252405949679
 1.050000 0.9438797996674584 -0.31695031923502004 0.09291619297268713 50.1469038153841
 1.060000 0.932665809437282 -0.35564221331607065 0.060440913414228845 52.20671064970737
 1.070000 0.9207611467864723 -0.3889654933763164 0.030079154425934743 54.225231756840586
 1.080000 0.9176799738122823 -0.3968150182780965 -0.020032646675934025 55.67982665648659
 1.090000 0.9134479925265292 -0.40097981525386467 -0.06948347075550015 57.37003882871977
 1.100000 0.9078552983826823 -0.4033112175867255 -0.1146246874246735 59.0508984297133
 1.110000 0.9020661196019534 -0.40320265403480376 -0.15396212406161655 60.545811722055525
 1.120000 0.8964856984227645 -0.40133915259170067 -0.18772393859181566 61.81557229908863
 1.130000 0.8857515538468859 -0.4084936891650297 -0.22040211153746056 63.180697104577526
 1.140000 0.8743043877773162 -0.41620229637801043 -0.24973483137720903 64.49976191730988
 1.150000 0.8676928350345672 -0.41518900263989955 -0.27336282870310097 65.38428506909668
