0.0 1.15 1.0
Linear 1 explicit
 0.000000 0.0
 0.010000 -0.9999999997641548
 0.020000 0.9999999998711423
 0.030000 -0.9999999999558334
 0.040000 -1.000000000146941
 0.050000 -1.000000000291319
 0.060000 -1.000000000380266
 0.070000 -1.0000000003751972
 0.080000 -1.000000000585327
 0.090000 -1.000000000446216
 0.100000 -1.000000000670451
 0.110000 -1.0000000001361455
 0.120000 -1.0000000004486147
 0.130000 -0.9999999999241489
 0.140000 -0.9999999999562424
 0.150000 1.000000000015251
 0.160000 -1.0000000002959066
 0.170000 1.0000000002611256
 0.180000 1.0000000002704563
 0.190000 0.9999999998551844
 0.200000 1.0000000005545837
 0.210000 0.9999999995451033
 0.220000 0.9999999995742207
 0.230000 0.9999999999712895
 0.240000 0.9999999998829964
 0.250000 1.0000000006158976
 0.260000 1.0000000004094822
 0.270000 1.0000000010774894
 0.280000 1.0000000000369025
 0.290000 1.0000000006856968
 0.300000 0.9999999997079921
 0.310000 1.000000001229347
 0.320000 0.9999999988224143
 0.330000 0.9999999996678113
 0.340000 0.9999999982098409
 0.350000 1.000000000318372
 0.360000 1.0000000006244174
 0.370000 1.000000002358057
 0.380000 0.9999999982393842
 0.390000 0.9999999996442391
 0.400000 1.0000000000116411
 0.410000 1.000000001078454
 0.420000 1.000000000434734
 0.430000 0.9999999999429017
 0.440000 1.0000000006459255
 0.450000 0.9999999992299655
 0.460000 0.9999999986391013
 0.470000 1.000000001494417
 0.480000 1.0000000008580125
 0.490000 1.0000000012739505
 0.500000 1.0000000013249266
 0.510000 0.9999999995523094
 0.520000 0.9999999981987268
 0.530000 0.9999999994083106
 0.540000 0.9999999978037132
 0.550000 0.9999999959456027
 0.560000 0.999999997711774
 0.570000 0.9999999971327488
 0.580000 1.0000000017043005
 0.590000 0.9999999983120228
 0.600000 1.0000000004802465
 0.610000 0.9999999976820084
 0.620000 1.000000003937003
 0.630000 0.9999999990039676
 0.640000 0.9999999960850783
 0.650000 0.9999999994063068
 0.660000 0.9999999943294803
 0.670000 1.0000000002312879
 0.680000 0.999999997705234
 0.690000 1.0000000014838866
 0.700000 0.9999999982250898
 0.710000 1.0000000025697695
 0.720000 1.0000000033119725
 0.730000 0.9999999973331595
 0.740000 0.9999999967788195
 0.750000 1.0000000030742726
 0.760000 1.0000000042898463
 0.770000 1.0000000030039546
 0.780000 1.0000000047267492
 0.790000 0.9999999997898394
 0.800000 0.9999999978596245
 0.810000 1.0000000036954162
 0.820000 1.0000000006603815
 0.830000 1.0000000005856058
 0.840000 1.0000000009227055
 0.850000 0.9999999985666309
 0.860000 0.9999999989121495
 0.870000 0.999999998908952
 0.880000 1.0000000003203395
 0.890000 0.9999999991749333
 0.900000 0.9999999963326944
 0.910000 0.9999999969934957
 0.920000 0.9999999996188824
 0.930000 0.9999999972572333
 0.940000 1.0000000054929066
 0.950000 0.9999999976805879
 0.960000 1.0000000034794898
 0.970000 0.9999999948288225
 0.980000 0.999999996885927
 0.990000 1.0000000011376458
 1.000000 1.000000005704828
 1.010000 1.000000002120589
 1.020000 0.9999999996216811
 1.030000 1.000000002899628
 1.040000 0.9999999998255993
 1.050000 0.9999999961249871
 1.060000 0.9999999949500413
 1.070000 0.9999999956352337
 1.080000 1.000000002525101
 1.090000 0.9999999983619813
 1.100000 1.0000000001434293
 1.110000 1.0000000035917191
 1.120000 0.9999999975864994
 1.130000 1.0000000103515645
 1.140000 0.9999999978415353
 1.150000 1.0000000020313238
