0.0 1.15 1.0
Linear 4 explicit
 0.000000 0.0530861543979613 0.9874861286639682 0.14850254512123542 110.84774993615142
 0.010000 0.04465093733020542 0.9885598673040364 0.1440683259823612 110.55798461315153
 0.020000 0.040451476776726565 0.9893008014347944 0.14016990514035316 109.22695784697868
 0.030000 0.036914961065151415 0.9900535717925142 0.1357615948287416 108.13858476040606
 0.040000 0.029338289280556415 0.9909248079647767 0.13117655942301848 109.01483811576603
 0.050000 0.024717472277953775 0.9914151595071632 0.12839403437689217 108.71623653750436
 0.060000 0.016632457631624898 0.9920159940259381 0.12501051535715757 109.58606762687359
 0.070000 0.00577566441753034 0.9926291286719879 0.12105393265989307 110.54216000677883
 0.080000 -0.004638393065243995 0.9930279401800686 0.11778792523642796 111.51065545842197
 0.090000 -0.014492009192150788 0.9932001189131952 0.11551409204244116 112.31256664943378
 0.100000 -0.02368290931931001 0.9932013905838328 0.1139741968539986 112.96686573933478
 0.110000 -0.02819036119300873 0.9935969317891115 0.10940950907060834 111.40813202838764
 0.120000 -0.034964019666828855 0.9937982713402567 0.10555810347791979 110.97409784112465
 0.130000 -0.04429198303810632 0.9936518607912426 0.10341276412828976 111.36229311166247
 0.140000 -0.05261302929782217 0.9935534401735584 0.10041628686320653 111.29373946725316
 0.150000 -0.05994753847802264 0.9933946827819806 0.09784322588158098 111.0413529072059
 0.160000 -0.06791613414981293 0.9929825835236201 0.0968141908033189 111.42827032443671
 0.170000 -0.07263946887719772 0.9931161431424053 0.09189033567896211 109.86813817533755
 0.180000 -0.0778505886616551 0.9929490303776596 0.08939523990179564 109.41149969039682
 0.190000 -0.08243681716988269 0.9926858580392075 0.08819840374894387 109.1192839248823
 0.200000 -0.0861921093386992 0.9924209367453977 0.08758769660821752 108.85463146313674
 0.210000 -0.08874352653958682 0.9923489128892732 0.08583834565504664 108.3474250324306
 0.220000 -0.09065572561727885 0.9923307416249589 0.08403117658859467 107.80527444259569
 0.230000 -0.09206462858188812 0.9923370848212836 0.0824088238750897 107.25403407903762
 0.240000 -0.09301016457078201 0.9923648646246944 0.08100052311515056 106.69799560027504
 0.250000 -0.09329822168172307 0.9924250133718316 0.07992518166978332 106.12305641745401
 0.260000 -0.0930538807379821 0.9925101122584598 0.07914955681683365 105.5438440032935
 0.270000 -0.0936477375318665 0.9923933499897362 0.07990957484126592 105.60625955035302
 0.280000 -0.09243031540471143 0.9924895695148567 0.0801317115653981 105.1336018716917
 0.290000 -0.09202576160690859 0.9924130419402237 0.08153289757895346 105.2223608969765
 0.300000 -0.09145204716807087 0.9923109608302705 0.08339952089115514 105.4138300940131
 0.310000 -0.09077036846146752 0.9921860326950671 0.08560149960247629 105.60160994630462
 0.320000 -0.08177314095340055 0.9921217756560531 0.09490803805629758 106.21083436881328
 0.330000 -0.0723944687846058 0.9921272025385579 0.10218930899272205 106.19637207667884
 0.340000 -0.06493136103508475 0.9918291099630323 0.10981318219626787 106.69293993100256
 0.350000 -0.05605117212755828 0.9917168523741495 0.11556794893151076 106.37091651224132
 0.360000 -0.04712823549879416 0.991540075484666 0.12094299535993304 105.9225880792085
 0.370000 -0.0382303561613254 0.9912550606694198 0.1263006118949662 105.46112243363433
 0.380000 -0.02939062083291767 0.9908577608780915 0.1316703805520085 105.01711210451876
 0.390000 -0.02063325400969807 0.9903415875508201 0.13710510127742315 104.60420783572498
 0.400000 -0.012180532736005632 0.9897212866621266 0.14249003245887668 104.22692970425437
 0.410000 -0.0037099339623537083 0.9889878231704947 0.14795040388752329 103.86969625045633
 0.420000 0.0048012282516243275 0.9881246108393411 0.15357962645115522 103.5391233126155
 0.430000 0.012807677072821171 0.9870895164519133 0.15965666261927888 103.53256742544761
 0.440000 0.019563642258640976 0.9858886686565891 0.16625521620723444 103.95077078502737
 0.450000 0.025155078020941957 0.9845449200023294 0.17331625009608073 104.78309084648716
 0.460000 0.0325261753841445 0.9831756892114446 0.17974318362174616 105.03024329292774
 0.470000 0.04001752481793786 0.9817566154738965 0.18588315060996105 105.21881119880898
 0.480000 0.046484373189339755 0.9806858330545103 0.18998552548911565 105.11195702341175
 0.490000 0.05346039839689819 0.9792843298805741 0.19530536872702675 105.29528487528319
 0.500000 0.05798430124396842 0.9785632794344424 0.19761510304568775 105.21230045545288
 0.510000 0.061806233038273956 0.9780275537593962 0.1991032235927638 105.10507204980672
 0.520000 0.0682510270970628 0.9767924589630727 0.2030228790384721 105.05919251387446
 0.530000 0.07565232234974237 0.9753271154911786 0.20739755039717295 105.0652260640328
 0.540000 0.08026549157841804 0.9738606145550023 0.21249224522374477 105.9985476715229
 0.550000 0.0867707072088002 0.9723484745555805 0.21681625492550233 106.36487602846432
 0.560000 0.09351826883236725 0.9711099036814124 0.219544729762468 106.63843890030921
 0.570000 0.09749838992592982 0.9704525464134494 0.22071683017274243 107.4861335590511
 0.580000 0.10027294709104907 0.9702794712688196 0.22023415656063805 108.27909176596567
 0.590000 0.10396841412112591 0.970486546048675 0.21759235465349205 108.40475635431586
 0.600000 0.10710691499495455 0.971048043744844 0.21352706034499516 108.32732209625247
 0.610000 0.1103749508628987 0.9718405724163666 0.20819047054906653 107.92818295207685
 0.620000 0.11304713720036154 0.9727473112048554 0.20244261733767147 107.4681802543341
 0.630000 0.11521861338088679 0.973720713030815 0.19645010599474616 106.99399386253151
 0.640000 0.11702790369350882 0.9747351954880017 0.19025185527103286 106.51509812472501
 0.650000 0.11871450391430849 0.9757845523614158 0.18371547004324634 106.03173406336465
 0.660000 0.12031320080192469 0.9767928482518947 0.1772017644289882 105.52594431730392
 0.670000 0.12189192072599672 0.977756896706375 0.1706862929612288 105.01444499693922
 0.680000 0.12344894125867883 0.978668640449299 0.16421952107843976 104.49915227700299
 0.690000 0.12504434786525204 0.979535842519186 0.15771317093756673 103.99150803138492
 0.700000 0.1267099941917205 0.9803451007646007 0.1512218925247892 103.48870150870466
 0.710000 0.12849070949596927 0.9810877406790282 0.14476526745923024 102.99157786941709
 0.720000 0.13549621160062605 0.9814087906381934 0.13593219743665275 101.51497973540188
 0.730000 0.14346390912571486 0.9815835622558586 0.12614205122585984 99.81103495048438
 0.740000 0.1519942788711073 0.9815754906533197 0.11578987580590368 98.06094153484109
 0.750000 0.1610610540688306 0.981346572246688 0.10496781412372609 96.29820858236141
 0.760000 0.17068732900134084 0.9808596271877781 0.09370286800008394 94.53536001268334
 0.770000 0.18090232895045918 0.9800752555632996 0.08201732020026688 92.78170455037166
 0.780000 0.19173036310235472 0.9789530580394563 0.06993123779711193 91.04540184142115
 0.790000 0.2032384408841387 0.9774395936272147 0.05749762566271679 89.35424661953904
 0.800000 0.21535993011019278 0.9755093151855686 0.044740099341818995 87.69667056520007
 0.810000 0.2280824664649823 0.9731277409617396 0.03163523766232352 86.07255291299685
 0.820000 0.24140938211040677 0.9702532266133242 0.018171033969064262 84.48426862756554
 0.830000 0.2553463700883914 0.9668398843993107 0.004343871246927487 82.93397917225505
 0.840000 0.2699016134205102 0.9628375013060306 -0.009852164826322262 81.424434949332
 0.850000 0.2850748218730148 0.9581942885196654 -0.024414163560541696 79.95845265933372
 0.860000 0.29775196625068556 0.9539382800038839 -0.03668139224569125 78.83761506529845
 0.870000 0.3105655500875852 0.9493079549042449 -0.04861528416368384 77.79882718248614
 0.880000 0.3237637921666645 0.9441942995228899 -0.060614615649527866 76.80047583636711
 0.890000 0.3373462798943943 0.9385678275223294 -0.07271808978120728 75.83605540865568
 0.900000 0.351280441083041 0.932412678580233 -0.08490376043108554 74.90336621750365
 0.910000 0.3656206873547604 0.9256754525666704 -0.09719294981490471 73.99175808815127
 0.920000 0.38106962318621995 0.9182362170844336 -0.10783409441907117 73.1509575054685
 0.930000 0.39678800916477197 0.9102564411504859 -0.11828984371918395 72.33872377353313
 0.940000 0.4130431657023843 0.9016352800681002 -0.128254298185563 71.56936232093685
 0.950000 0.4310530038745308 0.8913958025545652 -0.14002439444199183 70.74767929977683
 0.960000 0.4506591033168787 0.879365535391253 -0.15369654441034736 69.85868073759326
 0.970000 0.4672050499027112 0.8686417879587778 -0.1648662656736754 69.09486115315539
 0.980000 0.4851918665652693 0.8562003808461708 -0.17750988833803583 68.32083086991697
 0.990000 0.5045300557527789 0.842394047107586 -0.18926619412826964 67.54237144716163
 1.000000 0.5257234534557723 0.8264225046670645 -0.20159537263129926 66.59921918589231
 1.010000 0.548023715768841 0.8081797824282672 -0.21567439864089402 65.5522034438027
 1.020000 0.570601690354208 0.7878086665642979 -0.23188621315443367 64.59955479611618
 1.030000 0.5931831739164128 0.764729800156829 -0.2516387389384774 63.53377962134198
 1.040000 0.6141486949427867 0.7400450083574133 -0.2741436960890184 62.687653536692764
 1.050000 0.6339264537097531 0.7140668283075124 -0.2970619733285059 61.93452801430795
 1.060000 0.6526487607232125 0.6867860353560036 -0.3199602112238915 61.2357335196151
 1.070000 0.6703189091089519 0.6581219382360627 -0.34285284671910293 60.579614530562154
 1.080000 0.687307272329086 0.6274256100415435 -0.36598608889894785 59.89910612205566
 1.090000 0.7031117999071741 0.5956253155758024 -0.38841251302773405 59.29613093779748
 1.100000 0.717581982400989 0.5625725079527396 -0.41059502168101286 58.770920469941466
 1.110000 0.7305929735773046 0.528245340776932 -0.4326554829271611 58.32288175611229
 1.120000 0.7420466218976082 0.49236745956206873 -0.45490778812276084 57.93986240718353
 1.130000 0.7519265472677874 0.4538931233872142 -0.47810825139893054 57.53517901311302
 1.140000 0.7599291982050312 0.41390009043531895 -0.5011929058287768 57.20744509493192
 1.150000 0.7658948372025671 0.3751043343923236 -0.5222086141251836 57.08258906050661
