0.0 1.15 1.0
Linear 1 explicit
 0.000000 0.0
 0.010000 -0.999999999694117
 0.020000 -0.999999999831265
 0.030000 -1.0000000002006124
 0.040000 -1.0000000004133869
 0.050000 -1.0000000002110268
 0.060000 -1.0000000003454457
 0.070000 -1.0000000007580505
 0.080000 -0.9999999993921949
 0.090000 -0.999999999811661
 0.100000 -1.00000000004049
 0.110000 -1.000000000227287
 0.120000 -1.0000000002473892
 0.130000 -0.9999999995129962
 0.140000 -0.99999999971832
 0.150000 -1.0000000003008065
 0.160000 -0.999999999817237
 0.170000 -0.9999999999085684
 0.180000 -0.9999999994277898
 0.190000 -0.9999999994004629
 0.200000 -0.9999999999232988
 0.210000 -1.0000000001150697
 0.220000 -0.9999999997839761
 0.230000 -0.9999999997485621
 0.240000 -1.0000000004127976
 0.250000 -1.0000000000633835
 0.260000 -0.9999999996839236
 0.270000 -0.9999999998456441
 0.280000 -1.0000000001032676
 0.290000 -0.9999999998350856
 0.300000 -0.9999999993462573
 0.310000 -0.9999999996229515
 0.320000 -1.0000000001894689
 0.330000 -0.9999999997877832
 0.340000 -1.0000000006874716
 0.350000 -0.9999999997473207
 0.360000 -0.9999999995814735
 0.370000 -1.0000000001702571
 0.380000 -1.0000000012726404
 0.390000 -1.0000000003386782
 0.400000 -0.9999999990373004
 0.410000 -0.9999999994302547
 0.420000 -0.9999999981043705
 0.430000 -1.000000000140074
 0.440000 -1.0000000010250978
 0.450000 -0.999999999886985
 0.460000 -0.999999999894269
 0.470000 -1.0000000007857301
 0.480000 -1.0000000002100207
 0.490000 -0.9999999992654145
 0.500000 -0.9999999997407163
 0.510000 -0.99999999801822
 0.520000 -1.0000000002534855
 0.530000 -1.0000000011274652
 0.540000 -0.9999999977013139
 0.550000 -1.0000000008529555
 0.560000 -0.9999999995822136
 0.570000 -1.0000000009843888
 0.580000 -1.000000000211525
 0.590000 -0.999999998565093
 0.600000 -1.000000000302343
 0.610000 -0.9999999998159872
 0.620000 -0.9999999998722592
 0.630000 -0.9999999998529077
 0.640000 -1.0000000017271349
 0.650000 -0.9999999962932871
 0.660000 -0.9999999985979163
 0.670000 -1.0000000030993195
 0.680000 -1.000000000137045
 0.690000 -1.0000000000918274
 0.700000 -1.0000000003739726
 0.710000 -1.0000000021157103
 0.720000 -0.99999999653236
 0.730000 -0.9999999988771522
 0.740000 -1.0000000008901238
 0.750000 -0.999999998090849
 0.760000 -1.0000000002220064
 0.770000 -1.0000000017706994
 0.780000 -1.000000002332768
 0.790000 -0.9999999995637854
 0.800000 -0.9999999995289347
 0.810000 -1.000000000527171
 0.820000 -1.0000000006798018
 0.830000 -1.0000000014497088
 0.840000 -0.9999999986512251
 0.850000 -0.99999999858903
 0.860000 -0.9999999987699499
 0.870000 -1.0000000010062577
 0.880000 -0.9999999998031223
 0.890000 -1.0000000023842388
 0.900000 -1.000000000239415
 0.910000 -0.9999999990904419
 0.920000 -1.0000000024776077
 0.930000 -1.0000000003416494
 0.940000 -1.0000000036886858
 0.950000 -0.999999999253791
 0.960000 -0.9999999996721196
 0.970000 -0.999999998383844
 0.980000 -0.9999999993220763
 0.990000 -0.9999999982053982
 1.000000 -0.9999999998315258
 1.010000 -0.9999999994778036
 1.020000 -0.9999999995090332
 1.030000 -0.9999999993484598
 1.040000 -1.000000000194166
 1.050000 -0.9999999999148147
 1.060000 -0.999999999779773
 1.070000 -1.0000000029285407
 1.080000 -1.0000000005470595
 1.090000 -1.0000000026110993
 1.100000 -0.9999999990004874
 1.110000 -0.9999999995989295
 1.120000 -1.0000000019052484
 1.130000 -1.0000000003132599
 1.140000 -1.0000000010614092
 1.150000 -0.9999999998571905
