0.0 1.15 1.0
Linear 1 explicit
 0.000000 0.0
 0.010000 -0.9999999999991399
 0.020000 -1.000000000044142
 0.030000 -1.0000000000284783
 0.040000 -1.0000000000869789
 0.050000 -0.9999999999694557
 0.060000 -1.0000000000408131
 0.070000 -0.9999999999149995
 0.080000 -1.000000000169066
 0.090000 -1.000000000038663
 0.100000 -1.0000000000608322
 0.110000 -1.0000000000673088
 0.120000 -0.9999999999741188
 0.130000 -1.0000000000198894
 0.140000 -1.0000000000368165
 0.150000 -0.9999999999792617
 0.160000 -1.0000000000431268
 0.170000 -0.9999999999790781
 0.180000 -0.9999999998851888
 0.190000 -0.9999999999993592
 0.200000 -1.0000000000766929
 0.210000 -0.9999999999532991
 0.220000 -0.9999999999924498
 0.230000 -0.9999999999604975
 0.240000 -0.9999999999003526
 0.250000 -0.9999999999910523
 0.260000 -1.0000000000897489
 0.270000 -0.999999999910227
 0.280000 -1.0000000002791973
 0.290000 -1.0000000002082552
 0.300000 -1.0000000000265068
 0.310000 -0.9999999996901607
 0.320000 -0.9999999999044353
 0.330000 -0.9999999999311942
 0.340000 -1.000000000240318
 0.350000 -1.0000000000611922
 0.360000 -0.9999999998011356
 0.370000 -0.9999999999496831
 0.380000 -0.9999999997792169
 0.390000 -0.9999999998537947
 0.400000 -0.9999999998804532
 0.410000 -1.000000000012604
 0.420000 -0.9999999998557273
 0.430000 -0.9999999999115211
 0.440000 -0.9999999999670385
 0.450000 -1.0000000000414837
 0.460000 -1.0000000000010394
 0.470000 -1.0000000000331144
 0.480000 -0.9999999998153738
 0.490000 -0.9999999995280696
 0.500000 -0.9999999998770585
 0.510000 -0.9999999999273468
 0.520000 -1.0000000004083598
 0.530000 -0.9999999998620498
 0.540000 -0.9999999997592095
 0.550000 -1.000000000135327
 0.560000 -0.999999999977469
 0.570000 -1.0000000000321874
 0.580000 -1.0000000000651263
 0.590000 -0.9999999999703842
 0.600000 -1.0000000000315625
 0.610000 -0.99999999990737
 0.620000 -0.9999999998788196
 0.630000 -1.000000000015449
 0.640000 -1.0000000001213476
 0.650000 -1.0000000001046645
 0.660000 -1.0000000000062537
 0.670000 -1.0000000004518204
 0.680000 -0.9999999998841896
 0.690000 -0.9999999997616632
 0.700000 -1.0000000000209281
 0.710000 -1.0000000001470093
 0.720000 -0.9999999999785972
 0.730000 -1.0000000001261369
 0.740000 -0.9999999998405142
 0.750000 -0.9999999999055543
 0.760000 -1.0000000000227958
 0.770000 -0.9999999999684424
 0.780000 -0.9999999997193653
 0.790000 -0.9999999997518073
 0.800000 -1.0000000000915636
 0.810000 -1.0000000002771257
 0.820000 -0.9999999994632183
 0.830000 -1.0000000001170422
 0.840000 -0.9999999995573777
 0.850000 -1.000000000146248
 0.860000 -1.0000000000757667
 0.870000 -0.9999999997597311
 0.880000 -1.0000000004430778
 0.890000 -0.9999999999105582
 0.900000 -0.9999999999159022
 0.910000 -1.0000000006149614
 0.920000 -0.9999999992930014
 0.930000 -1.0000000002766019
 0.940000 -0.9999999995480151
 0.950000 -1.0000000002344407
 0.960000 -1.0000000000479028
 0.970000 -0.999999999807126
 0.980000 -1.0000000003425835
 0.990000 -0.9999999999530386
 1.000000 -0.9999999998825492
 1.010000 -1.0000000007554528
 1.020000 -1.0000000001466738
 1.030000 -1.000000000144398
 1.040000 -1.0000000002824188
 1.050000 -1.000000000250247
 1.060000 -0.9999999996576552
 1.070000 -1.0000000001504536
 1.080000 -0.9999999999299514
 1.090000 -0.9999999992066062
 1.100000 -0.9999999998804113
 1.110000 -0.9999999998941571
 1.120000 -1.0000000014481796
 1.130000 -0.9999999990959862
 1.140000 -1.0000000004808283
 1.150000 -1.0000000002978866
