0.0 1.15 1.0
Linear 1 explicit
 0.000000 0.0
 0.010000 -0.9999999997650372
 0.020000 0.9999999996441225
 0.030000 -1.0000000001242098
 0.040000 -1.0000000006340877
 0.050000 -1.0000000003632348
 0.060000 -0.999999999094998
 0.070000 -0.9999999991987365
 0.080000 -1.0000000013017714
 0.090000 -1.0000000014322525
 0.100000 -1.00000000087291
 0.110000 0.9999999999686443
 0.120000 0.9999999994364197
 0.130000 0.99999999976414
 0.140000 0.999999999667195
 0.150000 1.0000000003321259
 0.160000 0.9999999996837499
 0.170000 1.0000000005467566
 0.180000 0.9999999993975548
 0.190000 1.0000000010434127
 0.200000 1.000000000038794
 0.210000 0.9999999993613653
 0.220000 0.9999999997820586
 0.230000 0.9999999997220571
 0.240000 0.999999999143814
 0.250000 1.000000000655255
 0.260000 1.0000000009792025
 0.270000 1.0000000011958443
 0.280000 0.9999999996181757
 0.290000 0.9999999986515288
 0.300000 0.9999999985652868
 0.310000 1.0000000021634512
 0.320000 1.000000000080437
 0.330000 1.0000000001292515
 0.340000 0.9999999965696406
 0.350000 0.999999999627399
 0.360000 1.0000000002314064
 0.370000 1.000000001764944
 0.380000 1.0000000017723862
 0.390000 0.9999999997179072
 0.400000 0.9999999978257776
 0.410000 0.9999999988205055
 0.420000 1.0000000008723655
 0.430000 0.9999999959587839
 0.440000 1.0000000039964982
 0.450000 0.9999999973984283
 0.460000 1.0000000015057928
 0.470000 1.0000000017860724
 0.480000 0.9999999994454806
 0.490000 1.0000000000821332
 0.500000 1.0000000012406196
 0.510000 1.000000001932442
 0.520000 0.9999999963745735
 0.530000 1.0000000004170941
 0.540000 0.9999999996325061
 0.550000 0.9999999977534852
 0.560000 1.000000003954856
 0.570000 1.0000000038365617
 0.580000 1.000000002071659
 0.590000 1.0000000025353708
 0.600000 1.0000000025366282
 0.610000 1.000000000420031
 0.620000 1.0000000057620215
 0.630000 0.9999999933401447
 0.640000 1.0000000033925853
 0.650000 1.0000000030873786
 0.660000 1.0000000008623298
 0.670000 0.9999999994260619
 0.680000 1.0000000008791619
 0.690000 1.000000000166754
 0.700000 1.0000000036963321
 0.710000 1.0000000036474725
 0.720000 1.0000000036117846
 0.730000 0.9999999996388889
 0.740000 1.0000000032313479
 0.750000 1.0000000032883547
 0.760000 0.9999999997665431
 0.770000 1.0000000000246634
 0.780000 1.000000001547533
 0.790000 1.0000000024377331
 0.800000 1.0000000009853902
 0.810000 1.0000000021375013
 0.820000 1.0000000034734209
 0.830000 1.0000000045155868
 0.840000 0.9999999920524945
 0.850000 0.9999999972227683
 0.860000 0.9999999992499391
 0.870000 0.9999999979288311
 0.880000 0.9999999966224803
 0.890000 0.9999999975246805
 0.900000 0.9999999981886378
 0.910000 1.0000000021356628
 0.920000 0.9999999990529086
 0.930000 1.0000000010062906
 0.940000 0.9999999973647546
 0.950000 0.9999999998690591
 0.960000 0.9999999987067253
 0.970000 1.0000000035518082
 0.980000 0.9999999999338844
 0.990000 1.0000000027899352
 1.000000 1.0000000062715169
 1.010000 0.99999999777284
 1.020000 1.0000000015300226
 1.030000 1.0000000027191416
 1.040000 1.0000000026770823
 1.050000 0.9999999985871865
 1.060000 0.9999999949693862
 1.070000 0.9999999940170012
 1.080000 1.0000000061528571
 1.090000 1.0000000039845538
 1.100000 0.9999999976063908
 1.110000 1.0000000053908098
 1.120000 0.9999999972977384
 1.130000 1.0000000026093174
 1.140000 0.9999999998280644
 1.150000 1.000000000520062
