0.0 1.15 1.0
Linear 1 explicit
 0.000000 0.0
 0.010000 -0.9999999999895424
 0.020000 -1.0000000000119083
 0.030000 -1.0000000000092317
 0.040000 -0.999999999912276
 0.050000 -1.0000000000621077
 0.060000 -0.9999999999365218
 0.070000 -1.0000000000292888
 0.080000 -0.9999999999690866
 0.090000 -1.0000000000230937
 0.100000 -1.0000000000152762
 0.110000 -1.0000000000130442
 0.120000 -0.999999999952157
 0.130000 -0.9999999999750678
 0.140000 -1.0000000000357527
 0.150000 -0.9999999999944059
 0.160000 -1.000000000018201
 0.170000 -1.000000000063706
 0.180000 -0.9999999999731856
 0.190000 -1.0000000000078078
 0.200000 -1.0000000000227351
 0.210000 -0.9999999999898586
 0.220000 -1.0000000000150215
 0.230000 -0.9999999999650913
 0.240000 -0.9999999998698685
 0.250000 -0.9999999999848488
 0.260000 -1.0000000001267557
 0.270000 -0.9999999999706742
 0.280000 -0.9999999999683089
 0.290000 -0.9999999999557724
 0.300000 -1.0000000000479143
 0.310000 -1.0000000000457983
 0.320000 -0.9999999998601963
 0.330000 -1.0000000000790774
 0.340000 -0.9999999999230313
 0.350000 -0.9999999999781141
 0.360000 -0.9999999999672771
 0.370000 -0.9999999998338178
 0.380000 -1.0000000000965057
 0.390000 -1.000000000042431
 0.400000 -1.0000000002218454
 0.410000 -0.9999999998987896
 0.420000 -1.0000000001496814
 0.430000 -1.0000000001137692
 0.440000 -1.0000000002061176
 0.450000 -0.9999999999102438
 0.460000 -1.0000000002417884
 0.470000 -0.9999999998784777
 0.480000 -1.0000000000256708
 0.490000 -0.9999999998669944
 0.500000 -0.9999999999686041
 0.510000 -1.000000000333005
 0.520000 -0.9999999999848784
 0.530000 -0.9999999997541722
 0.540000 -1.000000000134874
 0.550000 -1.0000000001997138
 0.560000 -0.9999999999306569
 0.570000 -1.000000000073383
 0.580000 -1.0000000002629683
 0.590000 -1.0000000000461158
 0.600000 -1.0000000001118252
 0.610000 -1.000000000254331
 0.620000 -0.9999999991751645
 0.630000 -0.9999999995591928
 0.640000 -1.00000000010936
 0.650000 0.9999999996762368
 0.660000 1.0000000008310623
 0.670000 1.0000000000871783
 0.680000 1.0000000002585052
 0.690000 0.9999999998136656
 0.700000 0.9999999997194455
 0.710000 1.0000000000410723
 0.720000 0.9999999999687451
 0.730000 1.0000000002216716
 0.740000 0.9999999999788761
 0.750000 1.0000000001221876
 0.760000 1.0000000002137834
 0.770000 1.000000000003286
 0.780000 1.0000000000165135
 0.790000 1.0000000002606062
 0.800000 0.999999999824661
 0.810000 0.9999999997846281
 0.820000 0.9999999998992581
 0.830000 0.9999999998768919
 0.840000 1.0000000001724276
 0.850000 0.999999999918743
 0.860000 1.0000000001938765
 0.870000 -0.9999999999264392
 0.880000 -0.999999999604635
 0.890000 -1.0000000000808624
 0.900000 -1.0000000002934273
 0.910000 -1.0000000001983789
 0.920000 -1.0000000000618434
 0.930000 -1.0000000002685274
 0.940000 -1.0000000000655338
 0.950000 -1.0000000003258527
 0.960000 -0.9999999996998318
 0.970000 -1.0000000001120302
 0.980000 -1.0000000000264349
 0.990000 -1.0000000000778881
 1.000000 -0.9999999997670084
 1.010000 -0.9999999997249167
 1.020000 -1.0000000000505307
 1.030000 -1.0000000000708182
 1.040000 -0.9999999997422274
 1.050000 -1.0000000001786808
 1.060000 -0.9999999998257874
 1.070000 -1.000000000273651
 1.080000 -0.9999999999049957
 1.090000 -1.0000000002714355
 1.100000 -1.0000000002448834
 1.110000 -0.9999999998200706
 1.120000 -1.0000000003324274
 1.130000 -0.999999999511
 1.140000 -0.9999999999145707
 1.150000 -1.000000000470527
