0.0 1.15 1.0
Linear 4 explicit
 0.000000 0.12515162299229163 0.9742642977558115 0.187473063080462 113.74970684594895
 0.010000 0.10822265748233409 0.9779165395796015 0.1787934507304985 113.02926125544744
 0.020000 0.0903697906178544 0.9815363637112204 0.16858133839853068 111.13323883907748
 0.030000 0.06972630564054508 0.9854750570114204 0.15484558214575928 109.34583065627115
 0.040000 0.056047208893852854 0.9878411978635946 0.14501199322341382 109.95216588376165
 0.050000 0.03927983359355463 0.9899500618587829 0.13585275005922634 109.16496499499526
 0.060000 0.03533646918599849 0.9902898516942095 0.1344520121713606 110.19614290219077
 0.070000 0.03316704910240997 0.9903152858176881 0.13481684438403468 111.44490148650708
 0.080000 0.03185785032219177 0.9902258992716494 0.13578566118888294 112.71583575501134
 0.090000 0.045501711365039416 0.9883280356697755 0.14538668498860466 114.33619974107526
 0.100000 0.0698336589029333 0.9846620252016072 0.15988732348156423 116.22474435250197
 0.110000 0.07543523742966406 0.9840399702135629 0.16116718641218644 114.99507101380092
 0.120000 0.1070072607916837 0.9781846974311407 0.17805657485588175 116.08345513692637
 0.130000 0.13699284303905257 0.9711745526534161 0.19507165153992687 118.09302554012822
 0.140000 0.15796304653914933 0.9658912026148332 0.20518737933737996 119.2729938127118
 0.150000 0.189817535661033 0.9563800555994085 0.22205065279625907 120.83397373466836
 0.160000 0.2186848699690644 0.9465072738170568 0.2372781242719532 123.03190875587863
 0.170000 0.22695369534105964 0.9432549832577772 0.24240886273073425 122.00333201499778
 0.180000 0.25612719747944435 0.9314567011684507 0.258432336521019 123.4290067792593
 0.190000 0.28430370819903605 0.9188070744154127 0.27379730003867425 125.05268619327721
 0.200000 0.3116271978033108 0.9053529714754097 0.28848654497203524 126.73979499685086
 0.210000 0.33915148958323454 0.890656271640236 0.3028327474058701 128.23052726475353
 0.220000 0.3658230793248964 0.8749995793253066 0.31709495551614686 129.72184869389133
 0.230000 0.391683661295678 0.8584553366044919 0.33111681402381393 131.25644502201524
 0.240000 0.4167864827650053 0.8410079727639412 0.3449559646271708 132.85060862648035
 0.250000 0.44123050203595265 0.8225494008092596 0.3587870222031856 134.50317611753619
 0.260000 0.4649433156973856 0.8031401805866926 0.37255008188899397 136.23209545817804
 0.270000 0.4868396616820863 0.7849347773159115 0.383229094894023 138.5356586662508
 0.280000 0.5093584986792847 0.7641470361616226 0.39576915866271456 140.49076849961762
 0.290000 0.5301839888332701 0.7444770320928754 0.40578182151376213 142.96297046601262
 0.300000 0.5508155361040754 0.7244035927911646 0.4145379113394003 145.56199507582411
 0.310000 0.5709050720227985 0.7036433514404932 0.4230288792886767 148.2444731532383
 0.320000 0.5674532637549352 0.7072929006852084 0.42158456576845393 148.36572061298762
 0.330000 0.5677985137026994 0.7049643219008722 0.4250060619377668 148.49150186772366
 0.340000 0.5699771012241402 0.7024713925152422 0.4262159626032591 149.2053322886551
 0.350000 0.5726846473032365 0.6969559690718443 0.43160708047748014 149.36041053349103
 0.360000 0.5755627209580495 0.6907771243094758 0.43766941722503 149.43209142705527
 0.370000 0.5784523792244097 0.6843851525907272 0.4438578690110006 149.5043291907678
 0.380000 0.5813037236472872 0.6779538854243139 0.449960565063067 149.59191597251865
 0.390000 0.5840873338256071 0.6715590289442578 0.45590619332044574 149.70469491420306
 0.400000 0.5867087884333746 0.6653666199678161 0.46158429198538103 149.83563681467638
 0.410000 0.5892848591809936 0.6591640804739863 0.4671681386320354 149.98322131895807
 0.420000 0.5918180797917509 0.6529387563916134 0.47267572481922326 150.15777409864367
 0.430000 0.594595208080314 0.647537330556136 0.4766045992897693 150.58261441515845
 0.440000 0.5974464415936634 0.6435744387755814 0.4784032725449992 151.3348236942366
 0.450000 0.6004276636110711 0.6409881941055632 0.4781430285885587 152.4099784244607
 0.460000 0.6032184334206867 0.6363436037750964 0.4808267250434565 153.0501218176672
 0.470000 0.6059856162992464 0.6314890085274972 0.48373863288699714 153.625156712926
 0.480000 0.6080714125653256 0.6269399433467253 0.4870271703480356 153.84920593367696
 0.490000 0.610723133093195 0.6223743640966138 0.4895583781533792 154.35987563660552
 0.500000 0.612290116992287 0.6192225895329175 0.4915935284823423 154.47178941061637
 0.510000 0.613653082832573 0.6165120725603919 0.4932978393601267 154.51195029334653
 0.520000 0.6158229360841758 0.6119606680536707 0.49625220618952437 154.765741245307
 0.530000 0.6184408174713015 0.6068704573808922 0.499238623549636 155.08482468356672
 0.540000 0.6216068606874336 0.6049453435460256 0.49764047470869416 156.10276380995722
 0.550000 0.6246134276372785 0.6009970808123001 0.4986587759884548 156.68533018719634
 0.560000 0.6279739302917865 0.596886992126834 0.49937426996559137 157.09803547064973
 0.570000 0.631751362125738 0.5956047056079259 0.4961302763488341 157.81312413697827
 0.580000 0.6352525978219284 0.5952248307646066 0.49209911379897514 158.3812847526168
 0.590000 0.63825676532363 0.593470290337917 0.4903277638527574 158.334259462547
 0.600000 0.640901624765473 0.5918814935139717 0.4887958725364272 158.04096365400312
 0.610000 0.6432122851171349 0.5898306874308267 0.48823940484077255 157.43119437423624
 0.620000 0.6451596501577643 0.5880930331879777 0.48776593784731964 156.74536046625636
 0.630000 0.6468624558347331 0.5866718491199485 0.4872218228708954 156.03031963018847
 0.640000 0.6484065233159044 0.585490917017787 0.4865895257925845 155.29738175487313
 0.650000 0.6499490516000994 0.5844152101010107 0.4858241374476189 154.54041483896518
 0.660000 0.6513644951700552 0.583349108192006 0.48520934904786245 153.76884787383898
 0.670000 0.6527332905747277 0.5822762002657595 0.4846583105441989 152.99388114104104
 0.680000 0.6540460645197139 0.5811938681139008 0.48418739466561506 152.2203313293085
 0.690000 0.6553856521711353 0.5800913875019339 0.4836978696193489 151.45146585299958
 0.700000 0.6567463706119042 0.5789380538981281 0.4832338299795859 150.6888961521255
 0.710000 0.6581468574017788 0.5777043508349546 0.4828047194451669 149.9346733253804
 0.720000 0.6598640241235092 0.5717344423262822 0.4875440463439011 148.32917931030693
 0.730000 0.6617170900796011 0.5648938797960055 0.4929760615543122 146.54087574396866
 0.740000 0.6636991607028191 0.5576175738273258 0.4985640033549357 144.70451310056947
 0.750000 0.6657907094503598 0.5499793945669926 0.504227524795415 142.8465574534718
 0.760000 0.6679966317581764 0.5419784001220944 0.5099410885198663 140.9778922704887
 0.770000 0.67032451249041 0.5336033368944975 0.5156864617280073 139.1071438139442
 0.780000 0.6727807188704428 0.5248444186469678 0.5214445709097913 137.24181527516086
 0.790000 0.6754484098863017 0.5156934028799229 0.5270955888718782 135.40403759044193
 0.800000 0.6782406926293602 0.5061654388441383 0.5327157885602477 133.58764650785741
 0.810000 0.6811406486634735 0.49626313521573656 0.5383031834980637 131.79106779258782
 0.820000 0.6841445232426894 0.4859807710340053 0.5438464502984522 130.01495358318613
 0.830000 0.6872476590456688 0.47530819304738625 0.5493384901481754 128.2602308777761
 0.840000 0.6904499789099486 0.46423260890066503 0.5547674390738281 126.52793898692062
 0.850000 0.6937476428391296 0.4527437816268609 0.560122554672958 124.81945101612551
 0.860000 0.6966631436721926 0.4431828432298743 0.5641360046260677 123.45447814074255
 0.870000 0.6996230210454023 0.4335915147110179 0.5679137494319975 122.17223206262149
 0.880000 0.7026517012826179 0.4237301613118365 0.5716059281351864 120.92179091627345
 0.890000 0.7057291499092262 0.4135720387678393 0.5752430231804762 119.69480374453398
 0.900000 0.7088257484554616 0.40312096639526407 0.578843281708532 118.48991547111868
 0.910000 0.7119075912815276 0.3923135869648148 0.582475433781146 117.29922925968599
 0.920000 0.7149774823224634 0.380697373713391 0.5864100181780307 116.24818245546233
 0.930000 0.7179442966655134 0.3687983155714025 0.5903759728487921 115.23025059181836
 0.940000 0.720871911256942 0.3564455410961316 0.5943822539355035 114.26808279326048
 0.950000 0.7241116422006579 0.3426377522665177 0.5985496640640732 113.18559092047194
 0.960000 0.7274746915882484 0.32737042750736983 0.6030001461792731 111.96704605280598
 0.970000 0.7298326261481367 0.3142194382431416 0.6071330022654663 110.94933393917691
 0.980000 0.7324512581490077 0.2997858667538536 0.6112639270647144 109.85226470314778
 0.990000 0.7346477117478434 0.2841372721275517 0.6160833955006183 108.80933907806482
 1.000000 0.7359648331049837 0.26670254006947025 0.6222744728439743 107.65535380509526
 1.010000 0.7366673690520047 0.2479118582415919 0.6291747753344841 106.35933345011041
 1.020000 0.7377845354440297 0.22827854397868583 0.6352659959565037 104.99163703036118
 1.030000 0.738209768466568 0.20771716946981245 0.6417942935614068 103.38148811751557
 1.040000 0.7396313149510573 0.18728422386857058 0.6464287566574658 101.7143923225906
 1.050000 0.7408663223833973 0.16681951403169878 0.6506061343826447 100.05755440320962
 1.060000 0.7415868440719792 0.14620613240060712 0.6547310283985464 98.41683271761323
 1.070000 0.7417025577863865 0.12536466115286704 0.6589089599536182 96.78396020800014
 1.080000 0.7407353845609468 0.10387888296909577 0.6637170087713883 95.11746842955081
 1.090000 0.7392132192104837 0.08221033648159663 0.6684349460643543 93.50493696891448
 1.100000 0.737218421274349 0.060283240338629085 0.6729598281235156 91.91633686439127
 1.110000 0.7347559797244396 0.038049841697534274 0.6772635083968213 90.3387452981978
 1.120000 0.7317285802867475 0.0153406836119394 0.681423472018582 88.74338400264877
 1.130000 0.727362560754166 -0.008218108204295284 0.6862041736325163 87.05433524171971
 1.140000 0.7222676420765212 -0.0323350144649237 0.690857365922066 85.35441252517946
 1.150000 0.7175997537679522 -0.05607301196184507 0.6941947930672638 83.7919388911132
