0.0 1.15 1.0
Linear 1 explicit
 0.000000 0.0
 0.010000 -1.0000000000007105
 0.020000 -1.0000000000000664
 0.030000 -1.0000000000022131
 0.040000 -0.9999999999997929
 0.050000 -1.000000000009321
 0.060000 -1.0000000000033615
 0.070000 -0.9999999999908893
 0.080000 -1.000000000001832
 0.090000 -1.0000000000031857
 0.100000 -0.9999999999959073
 0.110000 -0.9999999999979604
 0.120000 -0.9999999999968707
 0.130000 -1.000000000004091
 0.140000 -0.9999999999993177
 0.150000 -1.0000000000011786
 0.160000 -0.9999999999998358
 0.170000 -0.9999999999968472
 0.180000 -1.0000000000005398
 0.190000 -1.0000000000013465
 0.200000 -0.9999999999999271
 0.210000 -1.000000000002017
 0.220000 -0.9999999999984464
 0.230000 -0.9999999999990926
 0.240000 -1.000000000000937
 0.250000 -1.0000000000006999
 0.260000 -1.0000000000064269
 0.270000 1.0000000000015665
 0.280000 -0.9999999999947443
 0.290000 0.9999999999929426
 0.300000 0.9999999999989281
 0.310000 1.0000000000114762
 0.320000 1.0000000000069516
 0.330000 0.999999999989444
 0.340000 1.0000000000010323
 0.350000 0.9999999999990878
 0.360000 1.0000000000091038
 0.370000 1.0000000000068574
 0.380000 0.9999999999960469
 0.390000 1.0000000000027234
 0.400000 1.000000000005508
 0.410000 0.9999999999990244
 0.420000 1.0000000000018738
 0.430000 1.000000000009461
 0.440000 0.9999999999776851
 0.450000 0.9999999999937855
 0.460000 0.9999999999959646
 0.470000 0.9999999999947397
 0.480000 0.9999999999997686
 0.490000 1.0000000000147802
 0.500000 0.9999999999807357
 0.510000 0.9999999999954683
 0.520000 0.9999999999876577
 0.530000 0.9999999999996941
 0.540000 1.0000000000150986
 0.550000 0.9999999999851704
 0.560000 0.9999999999979579
 0.570000 0.9999999999931992
 0.580000 1.0000000000687832
 0.590000 1.0000000000053344
 0.600000 1.0000000000196878
 0.610000 1.0000000000053904
 0.620000 1.0000000000058795
 0.630000 1.0000000000183968
 0.640000 1.0000000000072784
 0.650000 -0.9999999999904087
 0.660000 -1.0000000000246962
 0.670000 -1.0000000000133717
 0.680000 -0.9999999999809553
 0.690000 -0.9999999999785325
 0.700000 -0.999999999981277
 0.710000 -1.000000000016457
 0.720000 -0.9999999999923878
 0.730000 -1.000000000003767
 0.740000 -1.0000000000060196
 0.750000 -1.000000000003926
 0.760000 -1.000000000016376
 0.770000 -0.9999999999905924
 0.780000 -0.9999999999953776
 0.790000 -1.0000000000040727
 0.800000 -0.9999999999978573
 0.810000 -1.0000000000051874
 0.820000 -0.9999999999963664
 0.830000 -1.0000000000167095
 0.840000 -0.9999999999993388
 0.850000 -1.0000000000028535
 0.860000 -1.00000000002036
 0.870000 -1.0000000000045923
 0.880000 -0.9999999999894323
 0.890000 -0.9999999999785094
 0.900000 -0.9999999999907923
 0.910000 -1.0000000000300373
 0.920000 -0.9999999999740067
 0.930000 -1.0000000000005003
 0.940000 -0.999999999974569
 0.950000 -1.0000000000043285
 0.960000 -1.0000000000079707
 0.970000 -0.9999999999987462
 0.980000 -1.0000000000276021
 0.990000 -1.0000000000015155
 1.000000 -0.9999999999903021
 1.010000 -1.0000000000004472
 1.020000 -1.000000000020269
 1.030000 -1.000000000026193
 1.040000 -0.9999999999928431
 1.050000 -0.9999999999871435
 1.060000 -0.9999999999621655
 1.070000 -1.0000000000246598
 1.080000 -1.0000000000103144
 1.090000 -0.999999999969386
 1.100000 -0.9999999999858153
 1.110000 -0.9999999999873387
 1.120000 -1.0000000000644094
 1.130000 -0.9999999999584704
 1.140000 -1.0000000000255993
 1.150000 -0.9999999999806646
