0.0 1.15 1.0
Linear 4 explicit
 0.000000 -0.21541999814441637 0.9610973599233965 -0.17287593571037238 71.19885428206992
 0.010000 -0.22107828971092158 0.9552427091103126 -0.19655980390223393 73.4561932584747
 0.020000 -0.24105071249957027 0.9440760561224669 -0.22497767502509716 73.22842266734271
 0.030000 -0.25236339523355084 0.9338695006428168 -0.2533781216193117 74.83519681634328
 0.040000 -0.26319154146152557 0.9232135544510106 -0.28001240219146867 77.61174443354716
 0.050000 -0.2742206371270565 0.9123556230101842 -0.30399055797068697 80.52547496507529
 0.060000 -0.2856907154460637 0.9006863233871145 -0.32733005051678105 83.56195749375013
 0.070000 -0.2975982527123177 0.8884446099742964 -0.3494301861462398 86.69156667046309
 0.080000 -0.3097972744505463 0.8759529875696669 -0.36977291992625416 89.88499630097975
 0.090000 -0.32189573040570924 0.8635992107887411 -0.38804579867798916 93.1173527258158
 0.100000 -0.33375028456113925 0.8516763134531734 -0.4040522301116163 96.35872636095476
 0.110000 -0.3503944539512611 0.8364749442569883 -0.42134711850262574 96.2920992511204
 0.120000 -0.3602119297011122 0.826400462014939 -0.4327928396848731 95.30048019812803
 0.130000 -0.36685211002117013 0.8220277167785781 -0.435534111431944 96.64104253825954
 0.140000 -0.37831022224158867 0.8102116475409828 -0.44770354246582206 96.13318394868054
 0.150000 -0.38665274912338193 0.8025240968646628 -0.4543728926189243 97.02026569515219
 0.160000 -0.3941656261565909 0.7940688790494229 -0.46269652525362187 99.63388412501227
 0.170000 -0.3933911779163882 0.7993261961877121 -0.4542257293743277 97.92886558608333
 0.180000 -0.39728582437022775 0.7989113446969549 -0.45155801074609636 98.29358930162994
 0.190000 -0.3935747184786915 0.8090437209611111 -0.43651712285753286 97.9904855815403
 0.200000 -0.38928586748431704 0.8192887169511887 -0.4209780417711331 97.73494636763766
 0.210000 -0.3856258890086271 0.827949840224967 -0.407175313345195 97.62168182373473
 0.220000 -0.38237916836382996 0.8355269129999539 -0.3945642523774211 97.60396941873483
 0.230000 -0.3795111971932595 0.8421861370300797 -0.38300621639771154 97.66317563466396
 0.240000 -0.3752787100656467 0.8496298439599929 -0.37053342362596986 97.67674215969164
 0.250000 -0.381061949058682 0.8455431086675783 -0.3739634238322865 98.61127673919336
 0.260000 -0.3786172906831501 0.8508030502973719 -0.36439417778065386 98.76624729047599
 0.270000 -0.3812395091403676 0.8475715817524759 -0.3691596544532155 101.01606450995166
 0.280000 -0.3793258124681168 0.8526344547259465 -0.3593416405171978 101.38650596980432
 0.290000 -0.37340564059921105 0.86002842359639 -0.3477345800679035 102.41437248399167
 0.300000 -0.36555984037876604 0.8677429761739165 -0.33673154055283416 103.90556125888327
 0.310000 -0.357260980256094 0.8754586668482712 -0.3254792076718612 105.48163481909914
 0.320000 -0.34844340434020127 0.8832948552557127 -0.3136517059583776 107.04247696888164
 0.330000 -0.34130426712890666 0.8896287270996794 -0.30343388927178855 107.91854321483918
 0.340000 -0.34278003962165476 0.8890016301403925 -0.30360821142502314 110.05754536005365
 0.350000 -0.3378852426393863 0.8938676070913505 -0.2946765409721413 110.70629376875114
 0.360000 -0.3456097140972369 0.8887922615785093 -0.30100206191949075 112.37770035185271
 0.370000 -0.3434582515210205 0.8911792118376547 -0.2963714592374572 111.49522607866206
 0.380000 -0.35421718738606833 0.8833102473366639 -0.3070719640578486 111.26746643186554
 0.390000 -0.3664763881349444 0.8735908800714389 -0.32020935525929645 111.12379391952648
 0.400000 -0.3791534719823899 0.8628307611076039 -0.3343138082254037 111.04488690578779
 0.410000 -0.37712260682995885 0.8659527437400123 -0.3284880287421765 111.38503482031916
 0.420000 -0.37320760049119706 0.8708430465225925 -0.31991948246215474 111.80236492737198
 0.430000 -0.367856708769566 0.8766750335948378 -0.3100360096580926 112.49552563300283
 0.440000 -0.36094962426378246 0.8834233232088672 -0.2987952488819653 113.58776160276282
 0.450000 -0.35422580077264404 0.8900505433779216 -0.28693921359696695 114.87799540312432
 0.460000 -0.346670080158141 0.8962523499391507 -0.2766795633069022 115.69027334722301
 0.470000 -0.33916074454595846 0.9022604436904417 -0.2662631801630832 116.42031042992325
 0.480000 -0.3313032561915509 0.908218265316067 -0.25569070179251724 117.1291942710682
 0.490000 -0.3230154991579176 0.914119698977237 -0.2450431864907222 117.82970972034998
 0.500000 -0.31789430281868963 0.9177437361807955 -0.23809587761306086 118.42341945396443
 0.510000 -0.31460512793234374 0.9202033901227347 -0.23291486488693658 118.95158213969235
 0.520000 -0.24357946761861532 0.9562177589962522 -0.16222404363970624 116.17733858002995
 0.530000 -0.15964279920659707 0.9834267939669787 -0.08594136122561595 113.66096804931166
 0.540000 -0.04754538348711093 0.9988057395075581 0.011248610395229905 112.3430636217105
 0.550000 0.09292709165790482 0.9878031470425988 0.1249379779280165 111.64499519877063
 0.560000 0.2612400022441888 0.9307167843097097 0.25596860868405236 113.19173764595291
 0.570000 0.42207559081075646 0.829801448632779 0.36507773348794126 117.5775907425557
 0.580000 0.4303202078204627 0.828885601864245 0.35745374213106534 118.04874115911112
 0.590000 0.4456932454884276 0.8145560461138549 0.37128961561745255 119.20367786551955
 0.600000 0.46896227637315857 0.7920237602373129 0.39086154397491285 120.29822151415733
 0.610000 0.49675319579757965 0.7634546453658093 0.4127629670092241 121.52730226478158
 0.620000 0.5259533938307609 0.7302294516215 0.4360481343870972 122.82887729367602
 0.630000 0.552596236721286 0.6932140723183099 0.46270038804969416 123.98447863990718
 0.640000 0.5758791217248146 0.6553924843519335 0.4886961516284499 125.2091053921732
 0.650000 0.5715875237951097 0.6469671365362282 0.5046991449209007 125.23662567416488
 0.660000 0.5699583060180209 0.6355218957847159 0.5208257380153836 125.08834843066383
 0.670000 0.5635951065566362 0.6170037953199171 0.5492420890884379 124.21025536313444
 0.680000 0.5607551502431467 0.5994089091274458 0.5711940310738824 123.63949249817831
 0.690000 0.5550745578065733 0.5781073730387679 0.5980669699239811 122.75052806555311
 0.700000 0.549335433008891 0.555743075866836 0.6240033779291603 121.83445183170615
 0.710000 0.5433541191778287 0.5326609942172578 0.6488748464935041 120.92680803372681
 0.720000 0.5363675918937733 0.5093095625246533 0.6729885406803156 120.035259480198
 0.730000 0.5286344311892256 0.48482548398207115 0.6967710443487117 119.1563385994888
 0.740000 0.5202790145466053 0.45926186720238465 0.7199918640902774 118.2701282483158
 0.750000 0.5114248024269528 0.43268726157502907 0.7424462304660553 117.38508708784111
 0.760000 0.5023451658156586 0.40538413113743116 0.7637493310004195 116.5228229873065
 0.770000 0.4931325617477473 0.3774773683705837 0.7837927742153042 115.69282798729861
 0.780000 0.48382011602236236 0.3489447596649656 0.8025930787357111 114.89950950185917
 0.790000 0.47420321583516645 0.3198494782407031 0.8202607032893484 114.12963644097489
 0.800000 0.46424795761226684 0.29003923697244494 0.8368698075980999 113.38201239564658
 0.810000 0.45395038929099163 0.2593422427446239 0.8524497904221372 112.65756847959925
 0.820000 0.4433139870437687 0.22771074966190086 0.8669605085468267 111.95926036432732
 0.830000 0.4323957767011693 0.19514788503713593 0.8803131234149161 111.29280637278731
 0.840000 0.4213094518688741 0.16174016746706293 0.8923779826921299 110.66370359060078
 0.850000 0.4100908956739663 0.12751428001194554 0.9030866877982197 110.074102528993
 0.860000 0.3988494103198014 0.09267008502762566 0.9123219844049136 109.53262761421249
 0.870000 0.3875695756357974 0.05717446150421538 0.9200657068890193 109.03734134282509
 0.880000 0.37636772882240704 0.021206357044052507 0.9262276302950496 108.58871739329072
 0.890000 0.3649825220384739 -0.015516465976433465 0.9308850615892582 108.17857015645949
 0.900000 0.3534309496044362 -0.05294695315376027 0.9339610184656745 107.8035572271757
 0.910000 0.3415330425052852 -0.09128618291078608 0.93542611342995 107.4583283120414
 0.920000 0.329288710206847 -0.13050164284036778 0.9351675072126255 107.13405605880035
 0.930000 0.31656151993808684 -0.17067884567350505 0.9330903148859965 106.83049838669987
 0.940000 0.3034777832084613 -0.21167679389825012 0.9290286163643378 106.53630989791684
 0.950000 0.2910710258616543 -0.2532551560590212 0.9225722106335986 106.08978372213727
 0.960000 0.27863695087622997 -0.29500803723174424 0.9139648284124894 105.62640723698803
 0.970000 0.2659280998756322 -0.3364012455066377 0.9033916358468892 105.18277331214786
 0.980000 0.2533185675782325 -0.37740689918161896 0.8907265213129267 104.75458212187485
 0.990000 0.24416147751853748 -0.4140269670205524 0.8769075455689311 104.48726168631899
 1.000000 0.2345115531393907 -0.45292318892760514 0.8601540073590308 103.41171994878114
 1.010000 0.22877762559264816 -0.4920823860999871 0.8399498338105278 101.51955131296747
 1.020000 0.23215824711239308 -0.5272599044727615 0.817373562964374 99.10230091705408
 1.030000 0.23823611873143802 -0.5652342210148569 0.789780872853672 96.083762021687
 1.040000 0.2536421017256029 -0.5978982293933789 0.7603837133450988 92.67474659532819
 1.050000 0.27457015871242835 -0.6299671108401667 0.7264658747693007 89.19854942670575
 1.060000 0.30011789017665275 -0.6608111248319749 0.6879374312350033 85.82704640609721
 1.070000 0.3288937639975883 -0.6896044869140772 0.6451934156758506 82.70567025856745
 1.080000 0.3602617157888234 -0.7114907829671103 0.6033177951044884 79.56821664447298
 1.090000 0.3854449286183628 -0.7329484995558435 0.5605521420895855 77.21792129469654
 1.100000 0.40446621690893453 -0.7522207136725166 0.5201644713947545 75.51938450431808
 1.110000 0.41486734705102896 -0.7685249790138312 0.48708771384898575 74.44609793539503
 1.120000 0.4165100220839744 -0.7824130971688912 0.4629785598515229 73.87681450380147
 1.130000 0.40731634861292343 -0.8006871145550688 0.43931029664476734 73.62399796818599
 1.140000 0.39341526735686594 -0.8183064917788346 0.4190452397094397 73.60067135670614
 1.150000 0.3785225279618212 -0.8293976773437741 0.41087734014197597 73.75334161718425
