0.0 1.15 1.0
Linear 1 explicit
 0.000000 0.0
 0.010000 -1.000000000002093
 0.020000 -1.000000000064145
 0.030000 -1.0000000000357745
 0.040000 -0.9999999999789326
 0.050000 -1.00000000001247
 0.060000 -0.9999999999127749
 0.070000 -0.9999999999571709
 0.080000 -0.9999999999492357
 0.090000 -1.0000000000087141
 0.100000 -1.0000000000081317
 0.110000 -1.000000000010178
 0.120000 -1.0000000000296432
 0.130000 -0.9999999999870243
 0.140000 -1.0000000000325755
 0.150000 -0.9999999999671385
 0.160000 -1.000000000009984
 0.170000 0.9999999999651815
 0.180000 0.08702091610750795
 0.190000 1.000000000049813
 0.200000 0.9999999999391908
 0.210000 1.0000000000236495
 0.220000 1.0000000000303915
 0.230000 0.9999999999945719
 0.240000 0.9999999999478476
 0.250000 0.08147282200967154
 0.260000 0.9999999999564798
 0.270000 0.08290491290815989
 0.280000 0.9999999998557886
 0.290000 0.9999999999403637
 0.300000 0.9999999999739588
 0.310000 0.10155980233927035
 0.320000 0.9999999999709775
 0.330000 0.9999999999393943
 0.340000 0.08434586540258812
 0.350000 1.0000000000936153
 0.360000 -0.999999999946969
 0.370000 -0.0782996403066252
 0.380000 -0.99999999985808
 0.390000 -1.0000000000353317
 0.400000 -1.0000000000359084
 0.410000 1.0000000000593536
 0.420000 0.9999999999595155
 0.430000 0.9999999998128944
 0.440000 0.9999999999907457
 0.450000 0.9999999999654854
 0.460000 1.0000000000811657
 0.470000 1.0000000001159624
 0.480000 0.9999999997771412
 0.490000 1.0000000002280998
 0.500000 0.09709488346121233
 0.510000 0.013384001182664888
 0.520000 0.9999999999804012
 0.530000 -1.0000000002297957
 0.540000 -1.0000000001681695
 0.550000 -0.9999999998578196
 0.560000 -1.0000000002286653
 0.570000 -0.9999999999585973
 0.580000 -0.9999999999051161
 0.590000 -1.0000000001826963
 0.600000 -1.000000000125334
 0.610000 -1.0000000000581932
 0.620000 -1.0000000000855405
 0.630000 -1.0000000002561251
 0.640000 -0.9999999999040532
 0.650000 -0.9999999999145978
 0.660000 -0.9999999997987018
 0.670000 -1.0000000001017713
 0.680000 -0.9999999997228136
 0.690000 -0.9999999999369031
 0.700000 -0.999999999783046
 0.710000 -0.999999999771833
 0.720000 -1.0000000000970009
 0.730000 -0.9999999998079195
 0.740000 -0.9999999997040147
 0.750000 -0.9999999998958339
 0.760000 -1.0000000000240035
 0.770000 -1.0000000001142446
 0.780000 -0.9999999999097184
 0.790000 -1.000000000128944
 0.800000 -1.0000000000466525
 0.810000 -1.000000000054466
 0.820000 -0.9999999999716367
 0.830000 -1.0000000001127094
 0.840000 -0.9999999998478877
 0.850000 -1.000000000227846
 0.860000 -1.0000000001957006
 0.870000 -0.9999999998906401
 0.880000 -1.0000000003012155
 0.890000 -0.9999999998696878
 0.900000 -0.999999999952458
 0.910000 -1.000000000089938
 0.920000 -0.9999999999527996
 0.930000 -1.000000000090956
 0.940000 -1.0000000002008154
 0.950000 -0.9999999997832706
 0.960000 -1.0000000003658027
 0.970000 -0.9999999999215123
 0.980000 -1.0000000003420408
 0.990000 -0.9999999999199793
 1.000000 -1.0000000000782705
 1.010000 -1.000000000113586
 1.020000 -1.0000000001088711
 1.030000 -0.9999999996438135
 1.040000 -1.0000000000752907
 1.050000 -1.0000000002356253
 1.060000 -1.000000000170465
 1.070000 -0.9999999999971816
 1.080000 -0.9999999999348557
 1.090000 -0.9999999997949907
 1.100000 -1.0000000002410616
 1.110000 -0.9999999999168644
 1.120000 -1.000000000586382
 1.130000 -0.9999999994612315
 1.140000 -1.0000000003603597
 1.150000 -1.000000000255258
