0.0 1.15 1.0
Linear 1 explicit
 0.000000 0.0
 0.010000 -1.0000000000019786
 0.020000 -0.9999999999977651
 0.030000 -1.000000000000084
 0.040000 -1.0000000000017022
 0.050000 -0.9999999999987784
 0.060000 -0.9999999999990098
 0.070000 -1.0000000000030633
 0.080000 -1.0000000000011702
 0.090000 -0.9999999999993082
 0.100000 -0.9999999999989174
 0.110000 0.9999999999995668
 0.120000 0.9999999999992957
 0.130000 0.9999999999984562
 0.140000 0.9999999999973841
 0.150000 0.9999999999978895
 0.160000 0.9999999999982315
 0.170000 0.9999999999980241
 0.180000 0.9999999999993254
 0.190000 1.0000000000013491
 0.200000 0.9999999999966273
 0.210000 0.99999999999835
 0.220000 1.0000000000048326
 0.230000 1.0000000000052296
 0.240000 1.0000000000040379
 0.250000 0.9999999999972767
 0.260000 0.9999999999956438
 0.270000 1.0000000000033984
 0.280000 0.9999999999983961
 0.290000 1.0000000000015665
 0.300000 -0.9999999999992761
 0.310000 -0.999999999999068
 0.320000 -1.000000000001875
 0.330000 -0.99999999999532
 0.340000 -1.0000000000091223
 0.350000 -1.000000000003657
 0.360000 -0.9999999999968036
 0.370000 -0.9999999999987289
 0.380000 -0.999999999993097
 0.390000 -0.9999999999879948
 0.400000 -0.9999999999862746
 0.410000 -0.9999999999977253
 0.420000 -1.0000000000006355
 0.430000 -1.0000000000028524
 0.440000 -0.999999999997447
 0.450000 -1.0000000000287892
 0.460000 -1.000000000024926
 0.470000 -0.9999999999939411
 0.480000 -0.9999999999906203
 0.490000 -0.9999999999982887
 0.500000 -1.0000000000142373
 0.510000 -0.9999999999836402
 0.520000 -1.0000000000085816
 0.530000 -0.9999999999932343
 0.540000 -0.9999999999715408
 0.550000 -1.0000000000108966
 0.560000 -0.999999999970953
 0.570000 -0.9999999999983444
 0.580000 -1.0000000000085723
 0.590000 -0.9999999999908726
 0.600000 -1.000000000038703
 0.610000 -0.9999999999876545
 0.620000 -1.0000000000475184
 0.630000 -0.9999999999670276
 0.640000 -0.9999999999670136
 0.650000 -1.0000000000104958
 0.660000 -0.9999999999914739
 0.670000 -1.000000000004139
 0.680000 -0.999999999987183
 0.690000 -0.9999999999888286
 0.700000 -1.0000000000037559
 0.710000 -1.0000000000017228
 0.720000 -1.0000000000104299
 0.730000 -0.9999999999909863
 0.740000 -0.999999999996197
 0.750000 -1.0000000000167337
 0.760000 -0.9999999999962683
 0.770000 -0.9999999999959973
 0.780000 -1.0000000000266678
 0.790000 -0.9999999999908318
 0.800000 -0.9999999999980089
 0.810000 -0.9999999999962945
 0.820000 1.0000000000050895
 0.830000 0.9999999999800812
 0.840000 1.0000000000319509
 0.850000 1.0000000000124625
 0.860000 1.000000000003494
 0.870000 0.999999999995221
 0.880000 0.9999999999970685
 0.890000 1.0000000000077744
 0.900000 0.9999999999852581
 0.910000 0.9999999999992686
 0.920000 1.0000000000022409
 0.930000 1.000000000023432
 0.940000 1.00000000001707
 0.950000 0.9999999999966849
 0.960000 1.0000000000076266
 0.970000 1.0000000000137577
 0.980000 1.0000000000007059
 0.990000 0.9999999999872395
 1.000000 1.0000000000164837
 1.010000 1.00000000001344
 1.020000 0.9999999999926992
 1.030000 1.0000000000144547
 1.040000 0.9999999999888707
 1.050000 1.0000000000162848
 1.060000 1.0000000000009688
 1.070000 1.000000000002745
 1.080000 1.0000000000111327
 1.090000 0.9999999999967516
 1.100000 1.0000000000526679
 1.110000 0.9999999999591095
 1.120000 1.0000000000292462
 1.130000 1.0000000000179377
 1.140000 0.9999999999922904
 1.150000 0.9999999999890767
