0.0 1.15 1.0
Linear 1 explicit
 0.000000 0.0
 0.010000 0.999999999999586
 0.020000 0.9999999999916335
 0.030000 1.0000000000241758
 0.040000 -1.0000000000022098
 0.050000 -0.9999999999520941
 0.060000 -0.9999999999978315
 0.070000 -1.0000000000483082
 0.080000 -0.999999999959081
 0.090000 -1.0000000000379257
 0.100000 -0.999999999940793
 0.110000 -1.0000000000054639
 0.120000 -0.9999999999960625
 0.130000 -0.9999999999819088
 0.140000 -1.0000000000412064
 0.150000 -0.9999999999711874
 0.160000 -1.0000000001199034
 0.170000 -1.0000000000249232
 0.180000 -0.999999999982957
 0.190000 -0.999999999962517
 0.200000 -0.9999999999729283
 0.210000 -1.0000000000463654
 0.220000 -1.0000000000559894
 0.230000 -1.00000000001053
 0.240000 -1.0000000000037066
 0.250000 -1.0000000000458773
 0.260000 -0.9999999998951387
 0.270000 -1.0000000000974638
 0.280000 -0.9999999999320822
 0.290000 -1.000000000044705
 0.300000 -0.9999999999504005
 0.310000 -0.9999999999948204
 0.320000 -1.0000000000261708
 0.330000 -1.0000000000608467
 0.340000 -0.9999999997888346
 0.350000 -1.000000000057275
 0.360000 -0.9999999999567701
 0.370000 -0.9999999998406188
 0.380000 -1.0000000002199165
 0.390000 -1.0000000000182894
 0.400000 -0.9999999999916925
 0.410000 -0.9999999999548396
 0.420000 -0.9999999999205702
 0.430000 -1.000000000007936
 0.440000 -1.0000000001260825
 0.450000 -1.000000000030235
 0.460000 -1.0000000000976066
 0.470000 -1.0000000002187344
 0.480000 -0.9999999999103907
 0.490000 -0.9999999999995439
 0.500000 -0.9999999999905763
 0.510000 -0.9999999999642629
 0.520000 -0.9999999998865073
 0.530000 -1.0000000001133968
 0.540000 -0.999999999942368
 0.550000 -0.9999999999687028
 0.560000 -1.000000000062222
 0.570000 -1.000000000219506
 0.580000 -0.999999999888486
 0.590000 -0.99999999984022
 0.600000 -1.0000000000926086
 0.610000 -0.9999999999933501
 0.620000 -1.000000000243301
 0.630000 -1.0000000001898164
 0.640000 -1.0000000000963614
 0.650000 -0.9999999999816135
 0.660000 -0.99999999981285
 0.670000 -0.99999999967424
 0.680000 -1.0000000000436216
 0.690000 -0.9999999999708188
 0.700000 -1.000000000085014
 0.710000 -1.0000000001452278
 0.720000 -1.0000000000340148
 0.730000 -1.000000000080361
 0.740000 -1.0000000002622553
 0.750000 -0.9999999997051551
 0.760000 -1.0000000001333902
 0.770000 -0.9999999999564959
 0.780000 -1.0000000002991738
 0.790000 -0.9999999998482627
 0.800000 -1.0000000000737734
 0.810000 -1.0000000001501521
 0.820000 -1.000000000065352
 0.830000 -0.9999999996838902
 0.840000 -0.9999999998246211
 0.850000 -1.0000000004954133
 0.860000 -0.999999999807958
 0.870000 -0.9999999999920164
 0.880000 -1.0000000001655884
 0.890000 -0.9999999998062175
 0.900000 -0.999999999976735
 0.910000 -0.9999999998218101
 0.920000 -0.9999999999710059
 0.930000 -1.0000000000178988
 0.940000 -1.0000000001843707
 0.950000 -0.9999999997893608
 0.960000 -1.000000000106809
 0.970000 -0.9999999993440271
 0.980000 -1.0000000005838143
 0.990000 -1.0000000000322538
 1.000000 -1.0000000002097587
 1.010000 -0.9999999999943869
 1.020000 -1.0000000002370584
 1.030000 -1.0000000001593314
 1.040000 -0.9999999999304772
 1.050000 -1.000000000139072
 1.060000 -1.000000000160832
 1.070000 -0.9999999999389788
 1.080000 -1.00000000026656
 1.090000 -1.0000000000813554
 1.100000 -1.0000000000888485
 1.110000 -0.9999999999763668
 1.120000 -1.0000000002070966
 1.130000 -0.9999999995414341
 1.140000 -0.9999999996788749
 1.150000 -1.0000000003673435
