0.0 1.15 1.0
Linear 1 explicit
 0.000000 0.0
 0.010000 1.000000000307021
 0.020000 0.9999999999918205
 0.030000 1.000000000135095
 0.040000 1.0000000002554326
 0.050000 0.9999999999411668
 0.060000 1.000000000560313
 0.070000 1.000000001066672
 0.080000 0.9999999999177316
 0.090000 1.000000000192316
 0.100000 0.9999999998688427
 0.110000 0.9999999997191278
 0.120000 0.9999999994262416
 0.130000 1.0000000004573069
 0.140000 0.9999999998461608
 0.150000 0.9999999997733355
 0.160000 1.0000000008115506
 0.170000 1.000000000165432
 0.180000 1.0000000000758646
 0.190000 0.9999999999735071
 0.200000 1.0000000018407251
 0.210000 0.9999999996021974
 0.220000 0.9999999997213744
 0.230000 0.9999999997375828
 0.240000 0.9999999982398106
 0.250000 0.9999999989096818
 0.260000 0.9999999999338901
 0.270000 0.999999999442083
 0.280000 0.9999999991438274
 0.290000 1.0000000010844976
 0.300000 1.0000000024482611
 0.310000 0.9999999998825998
 0.320000 1.0000000017326716
 0.330000 1.0000000006921481
 0.340000 1.0000000009503969
 0.350000 0.9999999982937409
 0.360000 1.000000000185999
 0.370000 1.000000001534006
 0.380000 0.9999999996928128
 0.390000 1.0000000018766309
 0.400000 1.000000004220594
 0.410000 0.9999999981853366
 0.420000 0.9999999978959004
 0.430000 1.0000000010182863
 0.440000 0.9999999986104925
 0.450000 0.9999999997275217
 0.460000 1.000000006983977
 0.470000 0.9999999974887176
 0.480000 0.9999999997689677
 0.490000 1.0000000006349938
 0.500000 0.9999999962850566
 0.510000 1.0000000020277076
 0.520000 0.9999999975574086
 0.530000 1.0000000010338161
 0.540000 1.0000000028364913
 0.550000 1.0000000004248135
 0.560000 0.9999999970677129
 0.570000 1.0000000001253098
 0.580000 1.0000000003181468
 0.590000 1.0000000014970496
 0.600000 0.9999999987230805
 0.610000 1.0000000010504235
 0.620000 0.9999999950033415
 0.630000 1.0000000016526447
 0.640000 1.0000000023895845
 0.650000 1.0000000010065773
 0.660000 0.9999999950913069
 0.670000 0.9999999955921204
 0.680000 1.0000000025868239
 0.690000 0.9999999968066193
 0.700000 1.000000002853345
 0.710000 1.000000001124357
 0.720000 0.9999999993311334
 0.730000 1.0000000005626632
 0.740000 1.0000000028350589
 0.750000 1.0000000055904188
 0.760000 1.0000000045285289
 0.770000 1.0000000026809035
 0.780000 1.0000000008913235
 0.790000 0.9999999977896904
 0.800000 1.000000003430224
 0.810000 1.0000000002222897
 0.820000 0.9999999997853345
 0.830000 1.0000000009875027
 0.840000 1.0000000033793197
 0.850000 1.0000000005638776
 0.860000 0.9999999952367604
 0.870000 1.000000005793704
 0.880000 0.9999999970530359
 0.890000 0.9999999989643726
 0.900000 0.9999999992776875
 0.910000 1.0000000012171417
 0.920000 0.999999999764594
 0.930000 0.9999999971783655
 0.940000 1.00000000434471
 0.950000 1.000000000772761
 0.960000 0.9999999959986348
 0.970000 0.9999999977103164
 0.980000 0.9999999984750504
 0.990000 1.0000000027151827
 1.000000 1.0000000007603238
 1.010000 1.000000002795903
 1.020000 1.000000003984463
 1.030000 1.0000000091467534
 1.040000 1.0000000095871697
 1.050000 1.000000005922172
 1.060000 0.9999999945212452
 1.070000 0.9999999984635115
 1.080000 1.0000000033128822
 1.090000 1.0000000067999213
 1.100000 1.0000000018533066
 1.110000 0.9999999983979944
 1.120000 1.0000000055830824
 1.130000 1.0000000074423456
 1.140000 1.0000000017082558
 1.150000 0.9999999925461612
