0.0 1.15 1.0
Linear 4 explicit
 0.000000 -0.01989266855405011 0.9996403469494912 -0.01798495172358615 86.52254885162327
 0.010000 -0.02070774253296928 0.9996243347838734 -0.017954907604519062 86.2070138348345
 0.020000 -0.021509596652123302 0.9995928665529412 -0.01874669006349515 85.69731355643891
 0.030000 -0.02244648361392309 0.9995418131879326 -0.020305641145997328 85.0498770743234
 0.040000 -0.023774563898293237 0.9994738824178699 -0.02206192366943354 84.30609282114686
 0.050000 -0.025423655451511807 0.9993867816144678 -0.02407692832898207 83.49668652086824
 0.060000 -0.02745135229907557 0.999274509816048 -0.02639843345445015 82.64421708368606
 0.070000 -0.02982781534040198 0.9991328990503816 -0.0290474003518213 81.76500551127369
 0.080000 -0.03251323491518243 0.99895333164199 -0.03217344800792141 80.89891122484836
 0.090000 -0.035428687483985685 0.99873330194622 -0.03572953521615628 80.01340460531932
 0.100000 -0.03841510622601402 0.9984695042227129 -0.0397860371348304 79.12357491383709
 0.110000 -0.03850521462472129 0.9982681827392185 -0.04447452953368338 78.29030852110805
 0.120000 -0.03664361929905278 0.9981153845600707 -0.04922320864356981 77.92020519737224
 0.130000 -0.03391826094647793 0.997985528858539 -0.053613764681366465 77.85051879747714
 0.140000 -0.03040465411337233 0.9978453047144556 -0.0581403892966108 78.03101097620176
 0.150000 -0.026642651162563095 0.9976751038971089 -0.06272604086759094 78.39227618104377
 0.160000 -0.02331572354455289 0.9974598602910779 -0.06730679121527985 78.8842956116905
 0.170000 -0.020848964193849948 0.9971528322747152 -0.07246757742989178 79.49039848501445
 0.180000 -0.018216089891641977 0.9968216275248074 -0.07755525106563457 80.17058294025203
 0.190000 -0.015596288856441938 0.9964572011002779 -0.0826426170284234 80.90573049105848
 0.200000 -0.013126588529614425 0.9960517055158333 -0.08779916065984847 81.68115838177188
 0.210000 -0.010903098937004004 0.9955985364315366 -0.0930842451167347 82.4923235902481
 0.220000 -0.008918379518217267 0.9950956805042139 -0.09851420785158135 83.32909502935445
 0.230000 -0.00713575482493846 0.9945440671303817 -0.1040729529649135 84.17925604922554
 0.240000 -0.005536835981823315 0.9939383724582425 -0.10979915847751581 85.04189285380767
 0.250000 -0.004262920132320674 0.993257774582659 -0.11584826603384757 85.91574704040087
 0.260000 -0.0032178283062588337 0.9925093128044095 -0.12212661289624953 86.79964152691804
 0.270000 -0.0018898589749428898 0.9916890071256519 -0.12864424425209867 87.69735358585426
 0.280000 -0.0015627775412534472 0.9907651328188118 -0.1355802689069419 88.61076335022243
 0.290000 -0.0023063613065195487 0.9897367664827416 -0.14288391711389603 89.5971665195429
 0.300000 -0.003828908351961564 0.9886467875293448 -0.1502094170441347 90.64212722485236
 0.310000 -0.0040032408737719636 0.9875585448696268 -0.1572008095319228 91.63301311275151
 0.320000 -0.004564343182187431 0.9864479454580101 -0.1640110291199528 92.66584830102713
 0.330000 -0.005888406276844131 0.9853329209512282 -0.1705413778566346 93.7226189791201
 0.340000 -0.007959256840306917 0.9841498874063294 -0.17715995413371302 94.83592453639629
 0.350000 -0.010530417144087714 0.982920667145652 -0.1837282569794804 95.97422060114499
 0.360000 -0.013592804186134842 0.98162922436911 -0.19031369246288302 97.13721510503407
 0.370000 -0.017026075834120514 0.9802546807588971 -0.19700475525215966 98.31682750579509
 0.380000 -0.020648984983086226 0.9787895437977172 -0.2038250435334798 99.52020744178529
 0.390000 -0.02435435731953689 0.9772289135807529 -0.21078547326923128 100.74199610809416
 0.400000 -0.027995625534758865 0.9755954692534639 -0.21778366633664492 101.97793247605979
 0.410000 -0.03168247348158428 0.9738504101892606 -0.22497021902531392 103.22428100862732
 0.420000 -0.035345624671592024 0.9719765330546511 -0.23240547757666033 104.48090617961964
 0.430000 -0.040857361794659666 0.9702317052150772 -0.23870717245743575 105.63554459488692
 0.440000 -0.04557993356488332 0.9683043217477492 -0.2455793357366461 106.83571712642745
 0.450000 -0.051463932865373214 0.9664969880488523 -0.25146577442372753 107.95254290529208
 0.460000 -0.058222396347143955 0.9646925288986177 -0.25686275956390753 108.98533892979401
 0.470000 -0.0657657728539686 0.9628181618133613 -0.26202299594360057 109.96114219362886
 0.480000 -0.07398115048826501 0.9608099049928518 -0.2671537307245771 110.88337300181573
 0.490000 -0.08271024973150141 0.9586797728099417 -0.27219865501951207 111.7736045327466
 0.500000 -0.09171148191552873 0.956460512615672 -0.27707813318958185 112.63839408064382
 0.510000 -0.10089811307064649 0.9541439272682329 -0.2818313978887664 113.48165066387263
 0.520000 -0.11021575612927163 0.951733002727566 -0.28645554388076294 114.30346518487666
 0.530000 -0.11894564607532924 0.9497739986936876 -0.2894499692263338 115.00224425553665
 0.540000 -0.12574542542440478 0.9486784298114775 -0.29016775285214735 115.4884888150638
 0.550000 -0.13197410269661752 0.9480754354023004 -0.28937139631304454 115.82034878309824
 0.560000 -0.14013566172762226 0.9478420582219019 -0.2862820793864508 116.06624622894444
 0.570000 -0.1484206503384393 0.9479393262810801 -0.28174872536160067 116.23172651217745
 0.580000 -0.15610044793360442 0.9480263482471839 -0.2772700726440509 116.34223343068058
 0.590000 -0.16530108055905404 0.9477576490898415 -0.27282043793987637 116.45980118324906
 0.600000 -0.17631003508292883 0.9468297219152635 -0.2691249695344546 116.24527902728244
 0.610000 -0.18882020825550921 0.9452570333505684 -0.26615046469173875 115.80671638552106
 0.620000 -0.20091601644710216 0.9433437927553338 -0.2640743134138755 115.1903619907907
 0.630000 -0.21223937587954905 0.9413682550609299 -0.26225990103292485 114.42352098540191
 0.640000 -0.22271984423593832 0.9394729454658887 -0.2603583217820525 113.53479031469139
 0.650000 -0.23403769971645855 0.9371986240172606 -0.2586215270459562 112.61701343735028
 0.660000 -0.24546820521279322 0.9346062272329362 -0.2574034969595932 111.65311916353558
 0.670000 -0.2569646936891104 0.9317130061591635 -0.2566710352788491 110.65308659481744
 0.680000 -0.26846481087975027 0.9285296815597716 -0.25643571471581145 109.62476685919557
 0.690000 -0.2800271343449877 0.9250685027308825 -0.2565795574198723 108.57902229624679
 0.700000 -0.2916685440943903 0.9213311903931135 -0.2570569936700169 107.52425039858605
 0.710000 -0.3034208740037679 0.9173073700883739 -0.25784290178389735 106.46902281514929
 0.720000 -0.3169794404480259 0.9121907891416396 -0.2596767192845925 105.4176415818011
 0.730000 -0.3313661539987222 0.9064964407346686 -0.26164990907598723 104.36866729755889
 0.740000 -0.3461273173263072 0.9003567046209868 -0.26373032560653886 103.32906739851157
 0.750000 -0.3611090543678599 0.8938211516313435 -0.26586462673693334 102.31313772551836
 0.760000 -0.37622285399079824 0.8868999377422759 -0.2680762290240698 101.32421029553217
 0.770000 -0.3914310434994016 0.8795881453548974 -0.27038201259718 100.36263557301568
 0.780000 -0.4067293275640166 0.8718732469303531 -0.27277883969700917 99.42755385060246
 0.790000 -0.42092811526297047 0.8648247306276017 -0.27367445455515116 98.41145791642117
 0.800000 -0.43453889868582835 0.8580777945083893 -0.2736392590629608 97.33603226428559
 0.810000 -0.4478307115675777 0.851422917415365 -0.272995731609096 96.21142706785074
 0.820000 -0.46097272065754613 0.8447379428871502 -0.2718859294931712 95.04750519096709
 0.830000 -0.4740371094319065 0.8379689516067504 -0.27036430057336774 93.85793765069575
 0.840000 -0.48708328887736285 0.831066665217028 -0.2684735883871256 92.64750238211732
 0.850000 -0.5002032638006149 0.823955614429029 -0.266258972307214 91.41320808589593
 0.860000 -0.5133886942109754 0.8166084323993564 -0.26378536121364915 90.16306653205957
 0.870000 -0.5267127034218071 0.8089523939210339 -0.2610933787431612 88.8885290638456
 0.880000 -0.5401207681730587 0.8010266932371686 -0.25811972514643666 87.60649674453133
 0.890000 -0.5536240933087339 0.7928118514173847 -0.25485237209062983 86.3181638003008
 0.900000 -0.5672229535434552 0.7842907859726767 -0.25128884577672805 85.02448738762384
 0.910000 -0.5808883579580307 0.7754622334684081 -0.24744098296969877 83.7260020816049
 0.920000 -0.5945896852561178 0.7663390362073303 -0.24328499290307812 82.42487534183041
 0.930000 -0.6083312790233162 0.7568998225558539 -0.23882150987039047 81.12125729513181
 0.940000 -0.6220881479772937 0.7472074025821521 -0.23385344485941287 79.71184056060481
 0.950000 -0.6357454446808684 0.7370719431308956 -0.22924371358179169 78.27479482983942
 0.960000 -0.6494220779211896 0.7264951814207113 -0.22462349850585991 76.8288099081763
 0.970000 -0.6636463812308321 0.7153779263986542 -0.2186501843145415 75.40301867059404
 0.980000 -0.6777632360359478 0.7038624279114776 -0.2126374342693217 73.99268458828894
 0.990000 -0.6921495748735051 0.6913513593149088 -0.20727340392788968 72.60947738630124
 1.000000 -0.7061520054370738 0.6787869804829963 -0.2014884124310258 71.23365345572178
 1.010000 -0.7198627695384013 0.666088242581974 -0.1952537992628054 69.87551121110792
 1.020000 -0.7337466851076525 0.6523357016300873 -0.18993139411985913 68.51846671130714
 1.030000 -0.7473067099425408 0.63864065658758 -0.18349603000675513 67.21892561670552
 1.040000 -0.7621515692262297 0.6226610211873042 -0.17725190611098984 65.96303654707222
 1.050000 -0.7772353983706248 0.6054810525113979 -0.17116609059432908 64.77853533509938
 1.060000 -0.792214465136914 0.5875662023316162 -0.1648095843858468 63.66059877763033
 1.070000 -0.8069499348940388 0.5691054722301966 -0.15795810853562184 62.6031795406576
 1.080000 -0.8223444024337455 0.5483993534996692 -0.15168333088059116 61.67387550221911
 1.090000 -0.8373417417906984 0.5270915111055215 -0.14502877774916662 60.80591840967308
 1.100000 -0.851502181031166 0.5059889873585109 -0.13754701149452914 59.938304674628455
 1.110000 -0.8647162816677239 0.4854483440460419 -0.12886294068389678 59.04859742179069
 1.120000 -0.8771245798355382 0.4656440404548883 -0.117592937871188 58.18885498266948
 1.130000 -0.888488851123158 0.4470954309085599 -0.10340810940414574 57.34142623524246
 1.140000 -0.899025823716214 0.4291928079634834 -0.08686830195073181 56.49505223233465
 1.150000 -0.9092187946633445 0.41040334782503896 -0.06993050496696822 55.601143650927426
