0.0 1.15 1.0
Linear 1 explicit
 0.000000 0.0
 0.010000 -0.9999999990818719
 0.020000 -1.000000000685766
 0.030000 -1.000000001471884
 0.040000 -1.0000000016753836
 0.050000 -1.0000000028991216
 0.060000 -1.0000000023494473
 0.070000 -0.9999999976273325
 0.080000 -1.000000003451604
 0.090000 -1.0000000003514187
 0.100000 -1.0000000002515173
 0.110000 -0.9999999996079972
 0.120000 -1.0000000006776193
 0.130000 -1.0000000006194194
 0.140000 -1.0000000003110947
 0.150000 -1.0000000007560066
 0.160000 -0.9999999990552054
 0.170000 -1.0000000005032417
 0.180000 -1.0000000016460082
 0.190000 -0.9999999991870989
 0.200000 -0.9999999983354332
 0.210000 -0.9999999988463779
 0.220000 -1.00000000109243
 0.230000 -0.9999999989155588
 0.240000 -1.0000000022978752
 0.250000 -0.9999999979159435
 0.260000 -0.9999999995646954
 0.270000 -0.9999999979748351
 0.280000 -1.0000000024948923
 0.290000 -1.0000000018204769
 0.300000 -1.0000000027757165
 0.310000 -0.9999999963888183
 0.320000 -0.9999999996071361
 0.330000 -1.0000000013144064
 0.340000 -1.0000000107090115
 0.350000 -1.0000000034007663
 0.360000 -1.0000000017176511
 0.370000 -0.9999999959958454
 0.380000 -0.999999992542358
 0.390000 -0.9999999990945038
 0.400000 -1.0000000051942097
 0.410000 -0.9999999984744408
 0.420000 -1.0000000078227709
 0.430000 -1.0000000027833327
 0.440000 -0.9999999920672394
 0.450000 -0.9999999902764691
 0.460000 -0.9999999966746713
 0.470000 -1.0000000087592347
 0.480000 -0.9999999955548685
 0.490000 -1.0000000038035919
 0.500000 -0.999999994821785
 0.510000 -0.9999999897614557
 0.520000 -1.000000001171721
 0.530000 -0.9999999984050091
 0.540000 -0.9999999842082561
 0.550000 -1.0000000057535017
 0.560000 1.0000000047364008
 0.570000 1.0000000049131146
 0.580000 1.0000000030516187
 0.590000 1.0000000001337654
 0.600000 1.0000000097043922
 0.610000 0.9999999952561941
 0.620000 0.9999999907585885
 0.630000 0.9999999923414844
 0.640000 0.9999999987323146
 0.650000 1.0000000066607226
 0.660000 0.9999999924493738
 0.670000 0.9999999867709556
 0.680000 0.9999999973338907
 0.690000 0.9999999864783917
 0.700000 0.9999999964834207
 0.710000 1.0000000021016524
 0.720000 1.000000008658841
 0.730000 0.9999999958282865
 0.740000 0.9999999984983041
 0.750000 0.9999999874022213
 0.760000 0.9999999872482421
 0.770000 1.0000000104567413
 0.780000 1.0000000018173825
 0.790000 1.0000000010865462
 0.800000 0.9999999883701868
 0.810000 1.000000004809701
 0.820000 0.9999999981399972
 0.830000 0.9999999933320526
 0.840000 0.9999999972841034
 0.850000 1.0000000141193257
 0.860000 1.0000000038581616
 0.870000 0.9999999986300866
 0.880000 0.9999999883486408
 0.890000 0.9999999965155432
 0.900000 0.999999996999302
 0.910000 0.9999999971392507
 0.920000 0.9999999804315696
 0.930000 1.000000003260578
 0.940000 0.9999999997446581
 0.950000 1.0000000041979844
 0.960000 0.9999999919146234
 0.970000 1.000000005694856
 0.980000 1.000000011345177
 0.990000 0.9999999911936636
 1.000000 0.9999999909372624
 1.010000 1.0000000002268867
 1.020000 0.999999987543727
 1.030000 1.0000000222736745
 1.040000 0.9999999767011339
 1.050000 1.0000000068437012
 1.060000 0.9999999856990621
 1.070000 1.000000003633576
 1.080000 0.9999999829816404
 1.090000 1.0000000107963565
 1.100000 0.9999999961851941
 1.110000 0.9999999900764489
 1.120000 1.000000010565365
 1.130000 1.0000000062211822
 1.140000 1.0000000115516574
 1.150000 0.9999999813296587
