0.0 1.15 1.0
Linear 1 explicit
 0.000000 0.0
 0.010000 -0.9999999962631609
 0.020000 -0.9999999935372622
 0.030000 -0.9999999930709396
 0.040000 -0.9999999992556362
 0.050000 -0.999999986904095
 0.060000 -0.9999999833451905
 0.070000 -0.9999999917583705
 0.080000 -0.99999998199021
 0.090000 -1.0000000164421063
 0.100000 -0.9999999974031936
 0.110000 -0.9611999694086018
 0.120000 1.000000002710254
 0.130000 1.000000000341671
 0.140000 0.999999994450952
 0.150000 1.0000000126336277
 0.160000 1.0000000128421418
 0.170000 0.9999999905937491
 0.180000 1.0000000070227597
 0.190000 1.000000009879939
 0.200000 0.9999999858056242
 0.210000 0.9999999997414617
 0.220000 0.9999999977879774
 0.230000 0.9999999786237753
 0.240000 1.0000000057827987
 0.250000 0.9999999922882592
 0.260000 1.0000000016587507
 0.270000 0.9999999977822469
 0.280000 1.0000000066595653
 0.290000 1.000000006412419
 0.300000 1.00000001014373
 0.310000 0.9999999852379065
 0.320000 0.9999999845562833
 0.330000 0.9999999883447391
 0.340000 1.0000000055334413
 0.350000 1.0000000197547518
 0.360000 1.000000001776626
 0.370000 0.9999999915877876
 0.380000 1.0000000163574365
 0.390000 0.9999999818462061
 0.400000 0.9999999940327765
 0.410000 0.9999999943539915
 0.420000 0.9999999965067499
 0.430000 1.0000000020472108
 0.440000 1.0000000258914488
 0.450000 1.0000000185748126
 0.460000 0.9999999937936808
 0.470000 1.0000000327122776
 0.480000 0.9999999824088224
 0.490000 0.9999999827392836
 0.500000 1.0000000682468717
 0.510000 0.999999974114527
 0.520000 1.0000000269507452
 0.530000 0.9999999959215659
 0.540000 0.9999999778080487
 0.550000 0.9999999782561801
 0.560000 1.0000000348759894
 0.570000 1.0000000480996332
 0.580000 1.0000000521072754
 0.590000 1.0000000897677472
 0.600000 -0.9999999281442091
 0.610000 -1.000000008602335
 0.620000 -0.9999998818764562
 0.630000 -0.9999999931330252
 0.640000 -1.0000001503636327
 0.650000 -0.9999999197891124
 0.660000 -1.0000000043887929
 0.670000 -1.000000079930113
 0.680000 -1.00000002501442
 0.690000 -1.0000000290822926
 0.700000 -1.0000000659695896
 0.710000 -1.0000000034310155
 0.720000 -0.999999969006493
 0.730000 -1.0000000867096488
 0.740000 -1.0000000412266463
 0.750000 -0.9999998995985182
 0.760000 -0.9999999939761447
 0.770000 -0.9999999649463062
 0.780000 -0.9999998980035604
 0.790000 -0.9999999839259006
 0.800000 -0.9999999148400966
 0.810000 -0.9999999575668548
 0.820000 -1.000000002284924
 0.830000 -1.0000000274324097
 0.840000 -1.000000071592144
 0.850000 -0.9999999682456077
 0.860000 -0.9999999165941745
 0.870000 -0.9999999165201461
 0.880000 -0.9999999989183763
 0.890000 -1.0000000554670756
 0.900000 -1.0000000265346214
 0.910000 -0.9999999645755432
 0.920000 -1.0000000485669542
 0.930000 -0.9999999890484866
 0.940000 -0.9999999943853204
 0.950000 -1.0000000808713019
 0.960000 -1.0000000016037
 0.970000 -0.999999873810539
 0.980000 -1.0000000580083408
 0.990000 -0.9999999644872758
 1.000000 -0.9999998449953906
 1.010000 -1.000000391019326
 1.020000 -0.9999996759972642
 1.030000 -1.0000000224791497
 1.040000 -0.9999998363736893
 1.050000 -0.9999996790700786
 1.060000 -1.0000000979881614
 1.070000 -0.99999999957528
 1.080000 -0.9999998255787708
 1.090000 -1.0000001402780652
 1.100000 -1.00000006277276
 1.110000 -1.0000001184428913
 1.120000 -0.9999997267015523
 1.130000 -1.0000001012020703
 1.140000 -1.0000000070408586
 1.150000 -0.9999999400001455
