0.0 1.15 1.0
Linear 4 explicit
 0.000000 0.2965366743015958 0.9074098326944017 0.29778078568582506 101.88588669195674
 0.010000 0.29756404402920733 0.9071955848663493 0.2974084909682075 101.45433250298008
 0.020000 0.2988804508949411 0.9070151464521091 0.2966378266157164 100.97002815166299
 0.030000 0.2998708832223559 0.9069156063297654 0.2959417787183116 100.40632575991594
 0.040000 0.30139493615446306 0.9068266311361655 0.2946634580715432 99.88499766533681
 0.050000 0.3030558997360355 0.9067526732149834 0.2931837499805603 99.3598396695416
 0.060000 0.3047737401857378 0.9067025987158329 0.2915533652269367 98.82794210030919
 0.070000 0.3065075165373679 0.9066706216570417 0.2898301677364328 98.29170874851219
 0.080000 0.3077973809015359 0.9066800113894404 0.2884304582685381 97.68892313799863
 0.090000 0.3088723824719828 0.9068312405710234 0.2868012421006924 97.19671889118086
 0.100000 0.3098693172095458 0.9069752693351021 0.28526630902826333 96.71961952469469
 0.110000 0.3078807185696493 0.9084635460935571 0.28267198048649267 97.02137749347952
 0.120000 0.3056673245566019 0.9100382401200977 0.27999622893447024 97.37176620974819
 0.130000 0.3033969799023084 0.9116667917113953 0.27715326712274113 97.70580093828201
 0.140000 0.3010405977131439 0.9133163923030333 0.2742767326608016 98.03242719780708
 0.150000 0.2986542842035373 0.9149715560373812 0.2713534045657176 98.34895071663242
 0.160000 0.2965466190686414 0.916586688117445 0.26819572309202033 98.67706912738197
 0.170000 0.2969062630332565 0.9169370285836064 0.2665954924298112 98.19224869063586
 0.180000 0.29517189090123797 0.9184263033672587 0.2633755495579263 98.42417009936631
 0.190000 0.29367343400946505 0.919760496050747 0.260377695015476 98.57044877188558
 0.200000 0.29190920265172887 0.921236393833786 0.25712355800928366 98.85835988152103
 0.210000 0.2913083932892001 0.9217070101224109 0.2561163944195507 98.56754491102757
 0.220000 0.29068476399510684 0.9220949793936551 0.2554275180126914 98.22942599521528
 0.230000 0.28914447093898044 0.9232510892091558 0.2529879467475173 98.32870535878504
 0.240000 0.28918721876652526 0.923670865872819 0.25140183778134684 97.90188555741618
 0.250000 0.2877117771731015 0.9249686206169803 0.2483042169392547 98.10140073814206
 0.260000 0.286158625650701 0.9263079365978143 0.24508538830701765 98.36384275505006
 0.270000 0.28443996036139285 0.9276245783635303 0.24208789842842626 98.65112737377596
 0.280000 0.28349147698414023 0.9280711036315893 0.24148832079708196 98.37074045971643
 0.290000 0.28346325337983524 0.9284199672418446 0.24017691065123525 97.92622269526164
 0.300000 0.2817704940753357 0.9297143391838467 0.2371426494422384 98.09353387946868
 0.310000 0.2817577446227394 0.9301950151050353 0.23526539741077526 97.67027717893478
 0.320000 0.28013095808102384 0.9314905549646102 0.23206032046933397 97.81469718537258
 0.330000 0.2783273368951827 0.9328824976330728 0.2286135147945442 98.01204655945062
 0.340000 0.2769042996387615 0.9335250429419699 0.22771693622073932 97.68971478053231
 0.350000 0.27579562686252856 0.9340444425830234 0.22693116022986773 97.29394577222936
 0.360000 0.27376717466004613 0.9353893161780846 0.22382663214763082 97.42819139944959
 0.370000 0.27261546667424125 0.9360804496331133 0.22233802901135477 96.94503768614938
 0.380000 0.270800078174259 0.9374318512665687 0.21883519344874353 97.09331830443755
 0.390000 0.26871981625344327 0.9388043500305789 0.215490261302867 97.28653415710981
 0.400000 0.2664828744855219 0.9401467192165728 0.2123935591119663 97.51016391452048
 0.410000 0.2643387413074734 0.9411892067261334 0.2104469220164851 97.54267129809789
 0.420000 0.26279501845326503 0.9417259979602527 0.20997838708284755 97.24396929780394
 0.430000 0.2601853938187436 0.9430475685180676 0.2072796284142413 97.41132982386013
 0.440000 0.2571865877347793 0.9443912004723064 0.20489099433556496 97.62275336306908
 0.450000 0.2540031167434797 0.9458038319071508 0.20233024547592562 97.90968346211174
 0.460000 0.25091037444993075 0.9472354092319334 0.19947196166531073 98.24111542270842
 0.470000 0.24781750273507727 0.9486297920006244 0.19669266144674025 98.58775779782619
 0.480000 0.24459006997305643 0.9499485413080947 0.1943539722701815 98.91081173039667
 0.490000 0.24154154747434847 0.9512429204126905 0.19181915235041758 99.2756496953063
 0.500000 0.23849436926451126 0.952505786041047 0.18934931578289435 99.65406632593226
 0.510000 0.23543628021876115 0.9537450827619909 0.1869226445995133 100.04921090605578
 0.520000 0.23245878563902828 0.9549218814276923 0.18462695726741718 100.45833461350489
 0.530000 0.22960029230470408 0.956018206370009 0.18251820419526749 100.88802832919062
 0.540000 0.2267464317319516 0.9571094716549878 0.18035386041096396 101.30201089945433
 0.550000 0.22402005643890302 0.9581430254984334 0.17826092393404439 101.72120343237721
 0.560000 0.22170643763705958 0.9591323037653846 0.17581660724741155 102.04745474075312
 0.570000 0.21944149720216527 0.9601239998708071 0.1732262514105599 102.36524328905377
 0.580000 0.21674440904345404 0.9612327495353079 0.17045076230159806 102.68906153970127
 0.590000 0.21411606557947316 0.9622884473537013 0.1677952757093283 103.03057095452041
 0.600000 0.21232622755090144 0.9631017345815551 0.165386280990905 103.35702737220612
 0.610000 0.21105953541485994 0.9637565709767535 0.16317825961075005 103.69667338820776
 0.620000 0.21027864016398437 0.964233815171151 0.16135688138803403 104.09008868997357
 0.630000 0.20973993723555417 0.9646171567591425 0.15975887961028573 104.51038651117115
 0.640000 0.20934110205411602 0.9649437129888477 0.15830329672519275 104.9478746408275
 0.650000 0.2092582653888744 0.9651668953895414 0.15704726170982294 105.40420350682501
 0.660000 0.20945263223244187 0.9653004536122343 0.15596355057165212 105.8784045141291
 0.670000 0.20972120872192762 0.9654145268131316 0.15489288566745393 106.35265463712668
 0.680000 0.21001165723975498 0.9655238241609729 0.15381433223527108 106.82912692117111
 0.690000 0.21028651248638494 0.965643617877438 0.1526826313595814 107.30063655477582
 0.700000 0.21053933021657698 0.9657766280671557 0.15148826723938083 107.76678158717269
 0.710000 0.21077097361157054 0.9659224941440182 0.15023092887095416 108.22764419040715
 0.720000 0.21085676326339248 0.9661360215667703 0.14873000106642567 108.6528246028859
 0.730000 0.21081634298309995 0.9664028098172619 0.1470444786740839 109.0613892672624
 0.740000 0.21056745501265864 0.9666848311404982 0.14553963079642096 109.4341847823463
 0.750000 0.21038166518335294 0.9669933516624246 0.14374774013997543 109.8400855033899
 0.760000 0.21013357419383047 0.9673181960956422 0.14191331332471535 110.2559073177367
 0.770000 0.20984639976225655 0.967648621201183 0.14007367487957387 110.67789363162026
 0.780000 0.20952153206130728 0.9679823009623216 0.13824251381674174 111.10508442329196
 0.790000 0.20900436963256014 0.968345007620307 0.13647387915393838 111.55603588199178
 0.800000 0.20834339488268103 0.9687172495230644 0.13483293472007615 112.03491701445573
 0.810000 0.2076360351465085 0.9690773415475037 0.13332810284355193 112.53557711188442
 0.820000 0.2067369906960948 0.9694192215241345 0.1322353569113186 113.03034688166095
 0.830000 0.20591555940473455 0.9697572080818803 0.13103335364811547 113.57109615809006
 0.840000 0.20505898535383604 0.9700883093669125 0.12992107048243176 114.13339577815708
 0.850000 0.20419382318119195 0.9704058584107038 0.12890831058094399 114.7118994600171
 0.860000 0.20328055983273832 0.9707148645451542 0.12802212990405737 115.31225982176888
 0.870000 0.20237191490588274 0.9710053997534568 0.12725612640244743 115.92812485407657
 0.880000 0.20141087293160376 0.9712873866843459 0.12662729852927948 116.56626654842118
 0.890000 0.200416949965567 0.9715573175481428 0.1261325686932465 117.22343579277661
 0.900000 0.1994021924158938 0.9718128104616715 0.12577212362969087 117.8990180295494
 0.910000 0.19837088265361133 0.9720531627025731 0.1255453774344244 118.59282604724089
 0.920000 0.19733929764259558 0.9722758606674344 0.1254466116295158 119.30316587002535
 0.930000 0.19629553183008158 0.9724837864488964 0.125472504069866 120.03036572864457
 0.940000 0.1951401174164845 0.9726942790929527 0.12564304196620546 120.78202785156222
 0.950000 0.1937510782672592 0.9728951661082392 0.1262359514302324 121.534602507699
 0.960000 0.19235687678650354 0.9731121430534092 0.1266948657007982 122.31841396836545
 0.970000 0.19097635390904108 0.973334263270084 0.12707652887961418 123.0886581520738
 0.980000 0.1896302054341341 0.9735374354453321 0.12753527736878917 123.87505074899536
 0.990000 0.18796643955751635 0.973802656409069 0.12797266884265288 124.66436113153064
 1.000000 0.18630804731250292 0.9740555794547717 0.1284719410596378 125.46122496644345
 1.010000 0.1846170728636704 0.974309436091426 0.12898705032078908 126.25804496848384
 1.020000 0.182603026332106 0.9746165209058127 0.1295328991098617 127.06754996824858
 1.030000 0.1805966871170918 0.9749335997551836 0.12995888838679256 127.84939299008182
 1.040000 0.17783007303201778 0.9754067775616296 0.13022320612035662 128.62252721799786
 1.050000 0.1749226123554806 0.9759051468041836 0.13042708356717617 129.38559718085043
 1.060000 0.17206216246314554 0.9763939019036028 0.13057396591190756 130.13742949416653
 1.070000 0.16925564863858894 0.9768738276190382 0.13065240264480468 130.87857354876283
 1.080000 0.16619899645011868 0.9774016951539171 0.1306285569438124 131.60907256887688
 1.090000 0.16321889750961935 0.9779266837743602 0.13045686129072284 132.31251256362432
 1.100000 0.16039675549033544 0.9784338298682745 0.13015422158913623 132.99653765403085
 1.110000 0.1577149409279384 0.9789335124875654 0.12967334165839317 133.65341136628572
 1.120000 0.15510900343614561 0.979457489503501 0.12885737584067525 134.25518433752956
 1.130000 0.15276042788933067 0.979964619814163 0.12780295608299289 134.82466122969495
 1.140000 0.15054696412729246 0.980461498618918 0.12661303770939683 135.38199503128124
 1.150000 0.14815892041934722 0.980972172458842 0.1254692438869116 135.96218634571534
