0.0 1.15 1.0
Linear 4 explicit
 0.000000 -0.08856599798788702 0.9849848018801832 -0.14819245616921878 103.28457369329048
 0.010000 -0.0907801713371441 0.9847027738820967 -0.14872594797446412 102.78892533906543
 0.020000 -0.09343357514106056 0.9843412739439951 -0.14947382194442194 102.28216549258721
 0.030000 -0.09641505073792535 0.9839146939029447 -0.1503862131748713 101.78453307278116
 0.040000 -0.09926034643025623 0.9834103872877389 -0.1518268546770461 101.28889774785216
 0.050000 -0.10237746789687421 0.9828793257527426 -0.1531897029008757 100.79424023035705
 0.060000 -0.10562241866910148 0.9823092878393566 -0.15463624316124924 100.30301484003442
 0.070000 -0.1089920722829692 0.9817050545553012 -0.15612787720339077 99.81493946438701
 0.080000 -0.11300392461232081 0.9808446188908436 -0.15866299699390715 99.37975795577154
 0.090000 -0.11642668366556576 0.9801115542149482 -0.16070522276826227 98.90902303209296
 0.100000 -0.11981014970808483 0.979398314690846 -0.1625560494342081 98.43412754696188
 0.110000 -0.12372754189216616 0.9786886182839158 -0.16389046286725173 97.96984012996009
 0.120000 -0.1284369343485371 0.9777646800380266 -0.16577148236438302 97.57038623595477
 0.130000 -0.13248678443451342 0.9770497309359462 -0.1667965084412676 97.128229754366
 0.140000 -0.13679364987651296 0.9761632184438161 -0.1685018347403746 96.72126150963443
 0.150000 -0.14096767133843127 0.975239456256428 -0.17039987851546898 96.30879028013416
 0.160000 -0.1448737875007803 0.9743162947495412 -0.17239299139090292 95.88412620198798
 0.170000 -0.14823632228122552 0.9736586823059692 -0.17324769299110548 95.41069727244675
 0.180000 -0.15188794793649685 0.9727771754055108 -0.17502747864754292 94.96985445614939
 0.190000 -0.15551948797966503 0.9718224991006307 -0.17712910291746947 94.52995393242657
 0.200000 -0.15922490301251516 0.9708834872835821 -0.17897677050591124 94.0878947077273
 0.210000 -0.16288830026952472 0.9699328601215531 -0.18082491114812949 93.6449758030748
 0.220000 -0.16652654235628755 0.9689675175704442 -0.18267692953471296 93.20228611618808
 0.230000 -0.17015003145490704 0.9679846553396122 -0.18453908481117573 92.76025394583456
 0.240000 -0.17354839300584185 0.9669350872622006 -0.18686222814236844 92.31342330928088
 0.250000 -0.17517604874888754 0.9667172088625785 -0.18647034625825384 91.83027792661626
 0.260000 -0.17653279887913642 0.9666148128877844 -0.18572015083402255 91.33885927229792
 0.270000 -0.17781386258380724 0.9665486507687459 -0.18484029855565556 90.84504954153519
 0.280000 -0.17875588692083005 0.9667818055038703 -0.18269995467384317 90.31210844028132
 0.290000 -0.1799748110746877 0.9667813985157824 -0.18150150099241183 89.80952044882636
 0.300000 -0.18130362526017393 0.9667207114492554 -0.18049947790108364 89.31454050227408
 0.310000 -0.18222277802335418 0.9669481937162214 -0.1783425070990873 88.78056700059985
 0.320000 -0.1834304875761057 0.9669407442619088 -0.1771407725901014 88.2766039238165
 0.330000 -0.18452653800818458 0.9668872247343582 -0.1762925166199766 87.7739823483279
 0.340000 -0.1855571956574368 0.9668364641047786 -0.17548726112489432 87.27154262390144
 0.350000 -0.18638345420945562 0.9668114616494398 -0.17474783437921515 86.76453817459273
 0.360000 -0.18712592215714322 0.966801771729723 -0.17400638906979093 86.25665895315485
 0.370000 -0.1876837425337493 0.9668135839546584 -0.17333870505248913 85.7451319890882
 0.380000 -0.18822813503452257 0.966831053853311 -0.17264959451536924 85.23480585004172
 0.390000 -0.18872865953248974 0.9668572411638128 -0.17195513449784042 84.72468964724293
 0.400000 -0.18922955963759405 0.9668848534826092 -0.17124793098100624 84.21600378068723
 0.410000 -0.18964712971408737 0.9669198168745571 -0.17058732053256784 83.70684772367348
 0.420000 -0.18998223756269017 0.9669612971537286 -0.1699782315987901 83.19747917129301
 0.430000 -0.19106822640478552 0.9669186211373579 -0.16900092590385452 82.70627994139957
 0.440000 -0.19377802208120837 0.9660814345967547 -0.17069487363647187 82.24995164581014
 0.450000 -0.1975161157276767 0.9650323225403086 -0.17233688078965775 81.8182832850168
 0.460000 -0.2017428106955211 0.9638763196033877 -0.17390307311976758 81.39778961633321
 0.470000 -0.20628678622074711 0.9626466057390268 -0.175377519339984 80.98429203269863
 0.480000 -0.20940609753563028 0.9623811202676612 -0.17312326726139235 80.52101530195381
 0.490000 -0.21310932993790466 0.9618580032113948 -0.17150392167995918 80.07023286296081
 0.500000 -0.21711332064490352 0.9612136849432351 -0.17008838254387235 79.62587053212127
 0.510000 -0.221313731112009 0.96049250749814 -0.16874351976066193 79.18583212006719
 0.520000 -0.22550054793642213 0.9596973616288894 -0.16772142666613024 78.73746961946064
 0.530000 -0.23016575249093105 0.9587706308712046 -0.16668114398190254 78.29792661997783
 0.540000 -0.23566333001919426 0.9575640678067603 -0.16593327252131926 77.87745073071426
 0.550000 -0.2414929147591239 0.9562450622408908 -0.16515614751215724 77.46625726089322
 0.560000 -0.246992328491605 0.9548953973869403 -0.16483194385656036 77.05170191464728
 0.570000 -0.2525893591418722 0.953447566692792 -0.1647311543573116 76.64065050388791
 0.580000 -0.258406438590217 0.9519157148875533 -0.16456787124234973 76.23479696144524
 0.590000 -0.26393635488309825 0.9504813529869663 -0.16408168147325022 75.82290260305794
 0.600000 -0.2704507068134446 0.9486390135396979 -0.1641354232776619 75.43332975992007
 0.610000 -0.2774009065065411 0.946576771932319 -0.16444194084095307 75.0574176024174
 0.620000 -0.28436403481042977 0.9444442364794716 -0.16480952608098956 74.68496985710738
 0.630000 -0.29124149203384914 0.9422745061428096 -0.165218486832502 74.31235819175176
 0.640000 -0.2979409031965461 0.9400959325655237 -0.16568299784885818 73.93673979369004
 0.650000 -0.3040054756768091 0.93806284958489 -0.16618893160253786 73.54659598728155
 0.660000 -0.30969478543821377 0.9360808004868458 -0.16685884703031012 73.14661292742908
 0.670000 -0.3151386646927644 0.9341089433192344 -0.16771435247671757 72.73984871177245
 0.680000 -0.3204074678815951 0.932133352200989 -0.16872008843125835 72.32820515235066
 0.690000 -0.3255417649810516 0.9301378433585689 -0.16990041673077821 71.91284356310166
 0.700000 -0.3305895907540302 0.9281122364948096 -0.1712255791454232 71.49471228731551
 0.710000 -0.33555820248792156 0.926054406039488 -0.17269606190624712 71.07449230996858
 0.720000 -0.3397416674852192 0.9242243199578495 -0.17431295354279797 70.6331594149211
 0.730000 -0.34456616405429813 0.9221074648571697 -0.1760453971099222 70.22586051408025
 0.740000 -0.3464381410232946 0.920928740443776 -0.17852414253810042 70.0927201790602
 0.750000 -0.3512921241075422 0.9187396148960932 -0.18030907786517433 69.69165234575507
 0.760000 -0.3567068277627729 0.9163041045379278 -0.18206325009283386 69.29036263016799
 0.770000 -0.3624351149299079 0.9137148436533256 -0.1837551957178988 68.89635328428741
 0.780000 -0.3683981314546995 0.9109957244143049 -0.1853904173347204 68.50872328035227
 0.790000 -0.3742568657787517 0.9082587227792478 -0.18707723248133362 68.11708901595411
 0.800000 -0.38004395454038065 0.9055001767609986 -0.18877505794757293 67.7215060744175
 0.810000 -0.37815152830764986 0.9056079157012843 -0.19203053053554855 68.24851988811844
 0.820000 -0.37544456897226375 0.9061032712396935 -0.19498265942887738 68.7990960479195
 0.830000 -0.38006593709920916 0.9037268873710907 -0.19704719358432868 68.40803305603627
 0.840000 -0.3851561665338958 0.9009234315096375 -0.19997924376748036 67.9754771915145
 0.850000 -0.38230486778183537 0.9012990083701423 -0.20372306099534107 68.46324519387765
 0.860000 -0.3864841446992454 0.8990995047679414 -0.20554825813451963 68.04561901722492
 0.870000 -0.3873251629824962 0.8977924536268542 -0.20963761191936794 67.8906997134511
 0.880000 -0.3914157994198651 0.8955453843206754 -0.21164152850147747 67.42335151435958
 0.890000 -0.39580644222956024 0.8931647388728364 -0.21352753809238725 66.94577059902724
 0.900000 -0.40025059272051144 0.8907409959206448 -0.21536002696224063 66.46411122443044
 0.910000 -0.40473770437925327 0.8882698453416094 -0.21717290924653967 65.97880906840213
 0.920000 -0.40919476818092126 0.885371611371517 -0.2206280840481677 65.48651547215775
 0.930000 -0.4136099309800616 0.8827769847828678 -0.2227815524955711 64.98744925891852
 0.940000 -0.4181841163265669 0.8801031061151946 -0.22481229383322213 64.4910110011483
 0.950000 -0.42311491657580397 0.877250382666438 -0.2267278842194728 64.00828815519576
 0.960000 -0.4282272406397438 0.8742819596795364 -0.22858802539280199 63.52955812627222
 0.970000 -0.43284089259652325 0.8709839398105069 -0.23245588460697705 63.01869206591579
 0.980000 -0.4375768490912381 0.8674819302536079 -0.2366465757682931 62.51328231194491
 0.990000 -0.44256011080854785 0.8637858574050857 -0.24086207851815683 62.01973917096623
 1.000000 -0.44762528962771875 0.859990186627192 -0.24504791162266348 61.5256612899392
 1.010000 -0.4528136482843346 0.8560704329485479 -0.24920516398886397 61.03417947885588
 1.020000 -0.45831588156358183 0.85194628073082 -0.253247087753284 60.5588471893807
 1.030000 -0.46394179951435677 0.8480518942139492 -0.2560585702207859 60.07462875154686
 1.040000 -0.4693263092533151 0.8442281479377894 -0.2588660844378644 59.56422230546776
 1.050000 -0.47474573315357 0.8403807244620584 -0.261489439184655 59.05071106998349
 1.060000 -0.4802864316196401 0.8364669353965808 -0.2639090934210591 58.53919587975909
 1.070000 -0.4859768979974284 0.8324572975373857 -0.2661602945398687 58.03150503662231
 1.080000 -0.4914879355881003 0.8284898443190338 -0.26841048234294135 57.50236145742237
 1.090000 -0.49729099268260696 0.8243443983866888 -0.2704773214989301 56.991006458817075
 1.100000 -0.5034922264643541 0.8195374491248116 -0.2735944944109155 56.51931321129461
 1.110000 -0.5104720683533193 0.8146192987353473 -0.2753428146130114 56.087776310839686
 1.120000 -0.5179260980424185 0.8094094054773894 -0.2767832568839635 55.68522514498303
 1.130000 -0.5256855107345897 0.8039299341679356 -0.2781212051470589 55.3022701532263
 1.140000 -0.5337013740609166 0.7981684696108047 -0.2794457683426888 54.93829806411926
 1.150000 -0.5418569282347699 0.7917003712768363 -0.28213753994124763 54.60474487462108
