0.0 1.15 1.0
Linear 1 explicit
 0.000000 0.0
 0.010000 -0.9999999999685814
 0.020000 -0.9999999999950654
 0.030000 -1.0000000000759164
 0.040000 -1.000000000086352
 0.050000 -0.9999999999949623
 0.060000 -1.0000000000108544
 0.070000 -0.9999999999978717
 0.080000 -0.9999999999253918
 0.090000 -0.9999999999673334
 0.100000 -1.0000000000410831
 0.110000 -1.000000000020741
 0.120000 -0.999999999898469
 0.130000 -1.0000000000707223
 0.140000 -1.000000000051788
 0.150000 -1.0000000000009848
 0.160000 -1.0000000000496891
 0.170000 -0.9999999998225478
 0.180000 -0.9999999998305938
 0.190000 -1.0000000000325693
 0.200000 -0.9999999999927403
 0.210000 -1.000000000065661
 0.220000 -1.0000000000754143
 0.230000 -1.0000000000352083
 0.240000 -0.9999999999332538
 0.250000 -1.000000000021442
 0.260000 -1.000000000121772
 0.270000 -0.9999999999891717
 0.280000 -1.000000000123046
 0.290000 -0.9999999998347949
 0.300000 -0.9999999998831838
 0.310000 -1.000000000023727
 0.320000 -0.9999999998104536
 0.330000 -1.000000000164037
 0.340000 -1.0000000001752842
 0.350000 -0.9999999999361522
 0.360000 -1.0000000001788576
 0.370000 -0.9999999999442899
 0.380000 -1.0000000000367815
 0.390000 -1.0000000001201175
 0.400000 -1.0000000002176581
 0.410000 -0.9999999999601601
 0.420000 -1.0000000001349423
 0.430000 -0.9999999999323366
 0.440000 -0.9999999999169948
 0.450000 -1.0000000003051726
 0.460000 -0.9999999996493378
 0.470000 -0.9999999999283085
 0.480000 -1.0000000000030682
 0.490000 -1.0000000000580704
 0.500000 -1.0000000003055385
 0.510000 -0.9999999998769104
 0.520000 -0.9999999999881529
 0.530000 -0.9999999996621112
 0.540000 -1.0000000003182505
 0.550000 -1.0000000006526473
 0.560000 -0.9999999996066835
 0.570000 -0.99999999981038
 0.580000 -1.000000000165837
 0.590000 -0.9999999997262721
 0.600000 -1.0000000005409035
 0.610000 -0.9999999997813731
 0.620000 -0.9999999996302121
 0.630000 -0.9999999995361631
 0.640000 -0.9999999997419128
 0.650000 -0.9999999999302429
 0.660000 -0.9999999998257646
 0.670000 -0.9999999997095058
 0.680000 -0.9999999999928004
 0.690000 -1.0000000003991603
 0.700000 -0.9999999999269249
 0.710000 -1.0000000001467286
 0.720000 -1.00000000017322
 0.730000 -1.0000000005268166
 0.740000 -0.9999999999611263
 0.750000 -1.0000000000923117
 0.760000 -1.0000000001124743
 0.770000 -1.0000000001546037
 0.780000 -0.999999999822282
 0.790000 -1.0000000003718854
 0.800000 -1.0000000005002911
 0.810000 -0.9999999996348363
 0.820000 -1.0000000005205874
 0.830000 -0.9999999997959285
 0.840000 -0.9999999997133295
 0.850000 -1.0000000003633753
 0.860000 -1.0000000005747145
 0.870000 -1.0000000004094596
 0.880000 -1.0000000000837932
 0.890000 -0.9999999992886068
 0.900000 -0.9999999998630983
 0.910000 -1.0000000000443503
 0.920000 -0.9999999995461405
 0.930000 -1.0000000004769198
 0.940000 -1.0000000003108174
 0.950000 -1.0000000005154421
 0.960000 -1.0000000004421232
 0.970000 -1.0000000001039686
 0.980000 -1.0000000000195233
 0.990000 -1.0000000003342069
 1.000000 -1.000000000191087
 1.010000 -1.0000000000175868
 1.020000 -0.9999999998075741
 1.030000 -1.000000000188434
 1.040000 -1.000000000285238
 1.050000 -0.9999999996240483
 1.060000 -0.9999999996986885
 1.070000 -0.9999999994186193
 1.080000 -1.0000000000074847
 1.090000 -0.9999999999329746
 1.100000 -0.9999999999026415
 1.110000 -1.000000000793376
 1.120000 -0.9999999991731181
 1.130000 -0.999999999955368
 1.140000 -1.0000000004643514
 1.150000 -1.0000000005877756
