0.0 1.15 1.0
Linear 1 explicit
 0.000000 0.0
 0.010000 -0.9999999998684492
 0.020000 -1.000000000068821
 0.030000 -1.000000000078912
 0.040000 -1.000000000040626
 0.050000 -1.0000000000077984
 0.060000 -1.0000000000883018
 0.070000 -1.000000000559338
 0.080000 -0.9999999998633039
 0.090000 -0.9999999997017675
 0.100000 -1.0000000000122176
 0.110000 -1.0000000001033524
 0.120000 -0.9999999996719118
 0.130000 -0.9999999998620948
 0.140000 -0.9999999996122928
 0.150000 -1.000000000093951
 0.160000 -0.9999999998905679
 0.170000 -1.0000000002314422
 0.180000 -0.9999999999284063
 0.190000 -0.9999999999615946
 0.200000 -0.9999999999990112
 0.210000 -1.0000000001131657
 0.220000 -0.9999999999667326
 0.230000 -1.0000000000990446
 0.240000 -1.0000000001130667
 0.250000 -1.0000000001702185
 0.260000 -0.9999999998656948
 0.270000 -1.0000000002564575
 0.280000 -1.0000000000873117
 0.290000 -0.9999999999742489
 0.300000 -1.0000000000864957
 0.310000 -0.9999999999229556
 0.320000 -0.9999999997527997
 0.330000 -0.9999999998656209
 0.340000 -1.0000000002237925
 0.350000 -0.999999999995082
 0.360000 -0.9999999999509867
 0.370000 -0.9999999999936151
 0.380000 -1.0000000002058842
 0.390000 -0.9999999995911333
 0.400000 -0.9999999999069514
 0.410000 -0.9999999997624616
 0.420000 -1.000000000455707
 0.430000 -1.0000000000881901
 0.440000 -1.0000000000182148
 0.450000 -0.9999999997708975
 0.460000 -0.9999999996182934
 0.470000 -1.0000000001390512
 0.480000 -0.9999999995605636
 0.490000 -0.9999999994016477
 0.500000 -0.9999999997778176
 0.510000 -0.9999999999639827
 0.520000 -0.999999999673593
 0.530000 -1.0000000000159242
 0.540000 -1.0000000005329013
 0.550000 -0.999999999552743
 0.560000 -1.0000000002237464
 0.570000 -1.000000000223313
 0.580000 -0.9999999999193342
 0.590000 -0.9999999998974974
 0.600000 -0.9999999997410275
 0.610000 -1.000000000066978
 0.620000 -1.0000000005244767
 0.630000 -1.0000000002414553
 0.640000 -1.000000000376078
 0.650000 -0.9999999994876639
 0.660000 -1.0000000005677578
 0.670000 -1.000000000316542
 0.680000 -0.9999999996787865
 0.690000 -0.9999999999184706
 0.700000 -1.0000000003874658
 0.710000 -1.0000000001035105
 0.720000 -1.0000000003289036
 0.730000 -1.0000000006091285
 0.740000 -0.9999999995006987
 0.750000 -1.000000000265481
 0.760000 -1.0000000002716796
 0.770000 -1.000000000670957
 0.780000 -0.9999999998069277
 0.790000 -0.9999999998958635
 0.800000 -0.9999999995685869
 0.810000 0.9999999988932132
 0.820000 1.0000000003689236
 0.830000 -0.9999999996340065
 0.840000 -0.9999999998614277
 0.850000 0.9999999997422323
 0.860000 -1.0000000003667118
 0.870000 -1.0000000000874265
 0.880000 -0.9999999999845307
 0.890000 -0.9999999999708966
 0.900000 -0.9999999998872244
 0.910000 -1.0000000000338884
 0.920000 -0.9999999996433458
 0.930000 -0.9999999999720309
 0.940000 -1.0000000002940428
 0.950000 -0.9999999998470572
 0.960000 -0.9999999997951489
 0.970000 -1.0000000004526597
 0.980000 -1.000000000382444
 0.990000 -0.9999999999732557
 1.000000 -1.0000000000529827
 1.010000 -1.000000000339935
 1.020000 -1.0000000001369798
 1.030000 -1.0000000004125829
 1.040000 -1.0000000000327076
 1.050000 -0.9999999991944915
 1.060000 -0.9999999999070902
 1.070000 -1.0000000009216676
 1.080000 -0.9999999998253915
 1.090000 -1.0000000011495112
 1.100000 -0.999999999363869
 1.110000 -0.9999999987365622
 1.120000 -1.0000000008376133
 1.130000 -1.0000000001117642
 1.140000 -1.0000000004907972
 1.150000 -1.000000000525982
