0.0 1.15 1.0
Linear 1 explicit
 0.000000 8.415
 0.010000 3.92004337363428
 0.020000 -1.6078888958633153
 0.030000 -5.186030316370576
 0.040000 -7.079433189439545
 0.050000 -10.584180627887712
 0.060000 -11.943700687137351
 0.070000 -13.123725446767484
 0.080000 -14.170872154878694
 0.090000 -13.335622397581114
 0.100000 -8.00124606357451
 0.110000 -9.065914327437511
 0.120000 -1.6095715303284044
 0.130000 -0.795171380911706
 0.140000 1.2995325684202632
 0.150000 2.4634398862900615
 0.160000 10.804207908450525
 0.170000 10.015883067945671
 0.180000 17.100313187368535
 0.190000 18.548405953332757
 0.200000 26.130248517475877
 0.210000 26.735444008232662
 0.220000 31.206370324694817
 0.230000 31.92162157756287
 0.240000 34.65266156876689
 0.250000 37.57601744285246
 0.260000 40.52760060872054
 0.270000 47.533676716532895
 0.280000 48.06570797332189
 0.290000 55.117818205283356
 0.300000 57.602160395879324
 0.310000 64.40241419943223
 0.320000 70.16291750455721
 0.330000 75.79699937223451
 0.340000 82.87888911449446
 0.350000 89.20220562069761
 0.360000 95.84189919163329
 0.370000 92.47288575204291
 0.380000 91.078930634943
 0.390000 90.51300096022113
 0.400000 90.2603758284766
 0.410000 90.17058623022496
 0.420000 90.13192131061516
 0.430000 90.08655054359093
 0.440000 90.04038584625306
 0.450000 90.03015494221805
 0.460000 90.0309136803143
 0.470000 89.50083206543556
 0.480000 88.98784891881695
 0.490000 88.67316532727185
 0.500000 86.23579292496122
 0.510000 87.74550864423948
 0.520000 86.62863794626912
 0.530000 89.39381301861914
 0.540000 88.68036148537487
 0.550000 90.14616344772504
 0.560000 90.07495069597718
 0.570000 90.09359999754457
 0.580000 90.10449717975612
 0.590000 90.11061773860797
 0.600000 90.10423487548763
 0.610000 90.0966613377548
 0.620000 90.09447759373256
 0.630000 90.09685491066094
 0.640000 90.10039688840017
 0.650000 90.1041253080173
 0.660000 90.10748902496793
 0.670000 90.11013480921822
 0.680000 90.11231208708521
 0.690000 90.11393330714678
 0.700000 90.11497163421065
 0.710000 90.11541212508664
 0.720000 90.11656579082123
 0.730000 90.11535026739567
 0.740000 90.11402891592844
 0.750000 90.10711323508144
 0.760000 90.10521112466515
 0.770000 90.1042337203733
 0.780000 90.10288900003843
 0.790000 90.10084993560663
 0.800000 90.09756325121552
 0.810000 90.09195408287779
 0.820000 90.08599718918096
 0.830000 90.07981467122302
 0.840000 90.07282675523906
 0.850000 90.06578160067214
 0.860000 90.05930208609797
 0.870000 90.05268974486903
 0.880000 90.04563764694024
 0.890000 90.03845898906935
 0.900000 86.37632700220783
 0.910000 87.12885283309515
 0.920000 83.18098940723286
 0.930000 78.86966409808103
 0.940000 74.518188971196
 0.950000 74.76326282678339
 0.960000 74.71753954736826
 0.970000 69.78964302632016
 0.980000 64.67264786772499
 0.990000 59.482597786951075
 1.000000 54.18929178401959
 1.010000 48.75674848451271
 1.020000 43.27089877613107
 1.030000 37.77906255380222
 1.040000 32.28047466847984
 1.050000 26.887062684614662
 1.060000 21.274186344244875
 1.070000 21.726521710956703
 1.080000 20.62219308844718
 1.090000 14.705279842752844
 1.100000 7.808006143687376
 1.110000 5.6028636918861645
 1.120000 -3.0789331507839988
 1.130000 -3.2001535419143834
 1.140000 -8.546459114139452
 1.150000 -9.789749400954726
