0.0 1.15 1.0
Linear 1 explicit
 0.000000 -2.012
 0.010000 -1.622852404889647
 0.020000 -1.0466260766071556
 0.030000 -0.5692914559324462
 0.040000 -0.17630715388727475
 0.050000 0.7041320607422357
 0.060000 1.4560181503290837
 0.070000 2.278072264060739
 0.080000 3.3349418164254523
 0.090000 4.475676621450387
 0.100000 5.627713886941472
 0.110000 6.313758707784247
 0.120000 6.943173366257392
 0.130000 7.573037321112377
 0.140000 8.09421150447877
 0.150000 8.569810497204989
 0.160000 9.147245884360762
 0.170000 9.121763933681445
 0.180000 9.407722171221602
 0.190000 9.722727425153103
 0.200000 10.161909110529804
 0.210000 10.61573623725544
 0.220000 11.052904798475724
 0.230000 11.372529917377147
 0.240000 11.584309594650165
 0.250000 11.740941818576374
 0.260000 11.96439695900996
 0.270000 12.393760273956088
 0.280000 12.540398484449923
 0.290000 12.839727536327318
 0.300000 13.231228672486198
 0.310000 13.639632102091445
 0.320000 13.99844641671624
 0.330000 14.346394659607256
 0.340000 14.664669395799015
 0.350000 14.551712401628876
 0.360000 14.161178001094079
 0.370000 13.416627876631825
 0.380000 12.465436085969229
 0.390000 11.389472915710913
 0.400000 10.220934292924222
 0.410000 9.013531955739678
 0.420000 7.821141506909447
 0.430000 6.598053453122291
 0.440000 5.417666952290567
 0.450000 4.21730690677623
 0.460000 2.978251810169411
 0.470000 1.8606681020806426
 0.480000 0.9196010313830812
 0.490000 -0.30293856113147405
 0.500000 -1.2352198316143201
 0.510000 -2.0966887187715466
 0.520000 -3.099592262910773
 0.530000 -4.027776397309496
 0.540000 -4.9690754213149475
 0.550000 -6.055280846779518
 0.560000 -7.0964775675008624
 0.570000 -8.04587685158887
 0.580000 -8.911870022928829
 0.590000 -9.715037289018417
 0.600000 -9.96018723179035
 0.610000 -9.738478945195723
 0.620000 -9.120408540803982
 0.630000 -8.138932056723938
 0.640000 -6.90594188648415
 0.650000 -5.921487099963875
 0.660000 -4.979797203157792
 0.670000 -4.448135903221627
 0.680000 -4.158746635332625
 0.690000 -3.9510228098073306
 0.700000 -3.703806617793959
 0.710000 -3.471459511792076
 0.720000 -3.3494911299925882
 0.730000 -3.312851076636849
 0.740000 -3.3272912823555125
 0.750000 -4.438879019073347
 0.760000 -5.75083328051997
 0.770000 -6.7734629601531875
 0.780000 -7.6629593094104305
 0.790000 -8.012791099944536
 0.800000 -8.086438514794311
 0.810000 -7.913534037197472
 0.820000 -7.689995120561803
 0.830000 -7.511147253493657
 0.840000 -7.127821554513336
 0.850000 -6.656132432773604
 0.860000 -6.128280170521491
 0.870000 -5.554826297972161
 0.880000 -4.942797343564159
 0.890000 -4.242699094993574
 0.900000 -3.521792972376716
 0.910000 -2.816743496471056
 0.920000 -1.9659638220679418
 0.930000 -1.2849606490438013
 0.940000 -0.6338871563132057
 0.950000 0.27835885927036763
 0.960000 1.3594984110135218
 0.970000 2.1586040886104305
 0.980000 2.7984537352493413
 0.990000 3.362698450199862
 1.000000 3.8796359255834427
 1.010000 3.96640062584773
 1.020000 4.0872164620579365
 1.030000 4.395708600800945
 1.040000 4.871240188546641
 1.050000 5.464712260519849
 1.060000 6.100735650348502
 1.070000 7.024032244329639
 1.080000 8.128013536573164
 1.090000 9.223313825886322
 1.100000 10.254409688076228
 1.110000 11.040735629906145
 1.120000 11.853524375216482
 1.130000 14.658506826992648
 1.140000 20.436114333163257
 1.150000 24.440073009882923
