0.0 1.15 1.0
Linear 1 explicit
 0.000000 0.0
 0.010000 1.0000000003718268
 0.020000 0.9999999999356367
 0.030000 1.0000000001745144
 0.040000 0.9999999997927034
 0.050000 0.9999999991131631
 0.060000 1.0000000004592247
 0.070000 0.9999999998891064
 0.080000 1.0000000007078946
 0.090000 1.0000000000406088
 0.100000 0.9999999998544349
 0.110000 0.9999999999075264
 0.120000 1.000000000406998
 0.130000 0.9999999994256745
 0.140000 0.9999999994533378
 0.150000 1.0000000002402318
 0.160000 1.0000000011491583
 0.170000 -0.999999999894688
 0.180000 0.9999999999111661
 0.190000 1.000000000467678
 0.200000 0.9999999999604744
 0.210000 0.999999999547806
 0.220000 1.0000000007383605
 0.230000 -1.0000000001849103
 0.240000 -0.9999999988006342
 0.250000 -1.0000000000414515
 0.260000 -1.0000000019278608
 0.270000 -1.0000000024193976
 0.280000 -1.000000000054225
 0.290000 -0.9999999994669112
 0.300000 -1.0000000014352655
 0.310000 -0.9999999962930824
 0.320000 -1.0000000008192287
 0.330000 -1.0000000016386805
 0.340000 -0.999999998758547
 0.350000 -1.0000000010633594
 0.360000 -1.0000000020895006
 0.370000 -1.0000000027010563
 0.380000 -0.9999999999558372
 0.390000 -1.0000000034445296
 0.400000 -0.9999999999530553
 0.410000 -1.0000000004981995
 0.420000 -1.0000000010014516
 0.430000 -0.9999999989514832
 0.440000 -0.999999997662033
 0.450000 -0.9999999970774236
 0.460000 -0.9999999987854461
 0.470000 -0.9999999981853832
 0.480000 -0.9999999973405961
 0.490000 -1.0000000007085457
 0.500000 -1.0000000020365085
 0.510000 -0.999999996463657
 0.520000 -1.0000000019321773
 0.530000 -1.0000000027485605
 0.540000 -1.0000000007053274
 0.550000 -0.9999999986521115
 0.560000 -1.0000000000219553
 0.570000 -0.9999999977834678
 0.580000 -1.000000002644229
 0.590000 -1.0000000051845939
 0.600000 -0.6140461505291785
 0.610000 -1.000000002109296
 0.620000 -0.7420010049935288
 0.630000 0.999999997028758
 0.640000 0.9999999937565104
 0.650000 1.000000000032811
 0.660000 0.9999999966044321
 0.670000 0.9999999946418339
 0.680000 0.9999999971348262
 0.690000 1.0000000036618533
 0.700000 0.999999998202061
 0.710000 0.9999999989941671
 0.720000 0.9999999983809784
 0.730000 0.9999999936329688
 0.740000 0.999999999372416
 0.750000 0.9999999991235237
 0.760000 0.9999999995200854
 0.770000 0.99999999567053
 0.780000 1.0000000020031292
 0.790000 0.999999999703747
 0.800000 1.0000000062665326
 0.810000 1.0000000023766753
 0.820000 0.999999997400667
 0.830000 0.9999999999658605
 0.840000 1.000000005253224
 0.850000 1.0000000059764562
 0.860000 0.9999999973197335
 0.870000 1.0000000015100126
 0.880000 1.0000000007929843
 0.890000 0.9999999966437366
 0.900000 0.9999999975115161
 0.910000 0.9999999991597441
 0.920000 1.0000000001690303
 0.930000 1.000000008517551
 0.940000 0.9999999991688044
 0.950000 0.9999999978938908
 0.960000 0.9999999965306366
 0.970000 1.0000000013192507
 0.980000 0.9999999959178837
 0.990000 0.9999999979424017
 1.000000 1.0000000049279145
 1.010000 0.9999999991256009
 1.020000 1.0000000020349464
 1.030000 0.9999999960832937
 1.040000 1.0000000003275715
 1.050000 0.9999999983767807
 1.060000 1.0000000058198533
 1.070000 1.0000000053792069
 1.080000 1.0000000089407264
 1.090000 0.999999998347104
 1.100000 0.9999999947201468
 1.110000 0.9999999986149194
 1.120000 1.0000000016861152
 1.130000 0.9999999945149156
 1.140000 1.0000000045160535
 1.150000 1.0000000047508582
