0.0 1.15 1.0
Linear 1 explicit
 0.000000 0.0
 0.010000 0.9999999977227663
 0.020000 1.0000000009419383
 0.030000 -1.0000000068814783
 0.040000 -0.9999999974467
 0.050000 -1.0000000028887104
 0.060000 -1.0000000054552391
 0.070000 -1.000000006055065
 0.080000 -0.9999999984372968
 0.090000 -1.0000000060779417
 0.100000 -1.0000000017257527
 0.110000 -0.9999999976313012
 0.120000 -1.000000002846725
 0.130000 -0.9999999944496571
 0.140000 -0.9999999864955963
 0.150000 -0.9999999898875664
 0.160000 -0.9999999973646493
 0.170000 -1.0000000008949952
 0.180000 -0.9999999936477418
 0.190000 -0.9999999933359816
 0.200000 -0.9999999823938649
 0.210000 -1.0000000111818612
 0.220000 -1.0000000160587081
 0.230000 -0.9999999956092906
 0.240000 -0.9999999885474009
 0.250000 -0.9999999855247986
 0.260000 -0.9999999964166917
 0.270000 -0.9999999769847
 0.280000 -0.9999999944932431
 0.290000 -0.9999999899318333
 0.300000 -1.0000000328712118
 0.310000 -0.9999999890584016
 0.320000 -0.9999999907400813
 0.330000 -0.9999999508744242
 0.340000 -0.9999999785137337
 0.350000 -0.9999999300447938
 0.360000 -1.0000000034204526
 0.370000 -1.000000038237641
 0.380000 -1.0000000167389955
 0.390000 -1.0000000356956051
 0.400000 -1.0000000018321205
 0.410000 -1.0000000022271374
 0.420000 -1.000000005729588
 0.430000 -1.000000054517916
 0.440000 -0.9999999823581189
 0.450000 -0.9999999713471418
 0.460000 -1.0000000072028368
 0.470000 -1.0000000649472416
 0.480000 -0.9999999210300533
 0.490000 -1.000000046228976
 0.500000 -1.0000000231022195
 0.510000 -1.000000024171973
 0.520000 -1.0000000696097386
 0.530000 -0.9999999978012293
 0.540000 -0.9999999554093543
 0.550000 -0.9999999888666887
 0.560000 -1.0000000075123838
 0.570000 -0.9999999147063725
 0.580000 -1.0000000382561582
 0.590000 -1.000000031669855
 0.600000 -0.9999999844532398
 0.610000 -0.9999999996922201
 0.620000 -1.0000000097555395
 0.630000 -0.9999999664879775
 0.640000 -1.0000000189832017
 0.650000 -1.0000000198336618
 0.660000 -0.9999999291626361
 0.670000 -1.0000000178470334
 0.680000 -1.0000000100802449
 0.690000 -0.9999999453191045
 0.700000 -0.99999998623413
 0.710000 -1.0000000070165
 0.720000 -0.9999999776533384
 0.730000 -0.99999999787795
 0.740000 -1.0000000064870613
 0.750000 -0.9999999625427078
 0.760000 -1.0000000718687536
 0.770000 -0.9999999729303503
 0.780000 -0.9999999971479474
 0.790000 -0.9999999951549949
 0.800000 -0.999999992246464
 0.810000 -0.9999999690715605
 0.820000 -1.0000000989280762
 0.830000 -1.0000000252454144
 0.840000 -1.0000000421087099
 0.850000 -0.999999952848063
 0.860000 -0.9999999392037145
 0.870000 -1.0000000745792066
 0.880000 -1.000000044908103
 0.890000 -1.0000000796102062
 0.900000 -1.000000108972721
 0.910000 -0.9999999984565482
 0.920000 -0.9999999193704149
 0.930000 -0.9999999662360505
 0.940000 -1.0000000207736737
 0.950000 -1.0000000329691934
 0.960000 -0.9999999991954066
 0.970000 -1.000000076479722
 0.980000 -1.0000000032076741
 0.990000 -0.9999999915557958
 1.000000 -1.0000001853007523
 1.010000 -0.9999999092244771
 1.020000 -1.000000020661381
 1.030000 -1.000000079970832
 1.040000 -1.000000008562434
 1.050000 -1.0000001319597507
 1.060000 -1.000000064518838
 1.070000 -0.9999999681241722
 1.080000 -0.9999999552092165
 1.090000 -1.000000029176821
 1.100000 -0.9999999943652123
 1.110000 -1.0000000410171528
 1.120000 -1.000000047158697
 1.130000 -1.0000000149075807
 1.140000 -0.9999999338199291
 1.150000 -1.0000000505985642
