0.0 1.15 1.0
Linear 1 explicit
 0.000000 0.0
 0.010000 0.9999999989660618
 0.020000 -1.0000000003832323
 0.030000 -1.0000000014723884
 0.040000 1.0000000012227417
 0.050000 -0.9999999996593747
 0.060000 -0.36237401137555025
 0.070000 -1.0000000010665486
 0.080000 -1.0000000022754296
 0.090000 -1.0000000016202728
 0.100000 -1.000000000963519
 0.110000 -1.0000000019511806
 0.120000 -1.0000000010024575
 0.130000 -1.000000000241567
 0.140000 -0.9999999994745414
 0.150000 -1.0000000037792316
 0.160000 -0.9999999993825397
 0.170000 -0.9999999989667837
 0.180000 -0.9999999988357109
 0.190000 -0.9999999996316132
 0.200000 -0.9999999997602352
 0.210000 -1.000000001609403
 0.220000 -1.0000000043990815
 0.230000 -0.9999999971040178
 0.240000 -0.9999999982201618
 0.250000 -1.000000004798089
 0.260000 -0.9999999953642348
 0.270000 -1.0000000022577482
 0.280000 -1.000000006557805
 0.290000 -0.9999999941008542
 0.300000 -0.9999999989699908
 0.310000 -0.9999999919154468
 0.320000 -0.9999999931814807
 0.330000 -0.9999999944044319
 0.340000 -0.9999999932009591
 0.350000 -0.9999999987682454
 0.360000 -0.999999995108311
 0.370000 -0.9999999960527288
 0.380000 -0.9999999952368033
 0.390000 -0.999999991099724
 0.400000 -1.0000000043502664
 0.410000 -1.0000000029852039
 0.420000 -0.9999999909186148
 0.430000 -1.000000006840063
 0.440000 -1.0000000113011103
 0.450000 -1.0000000043758153
 0.460000 -1.0000000010889265
 0.470000 -1.000000005171468
 0.480000 -1.0000000022999813
 0.490000 -1.0000000121872552
 0.500000 -1.0000000008743049
 0.510000 -1.0000000015930108
 0.520000 -0.9999999966298195
 0.530000 -0.9999999918886618
 0.540000 -1.0000000022565827
 0.550000 -0.9999999786345445
 0.560000 -1.0000000078083553
 0.570000 -0.9999999984115161
 0.580000 -1.0000000054315359
 0.590000 -1.0000000018285602
 0.600000 -0.9999999752702361
 0.610000 -0.9999999801821313
 0.620000 -0.9999999888437907
 0.630000 -1.0000000114702665
 0.640000 -0.9999999959727416
 0.650000 -0.9999999995592399
 0.660000 -0.9999999774282652
 0.670000 -1.0000000031893896
 0.680000 -0.9999999962533713
 0.690000 -0.999999988074254
 0.700000 -0.9999999924955978
 0.710000 -0.9999999883122297
 0.720000 -0.9999999985420777
 0.730000 -0.9999999871822663
 0.740000 -1.0000000043258008
 0.750000 -0.9999999690460538
 0.760000 -0.99999999314596
 0.770000 -0.999999987018287
 0.780000 -0.9999999918992429
 0.790000 -1.0000000041385377
 0.800000 -0.999999997188379
 0.810000 -0.9999999962944237
 0.820000 -1.0000000103492073
 0.830000 -1.0000000049411655
 0.840000 -0.9999999877174228
 0.850000 -1.0000000095058261
 0.860000 -0.9999999984293502
 0.870000 -0.9999999965922969
 0.880000 -1.0000000068025872
 0.890000 -0.9999999904273152
 0.900000 -0.9999999938948021
 0.910000 -1.000000008865345
 0.920000 -0.9999999869388368
 0.930000 -0.99999999988419
 0.940000 -0.9999999994075998
 0.950000 -0.9999999810935811
 0.960000 -0.9999999999587107
 0.970000 -1.0000000158495863
 0.980000 -0.9999999957615836
 0.990000 -0.9999999913140021
 1.000000 -1.0000000175379518
 1.010000 -0.9999999896204819
 1.020000 -0.99999999577984
 1.030000 -0.9999999931603837
 1.040000 -0.9999999991542404
 1.050000 -1.000000006881537
 1.060000 -1.000000016879575
 1.070000 -1.0000000117605756
 1.080000 -0.9999999953435141
 1.090000 -1.0000000191660192
 1.100000 -0.9999999926577389
 1.110000 -1.0000000107443605
 1.120000 -1.000000008126655
 1.130000 -1.0000000020347084
 1.140000 -0.9999999865154926
 1.150000 -1.0000000026838554
