0.0 1.15 1.0
Linear 1 explicit
 0.000000 0.0
 0.010000 1.0000000035574612
 0.020000 -1.0000000029228635
 0.030000 0.9999999992248373
 0.040000 0.999999999446206
 0.050000 0.9999999976150564
 0.060000 0.9999999937381399
 0.070000 1.0000000029649045
 0.080000 1.0000000003676262
 0.090000 0.9999999945088185
 0.100000 1.0000000059942797
 0.110000 0.9999999965181233
 0.120000 1.000000004142561
 0.130000 0.9999999865941241
 0.140000 0.99999999558057
 0.150000 0.9999999925739579
 0.160000 1.0000000135307225
 0.170000 1.0000000095002441
 0.180000 0.9999999994716556
 0.190000 1.0000000114337002
 0.200000 1.0000000026307174
 0.210000 0.9999999898499604
 0.220000 0.9999999931030359
 0.230000 0.9999999880104014
 0.240000 0.9999999926859958
 0.250000 1.000000007919354
 0.260000 0.9999999894734647
 0.270000 0.9999999936835404
 0.280000 0.9999999937019073
 0.290000 0.9999999779610317
 0.300000 1.0000000012379768
 0.310000 1.0000000200182266
 0.320000 1.0000000144702883
 0.330000 1.000000027388939
 0.340000 0.9999999868887085
 0.350000 1.000000011505872
 0.360000 1.0000000218106988
 0.370000 0.9999999983849116
 0.380000 0.9999999817787865
 0.390000 0.9999999427805465
 0.400000 1.000000008165592
 0.410000 0.9999999759529549
 0.420000 1.0000000015414088
 0.430000 0.9999999911227455
 0.440000 1.000000014603409
 0.450000 1.0000000430493508
 0.460000 1.0000000003185252
 0.470000 1.0000000123534092
 0.480000 1.0000000042440333
 0.490000 1.0000000144769479
 0.500000 0.999999996791268
 0.510000 1.000000029722999
 0.520000 1.0000000047745348
 0.530000 1.0000000174457149
 0.540000 0.9999999995426688
 0.550000 1.0000000170016263
 0.560000 1.0000000152127406
 0.570000 0.9999999649607698
 0.580000 1.0000000551615433
 0.590000 1.0000000427795284
 0.600000 0.9999999757295798
 0.610000 0.9999999753437684
 0.620000 0.999999965524531
 0.630000 0.9999999903601697
 0.640000 0.9999999885308662
 0.650000 1.0000000205217228
 0.660000 0.9999999925078115
 0.670000 0.9999999675480336
 0.680000 1.000000011551132
 0.690000 -1.00000001071223
 0.700000 -0.9999999468762454
 0.710000 -1.0000000250837502
 0.720000 -0.9999999952780357
 0.730000 -0.9999999947896341
 0.740000 -1.0000000312717452
 0.750000 -0.9999999580403585
 0.760000 -0.9999999561708676
 0.770000 -0.9999999960750868
 0.780000 -0.9999999813432567
 0.790000 -1.0000000144773682
 0.800000 -0.9999999786116338
 0.810000 -1.000000012032477
 0.820000 -1.0000000294009717
 0.830000 -1.0000000476105917
 0.840000 -0.9999999645811901
 0.850000 -0.9999999934672954
 0.860000 -0.9999999864960555
 0.870000 -0.9999999762251218
 0.880000 -0.9999999873154722
 0.890000 -1.0000000052155886
 0.900000 0.19405589488523342
 0.910000 -1.0000000161943583
 0.920000 -1.000000019031214
 0.930000 -1.000000014927014
 0.940000 -0.9999999650931777
 0.950000 -1.0000000121683519
 0.960000 -1.0000000062253194
 0.970000 -0.9999999912621695
 0.980000 -0.9999999774158498
 0.990000 -0.9999999943191652
 1.000000 -1.0000000117352197
 1.010000 -0.9999999750459595
 1.020000 -0.9999999589372632
 1.030000 1.0000000056150489
 1.040000 -0.9999999911739431
 1.050000 -0.9999999915324655
 1.060000 -0.9999999793148153
 1.070000 -0.9999999934903601
 1.080000 -1.000000011874834
 1.090000 -0.9999999932598679
 1.100000 -0.9999999865093122
 1.110000 -1.000000018889027
 1.120000 -1.0000000252503243
 1.130000 -1.0000000218630898
 1.140000 -1.0000000189950402
 1.150000 -1.0000000085677283
