0.0 1.15 1.0
Linear 1 explicit
 0.000000 0.0
 0.010000 -1.0000000001240164
 0.020000 -0.9999999997393791
 0.030000 -0.9999999999620017
 0.040000 -0.999999999850376
 0.050000 -0.9999999994572907
 0.060000 -1.0000000003436447
 0.070000 -0.9999999998564162
 0.080000 -0.9999999997020008
 0.090000 -1.0000000002746525
 0.100000 -0.9999999996652629
 0.110000 -0.999999999866583
 0.120000 -1.0000000003051221
 0.130000 -0.9999999994563642
 0.140000 -0.9999999995743118
 0.150000 -1.000000000330786
 0.160000 -1.000000000591894
 0.170000 -0.9999999999694207
 0.180000 -1.000000000645592
 0.190000 -1.000000000037335
 0.200000 -0.9999999997199266
 0.210000 -0.9999999993945143
 0.220000 -0.9999999998328187
 0.230000 -0.9999999992670676
 0.240000 -1.0000000008662178
 0.250000 -1.0000000003226435
 0.260000 -0.9999999992956591
 0.270000 -0.9999999983099438
 0.280000 -0.9999999995183583
 0.290000 -0.9999999995943947
 0.300000 -1.0000000006490621
 0.310000 -1.0000000003954117
 0.320000 -1.0000000003365526
 0.330000 -0.9999999991019997
 0.340000 -1.000000001524312
 0.350000 -1.0000000001137845
 0.360000 -0.9999999997832231
 0.370000 -0.9999999980364888
 0.380000 -0.9999999985822757
 0.390000 -0.9999999980411184
 0.400000 -0.9999999996253975
 0.410000 -1.0000000001504394
 0.420000 -0.999999998633184
 0.430000 -1.0000000012473016
 0.440000 -1.000000001966938
 0.450000 -1.000000001635777
 0.460000 -0.9999999987877963
 0.470000 -1.0000000017475184
 0.480000 -1.000000000685629
 0.490000 -1.0000000008661016
 0.500000 -0.9999999959367899
 0.510000 -0.9999999990207561
 0.520000 -0.9999999981011621
 0.530000 -0.9999999968255254
 0.540000 -0.9999999989705675
 0.550000 -1.0000000005973375
 0.560000 -0.999999998060314
 0.570000 -0.9999999988840693
 0.580000 -0.9999999988531945
 0.590000 -0.9999999985373129
 0.600000 -0.9999999935108999
 0.610000 -0.9999999975843104
 0.620000 -0.9999999955226636
 0.630000 -0.9999999984210322
 0.640000 -0.999999992557587
 0.650000 -0.9999999984810993
 0.660000 -1.0000000023153066
 0.670000 -0.9999999970636145
 0.680000 -0.9999999983448412
 0.690000 -1.000000001982921
 0.700000 -1.000000000929654
 0.710000 -1.0000000018234294
 0.720000 -0.9999999980897037
 0.730000 -0.9999999962558387
 0.740000 -1.0000000022535902
 0.750000 -1.0000000004693979
 0.760000 -1.0000000017669632
 0.770000 -0.9999999975057529
 0.780000 -0.9999999999138202
 0.790000 -0.9999999972302291
 0.800000 -1.000000001322459
 0.810000 -1.0000000003186718
 0.820000 -0.9999999989940119
 0.830000 -1.00000000103065
 0.840000 -1.000000003504689
 0.850000 -1.0000000061059535
 0.860000 -1.000000000169801
 0.870000 -1.0000000027422677
 0.880000 -1.000000001666599
 0.890000 -0.9999999976825605
 0.900000 -1.0000000003357263
 0.910000 -1.0000000011376426
 0.920000 -1.0000000015008352
 0.930000 -1.0000000062628425
 0.940000 -1.0000000020182667
 0.950000 -1.0000000011371397
 0.960000 -0.9999999997207242
 0.970000 -0.9999999999483152
 0.980000 -0.9999999977695522
 0.990000 -0.9999999993125483
 1.000000 -1.0000000010215966
 1.010000 -0.9999999969190493
 1.020000 -0.9999999987596094
 1.030000 -0.9999999962969364
 1.040000 -0.9999999998851536
 1.050000 -0.9999999982451784
 1.060000 -1.0000000062906462
 1.070000 -1.0000000056471214
 1.080000 -1.0000000023320035
 1.090000 -1.000000001026705
 1.100000 -0.9999999973201388
 1.110000 -0.9999999978388995
 1.120000 -1.0000000045664887
 1.130000 -0.9999999937104835
 1.140000 -1.0000000008188576
 1.150000 -1.0000000060586756
