0.0 1.15 1.0
Linear 1 explicit
 0.000000 0.0
 0.010000 -1.0000000000563571
 0.020000 -1.0000000002366516
 0.030000 -1.0000000006083367
 0.040000 -0.9999999999842962
 0.050000 -0.9999999997902387
 0.060000 -1.000000000937445
 0.070000 -0.9999999989571603
 0.080000 -1.000000000150545
 0.090000 -0.675362773453831
 0.100000 0.2519450849007096
 0.110000 -0.9999999987888876
 0.120000 0.7388396338097256
 0.130000 -0.9925051057424786
 0.140000 -0.6159545963550415
 0.150000 -0.9129389027813323
 0.160000 1.0000000000794267
 0.170000 -1.0000000015094546
 0.180000 0.7489794190799308
 0.190000 -0.747807793265308
 0.200000 0.9999999996076804
 0.210000 -1.000000000713334
 0.220000 0.10314386507729625
 0.230000 -0.9999999978296552
 0.240000 -0.4254734334603826
 0.250000 -0.3653854828621968
 0.260000 -0.32499328448504416
 0.270000 0.9600511686603059
 0.280000 -0.9999999988889616
 0.290000 1.0000000000791174
 0.300000 -0.36742834431589644
 0.310000 0.9999999979154452
 0.320000 0.7804151310674787
 0.330000 0.7023282070033049
 0.340000 1.000000001188328
 0.350000 1.00000000226993
 0.360000 0.9999999959209036
 0.370000 1.0000000025917244
 0.380000 0.9999999957898195
 0.390000 0.9999999994773906
 0.400000 1.0000000002470006
 0.410000 1.0000000012886916
 0.420000 0.9999999969978747
 0.430000 -0.01382716557317168
 0.440000 -0.8164055978386446
 0.450000 -0.459142860410903
 0.460000 -0.2712416700713099
 0.470000 -1.0000000008106298
 0.480000 -0.9999999981285649
 0.490000 -0.9384491830162339
 0.500000 -0.9999999965330887
 0.510000 0.5631834923364654
 0.520000 -0.5251085513849081
 0.530000 0.30358013576066567
 0.540000 -0.9999999994113551
 0.550000 -0.28434200069621557
 0.560000 -0.28825365182388024
 0.570000 0.9999999945220185
 0.580000 0.9999999977406893
 0.590000 1.0000000054160367
 0.600000 0.9999999944591906
 0.610000 1.0000000007412966
 0.620000 1.000000004855282
 0.630000 0.9999999986012535
 0.640000 0.9999999991549959
 0.650000 0.9999999977264925
 0.660000 1.00000000151333
 0.670000 1.0000000037485064
 0.680000 1.0000000004049363
 0.690000 1.0000000054281526
 0.700000 1.0000000042173147
 0.710000 1.0000000026617217
 0.720000 1.0000000039251482
 0.730000 1.0000000016033281
 0.740000 0.9999999985212367
 0.750000 1.000000002595616
 0.760000 0.9999999905720811
 0.770000 0.9999999963004059
 0.780000 1.0000000022559576
 0.790000 0.999999998724627
 0.800000 1.0000000015034853
 0.810000 0.9999999999313446
 0.820000 0.9999999970300987
 0.830000 1.0000000035068968
 0.840000 0.9999999971520102
 0.850000 0.9999999979940057
 0.860000 0.9999999952207322
 0.870000 0.9999999981166073
 0.880000 1.000000001930534
 0.890000 1.00000000661886
 0.900000 1.0000000038454073
 0.910000 1.0000000035234207
 0.920000 1.0000000069711992
 0.930000 0.9999999959765501
 0.940000 0.9999999895339406
 0.950000 1.0000000023273203
 0.960000 0.9999999969320347
 0.970000 1.0000000021983086
 0.980000 1.0000000011630625
 0.990000 0.9999999994333714
 1.000000 1.0000000015936619
 1.010000 0.999999994524264
 1.020000 1.0000000027695501
 1.030000 1.000000000192748
 1.040000 1.0000000011747578
 1.050000 0.9999999967125678
 1.060000 0.99999998791112
 1.070000 -0.9999999946241318
 1.080000 0.6045059918620281
 1.090000 0.9999999950669936
 1.100000 1.0000000025543843
 1.110000 0.6586832380350902
 1.120000 0.9999999974770789
 1.130000 -0.9999999952914543
 1.140000 -0.15392760130445163
 1.150000 -0.06702658605762937
