0.0 1.15 1.0
Linear 1 explicit
 0.000000 0.0
 0.010000 -0.9999999980442879
 0.020000 -0.9999999988731326
 0.030000 -0.9999999923953501
 0.040000 -0.9999999945562648
 0.050000 -1.000000002929137
 0.060000 -0.9999999985210085
 0.070000 -0.9999999928980563
 0.080000 -0.9999999844051787
 0.090000 -0.9999999859126273
 0.100000 -0.999999997721269
 0.110000 1.00000000403531
 0.120000 1.000000010351159
 0.130000 1.0000000009894516
 0.140000 0.9999999956351335
 0.150000 1.0000000047881308
 0.160000 1.0000000092788823
 0.170000 0.9999999943493506
 0.180000 1.0000000022975
 0.190000 1.0000000051572084
 0.200000 0.999999986172116
 0.210000 1.0000000008837058
 0.220000 0.9999999883431362
 0.230000 1.0000000049707087
 0.240000 1.0000000073938864
 0.250000 0.8852441131864639
 0.260000 -0.14733585637347738
 0.270000 -0.9999999728005581
 0.280000 1.0000000080153522
 0.290000 -1.000000000120679
 0.300000 -0.9999999934801946
 0.310000 -1.0000000225567467
 0.320000 -0.9999999931187088
 0.330000 -1.00000001479106
 0.340000 -0.9999999588077739
 0.350000 -1.0000000261640543
 0.360000 -0.9999999940457186
 0.370000 -1.000000021164707
 0.380000 -0.9999999725758748
 0.390000 -1.0000000011014585
 0.400000 -0.9999999905688162
 0.410000 -0.9999999882811199
 0.420000 -1.0000000347440372
 0.430000 -0.9999999993709698
 0.440000 -0.9999999713270844
 0.450000 -1.0000000571647092
 0.460000 -0.9999999954725847
 0.470000 -0.9999999587394424
 0.480000 -0.9999999744185266
 0.490000 -0.9999999989645327
 0.500000 -0.9999999859220672
 0.510000 -0.9999999471942034
 0.520000 -1.0000000067246073
 0.530000 -0.9999999884023771
 0.540000 -0.9999999908834749
 0.550000 -1.0000000432847864
 0.560000 -1.0000000129939697
 0.570000 -0.9999999801078233
 0.580000 -1.0000000755427143
 0.590000 -1.000000001646779
 0.600000 -0.9999999944580112
 0.610000 -1.0000000140331926
 0.620000 -0.999999979537603
 0.630000 -1.0000000474087247
 0.640000 -0.9999999642721098
 0.650000 -0.9999999597782007
 0.660000 -1.000000026031541
 0.670000 -0.999999966004651
 0.680000 -1.0000000109190073
 0.690000 -1.000000024667791
 0.700000 -1.000000021766395
 0.710000 -0.9999999762015291
 0.720000 -1.0000000492514538
 0.730000 -0.9999999706498907
 0.740000 -1.0000000462775507
 0.750000 -1.0000000334014845
 0.760000 -0.9999999716812011
 0.770000 -1.0000000218484955
 0.780000 -0.9999999987635099
 0.790000 -0.9999999823603519
 0.800000 -0.9999999331638981
 0.810000 -1.0000000485214013
 0.820000 -0.9999999680883456
 0.830000 -0.9999999587334684
 0.840000 -0.9999999951643769
 0.850000 -1.000000098669831
 0.860000 -1.0000000106969675
 0.870000 -0.9999999506270714
 0.880000 -0.9999999782394803
 0.890000 -1.0000000042243726
 0.900000 -1.000000074768803
 0.910000 -1.0000000154112918
 0.920000 -1.0000000054097764
 0.930000 -1.0000000237548432
 0.940000 -1.0000000890490963
 0.950000 -0.9999999776050031
 0.960000 -0.9999999868133006
 0.970000 -0.9999999092679255
 0.980000 -1.0000000239153914
 0.990000 -1.0000000086862233
 1.000000 -0.9999999487945214
 1.010000 -1.000000044574742
 1.020000 -0.9999999894519376
 1.030000 -0.9999999116831128
 1.040000 -0.9999999432259905
 1.050000 -0.999999891884439
 1.060000 -0.9999999483102873
 1.070000 -1.0000000613925686
 1.080000 -0.9999999682521581
 1.090000 -1.0000000130015565
 1.100000 -1.0000000449431246
 1.110000 -0.9999999745885536
 1.120000 -0.9999999670008913
 1.130000 -1.0000000118492074
 1.140000 -1.0000000041899133
 1.150000 -1.0000000067474675
