0.0 1.15 1.0
Linear 1 explicit
 0.000000 0.0
 0.010000 -1.0000000047712971
 0.020000 -0.9999999996449843
 0.030000 -0.999999999646625
 0.040000 -1.0000000093539454
 0.050000 -1.0000000126081867
 0.060000 -0.9999999771544938
 0.070000 -0.9999999916690582
 0.080000 -1.0000000053785165
 0.090000 -0.9999999892995617
 0.100000 -1.0000000012928927
 0.110000 -1.0000000020098243
 0.120000 -0.9999999963089178
 0.130000 -1.0000000033157166
 0.140000 -0.9999999966997176
 0.150000 -0.9999999954845176
 0.160000 -0.9999999981968022
 0.170000 -0.9999999930724489
 0.180000 -0.9999999964038209
 0.190000 -0.9999999980461964
 0.200000 -0.999999987506927
 0.210000 -1.000000004291785
 0.220000 -1.0000000068397976
 0.230000 -0.9999999963795535
 0.240000 -0.9999999988317074
 0.250000 -1.000000004563019
 0.260000 -1.0000000098150652
 0.270000 -0.9999999998518174
 0.280000 -0.9999999991722345
 0.290000 -1.000000037093817
 0.300000 -0.999999997817888
 0.310000 -0.9999999961862412
 0.320000 -1.0000000042541033
 0.330000 -1.0000000038170147
 0.340000 -1.0000000327573972
 0.350000 -1.000000010666375
 0.360000 -0.9999999755397619
 0.370000 -0.999999989230199
 0.380000 -1.000000028601888
 0.390000 -0.9999999793196346
 0.400000 -0.9999999783690232
 0.410000 -1.000000032375574
 0.420000 -0.9999999869809195
 0.430000 -0.999999965926615
 0.440000 -1.0000000219743628
 0.450000 -0.9999999984125708
 0.460000 -0.9999999814710367
 0.470000 -1.0000000081706277
 0.480000 -0.9999999946309002
 0.490000 -1.0000000131699125
 0.500000 -0.99999999874464
 0.510000 -0.9999999696424949
 0.520000 -0.9999999470985543
 0.530000 -0.9999999725212398
 0.540000 -0.9999999806464985
 0.550000 -1.000000013586984
 0.560000 -1.0000000011692927
 0.570000 -0.9999999684786546
 0.580000 -1.0000000341871371
 0.590000 -1.0000000228353485
 0.600000 -0.9999999771503163
 0.610000 -1.0000000489401701
 0.620000 -1.0000000104607696
 0.630000 -0.9999999874017124
 0.640000 -1.0000000434536285
 0.650000 -0.9999999950955699
 0.660000 -1.0000000407217973
 0.670000 -1.0000000259986421
 0.680000 -1.0000000021305586
 0.690000 -0.9999999918568806
 0.700000 -1.0000000016970398
 0.710000 -1.0000000137534213
 0.720000 1.000000021535296
 0.730000 1.0000000381820975
 0.740000 0.9999999346584527
 0.750000 0.9999999953290152
 0.760000 1.0000000060861123
 0.770000 0.999999986454687
 0.780000 0.9999999581280866
 0.790000 1.000000014949184
 0.800000 1.0000000365196697
 0.810000 0.9999999499724741
 0.820000 0.9999999391820324
 0.830000 0.9999999879889269
 0.840000 1.0000000160478915
 0.850000 1.0000000713696937
 0.860000 0.9999999481798082
 0.870000 1.000000000619794
 0.880000 1.0000000273642444
 0.890000 1.0000000016454933
 0.900000 0.9999999667599214
 0.910000 1.0000000284809456
 0.920000 0.9999999927445902
 0.930000 1.000000049751714
 0.940000 1.000000036767617
 0.950000 0.9999999953032145
 0.960000 1.0000000586618907
 0.970000 1.0000000068102262
 0.980000 1.000000035586974
 0.990000 0.9999999845205987
 1.000000 0.9999999993052784
 1.010000 1.0000000273741088
 1.020000 1.0000000143914929
 1.030000 0.9999999732565704
 1.040000 1.0000000259881079
 1.050000 1.000000026639852
 1.060000 0.9999999305148277
 1.070000 1.0000000030405496
 1.080000 0.9999999466540038
 1.090000 1.0000000123888388
 1.100000 1.0000000050189837
 1.110000 1.000000072481868
 1.120000 0.999999993600161
 1.130000 1.0000000224819068
 1.140000 0.9999999968262814
 1.150000 0.9999999978345941
