0.0 1.15 1.0
Linear 4 explicit
 0.000000 -0.19317539140194553 0.9618136649162801 -0.19390137218962322 73.04267359168017
 0.010000 -0.16972547452836506 0.9690806294626763 -0.17909773001449356 76.53817984905271
 0.020000 -0.16671401683278328 0.9712533211395958 -0.1699218136873064 74.07281826497393
 0.030000 -0.14918101871622585 0.9760374448722364 -0.15841694941534848 76.22553020162688
 0.040000 -0.12955582118578537 0.9799658047048232 -0.1512690014712374 80.1385462174965
 0.050000 -0.11113136102226959 0.9834419512501097 -0.14314939440568655 83.10986811976183
 0.060000 -0.09320936043630956 0.986061060654706 -0.13782452534861214 87.03727955189149
 0.070000 -0.07619324436073079 0.988391445070824 -0.1314417773183032 90.34854536809658
 0.080000 -0.05929420487402368 0.9900857701959948 -0.1273356388595162 94.33541546920809
 0.090000 -0.04376525838004876 0.9916373590172592 -0.12140819725291531 97.38128964509737
 0.100000 -0.03965713611451693 0.9928458729869872 -0.11262497080089189 95.99477194514229
 0.110000 -0.042480646900120794 0.9944019565283956 -0.09674783455688422 93.2727933494558
 0.120000 -0.04702118005502024 0.9956946658132703 -0.07988204489892183 90.46321616305094
 0.130000 -0.054029037972030076 0.9967287644144596 -0.06010518483992506 87.06271932053082
 0.140000 -0.06035162876947672 0.9973265575340562 -0.04119973958825902 84.25879212182551
 0.150000 -0.06883566016770068 0.9974258296447739 -0.020083979852394566 81.15255059903053
 0.160000 -0.06468655897732202 0.9978440380672896 -0.011087144864162025 83.01135599774119
 0.170000 -0.0732751368420109 0.9973104975131747 0.0015892988417323501 80.95754679657493
 0.180000 -0.07033092815112237 0.9975007280228996 0.006771863789743051 82.44163251336023
 0.190000 -0.07769557941602237 0.9967531062035834 0.021133911439124884 80.3883750462839
 0.200000 -0.074616455316848 0.9968943320588434 0.025180851949475495 82.00552172924424
 0.210000 -0.07441866701971965 0.9967403486939274 0.03115347949292613 82.79860479874233
 0.220000 -0.07263565028206312 0.9968186617391911 0.0328118563417229 84.54249023670555
 0.230000 -0.07370974053206868 0.9967816420774768 0.031515586112652594 86.31135241804137
 0.240000 -0.07522005999032998 0.9966695111148125 0.031493303878946305 88.11282627433077
 0.250000 -0.07660859786869362 0.9966396590204006 0.028991598788139065 90.23742579962712
 0.260000 -0.07645349787441538 0.9968596947887923 0.020630355507423585 92.89355967252565
 0.270000 -0.07292183656359966 0.9972849310111502 0.010255346424036454 96.37500354485913
 0.280000 -0.07593626311639337 0.9970841464507817 0.007542469120517161 98.58808916629174
 0.290000 -0.07490077588231282 0.9971892802964903 -0.0018474398488748005 101.80631889588093
 0.300000 -0.07321449570492146 0.9972557903980229 -0.01097843961083123 105.33953468084923
 0.310000 -0.07066766965159829 0.9973270311653706 -0.018570766620699987 109.00742143473497
 0.320000 -0.06895988239054818 0.9972797253628816 -0.026032364487639858 112.69789118195436
 0.330000 -0.06670815150241156 0.9972476077571565 -0.032360954030434264 116.47134512208072
 0.340000 -0.06404951313678704 0.9972184585435386 -0.03811831327576557 120.31142627905794
 0.350000 -0.06744907136318085 0.9970283051560561 -0.037218026410419276 119.60939745769994
 0.360000 -0.07093041344673003 0.9968494798646227 -0.0354963511069382 118.11302095439682
 0.370000 -0.07417218588358525 0.9966934472034525 -0.033176183369239685 116.41939709326559
 0.380000 -0.07695918051135875 0.9965717869653732 -0.030363760631104093 114.64515472304676
 0.390000 -0.07957621062603225 0.9964600010658721 -0.027112598145575897 112.78643381315646
 0.400000 -0.08235480882982563 0.9963332070271769 -0.023191076679269815 110.8342089998505
 0.410000 -0.08641056189121167 0.9960662783408565 -0.019626103684646 108.78352268587778
 0.420000 -0.08977289154571563 0.9958358436614008 -0.015868220527435355 106.72620788379965
 0.430000 -0.09025003369234272 0.9957677840722 -0.017362362237655516 107.72052273340604
 0.440000 -0.08888639521047434 0.9958127648518545 -0.021357577217285283 110.71056301839423
 0.450000 -0.08741778923849115 0.99586134306197 -0.024865951006626114 114.02990356392976
 0.460000 -0.09093776067520093 0.9956043596769403 -0.022411663830463443 112.83400505605006
 0.470000 -0.09356962872325521 0.9954155602080696 -0.019813810240514474 110.94375051345861
 0.480000 -0.09437446647381723 0.9954002353381548 -0.016487315322043946 108.92210623049891
 0.490000 -0.09632638573953232 0.9952639467360637 -0.013073015631926192 106.74721945002514
 0.500000 -0.09722650112030795 0.9952256751561335 -0.008535982071264346 104.57256341097323
 0.510000 -0.09792595306599611 0.9951895308493749 -0.0028819097691432493 102.30345416880915
 0.520000 -0.10186320812146885 0.9947978366866163 -0.0010728256291690612 99.97058763339352
 0.530000 -0.10513132074820088 0.9944578282808378 0.001016449063447737 97.36910767406836
 0.540000 -0.10251110118245844 0.9947244950105222 -0.003827944673263314 99.39430107366435
 0.550000 -0.10378862247659172 0.9945967685595114 -0.002278116632024168 98.03492921740126
 0.560000 -0.10362779150020797 0.9946158227418603 -8.037290100418898E-4 96.5025383418714
 0.570000 -0.09695252001360279 0.9952849863196983 -0.0028292878273303997 98.4446030980241
 0.580000 -0.091178407768475 0.9958312851783429 0.0025591828492334944 97.65943503773298
 0.590000 -0.08412301837160815 0.9964082228390786 0.009693876351546305 96.31332706643038
 0.600000 -0.09841885768016263 0.9951274904200312 0.005916609101716439 92.74358212131513
 0.610000 -0.11342211543039522 0.9935463729542874 -0.0010141600830859316 89.03020234192537
 0.620000 -0.1269197567304396 0.991858585275399 -0.010388559427083253 85.13395556103208
 0.630000 -0.14011632610349398 0.9898761492560849 -0.02264120785657276 80.99491943980019
 0.640000 -0.1517617239781914 0.9876892860078109 -0.03792431199834691 76.76997045685775
 0.650000 -0.13323455340323395 0.99090182768307 -0.019029494838067183 72.45783123013545
 0.660000 -0.11685932577860728 0.9931458563753788 0.002281653563686712 67.95434480978682
 0.670000 -0.09929188838514962 0.9948037384195183 0.02250873002773803 63.43698160049925
 0.680000 -0.08016385451835663 0.9959235081822428 0.041353624735130406 58.92525255846374
 0.690000 -0.05530489180099867 0.9971969895700646 0.050393778735874376 54.83116548343606
 0.700000 -0.027013161706324153 0.9981495582507677 0.054477045243160896 50.90879945014469
 0.710000 0.00488913903905255 0.9984713538334812 0.05505498972293152 47.10170040251486
 0.720000 0.04127204108255295 0.9977575893700852 0.05269166422952101 43.37479665437338
 0.730000 0.08362328996567517 0.9953799289432906 0.04717989436366177 39.692260450867
 0.740000 0.13366434432525565 0.9903035062108545 0.0378524588710919 36.076930773146415
 0.750000 0.1940784700527636 0.9806379504478748 0.026129630754561164 32.58034837781464
 0.760000 0.2680962130811824 0.9633492587907583 0.009089891023867305 29.28489588248794
 0.770000 0.35696778085116443 0.9339815093753601 -0.0158916197764471 26.256590264954706
 0.780000 0.46132810936989155 0.8858269568423331 -0.049869610351922285 23.570415741173388
 0.790000 0.5769941889304128 0.8120444073645412 -0.08753048845120394 21.39409969929776
 0.800000 0.7002658995917842 0.7016168823116916 -0.13176274254936804 19.723957678272278
 0.810000 0.8169136351109486 0.5479526466964169 -0.1800000270783523 18.698357251197457
 0.820000 0.9063498696081873 0.3567196678186233 -0.226453068984708 18.47059774950087
 0.830000 0.953441088685639 0.15014390593113022 -0.2615471237037165 19.10534131532278
 0.840000 0.9818331725176095 -0.024756735648583876 -0.1881242285938523 19.785297663205714
 0.850000 0.971937874232702 -0.19872690393292222 -0.12587448623629674 21.136673664159566
 0.860000 0.9334585279397097 -0.35135427037025563 -0.07214813448187882 23.143081385471973
 0.870000 0.8792267358567749 -0.4755646989846897 -0.02825887531807317 25.6669746717239
 0.880000 0.8195154927133768 -0.5730232540989716 0.0062215323334869205 28.569856009210334
 0.890000 0.759685851079995 -0.6494441749026365 0.033161293007018276 31.755251609678808
 0.900000 0.7026545265960522 -0.7095624971748449 0.052893088934909196 35.25312967027703
 0.910000 0.6484583589275706 -0.7579753642794801 0.07053441629695016 38.8862280383762
 0.920000 0.5979789095633791 -0.7971016097318894 0.08396575182908202 42.52383114097413
 0.930000 0.5510701253263998 -0.8290326403720725 0.09500841105110627 46.16145710317126
 0.940000 0.5073494595783378 -0.8554376308305508 0.10403357931256091 49.74922755622584
 0.950000 0.46571013540062856 -0.8777974991513903 0.1121856509037277 53.2490456529495
 0.960000 0.4265910488609729 -0.89662174544663 0.11869929495971598 56.610721635425705
 0.970000 0.3927202125650492 -0.9120150384151956 0.1183190785435381 59.82816774035831
 0.980000 0.3612884254958134 -0.9251129066218544 0.1167766398061715 62.84947826019274
 0.990000 0.33201401516641327 -0.9364135918219157 0.11356178399556438 65.67110513129856
 1.000000 0.3051035461306171 -0.9461538572913513 0.1081882825042518 68.29451218737522
 1.010000 0.28784210340576954 -0.9533188450323882 0.09126939910537135 70.60885455346637
 1.020000 0.27171229321622137 -0.9597589240426379 0.07095940695707868 72.90589023091889
 1.030000 0.2521008460682343 -0.9664771294180804 0.04865307516969094 75.83323294243867
 1.040000 0.2355348435115493 -0.9714349320831057 0.028939768842921494 78.14668444968548
 1.050000 0.22009888707368755 -0.9754291275884976 0.009720954730192065 80.18795532328619
 1.060000 0.205465856833355 -0.9786237184699873 -0.008910629815591264 81.99812980108264
 1.070000 0.1897853798912938 -0.9814754584595167 -0.026218963007696477 83.72753110329427
 1.080000 0.17522793886807358 -0.9835871831356839 -0.04302816067713639 85.36521620792087
 1.090000 0.16231137397967527 -0.9849077727776674 -0.060097395941625886 86.94237649554034
 1.100000 0.15049755488508046 -0.9855969337517952 -0.0771308638138549 88.48539918396796
 1.110000 0.1395297204407119 -0.9858994496654392 -0.09237820231592019 89.99415318349027
 1.120000 0.12968396495940526 -0.9856284180144543 -0.10825290220004173 91.50147272305357
 1.130000 0.11896359969357313 -0.9857997137834854 -0.11851829501113133 92.92122697790037
 1.140000 0.10955786260096588 -0.9863892356059247 -0.12261056489172237 94.20357764466397
 1.150000 0.10038668171341009 -0.9866048803197773 -0.12858197487894016 95.57639085324341
