0.0 1.15 1.0
Linear 1 explicit
 0.000000 0.0
 0.010000 -1.0000000002927443
 0.020000 -0.9999999999224161
 0.030000 -1.000000000317134
 0.040000 -1.0000000002232856
 0.050000 -1.0000000002069651
 0.060000 -1.000000000336376
 0.070000 -0.9999999997142527
 0.080000 -1.0000000000116278
 0.090000 -1.0000000002605427
 0.100000 -0.9999999997009614
 0.110000 -1.0000000000026195
 0.120000 -0.9999999998411021
 0.130000 -0.9999999996617063
 0.140000 -0.9999999999862001
 0.150000 -1.000000000245572
 0.160000 -1.000000000553755
 0.170000 -0.9999999999941004
 0.180000 -1.0000000002217506
 0.190000 -1.0000000000024005
 0.200000 -0.9999999999657393
 0.210000 -1.0000000001023377
 0.220000 -1.0000000006495162
 0.230000 -0.9999999999751543
 0.240000 -0.9999999999541097
 0.250000 -1.0000000001232372
 0.260000 -1.0000000004853526
 0.270000 -0.9999999995967431
 0.280000 -1.0000000001272442
 0.290000 -0.9999999991206262
 0.300000 -0.9999999993571226
 0.310000 -0.9999999997996186
 0.320000 -0.9999999992977922
 0.330000 -0.9999999998815189
 0.340000 -1.0000000011407288
 0.350000 -1.0000000000385052
 0.360000 -1.000000000561154
 0.370000 -1.0000000002231002
 0.380000 -1.0000000007708387
 0.390000 -0.9999999994202415
 0.400000 -1.0000000000686682
 0.410000 -1.000000000070293
 0.420000 -1.0000000001499783
 0.430000 -1.0000000005098963
 0.440000 -1.0000000010911574
 0.450000 -0.9999999995296263
 0.460000 -0.9999999996460487
 0.470000 -1.0000000005235097
 0.480000 -0.9999999995066691
 0.490000 -1.0000000000610576
 0.500000 -1.0000000000573808
 0.510000 -1.000000000526314
 0.520000 -1.0000000004173801
 0.530000 -1.0000000024530094
 0.540000 -0.9999999992688627
 0.550000 -0.9999999991544576
 0.560000 -1.0000000015526118
 0.570000 -0.9999999986515
 0.580000 -0.9999999996035485
 0.590000 -1.0000000006274516
 0.600000 -0.9999999970524475
 0.610000 -1.000000001433706
 0.620000 -0.9999999969140412
 0.630000 -1.0000000002556702
 0.640000 -1.0000000000676819
 0.650000 -0.9999999965129366
 0.660000 -1.0000000018129158
 0.670000 -0.9999999969998661
 0.680000 -0.9999999989959775
 0.690000 -1.0000000002000609
 0.700000 -0.9999999978327672
 0.710000 -1.0000000012913068
 0.720000 -0.9999999986638927
 0.730000 -0.9999999992460916
 0.740000 -1.0000000038047694
 0.750000 -0.9999999977448892
 0.760000 -1.0000000047830757
 0.770000 -0.9999999972511971
 0.780000 -0.9999999998334343
 0.790000 -1.0000000022280346
 0.800000 -1.0000000011208712
 0.810000 -0.9999999984823886
 0.820000 -0.999999998743126
 0.830000 -1.00000000288135
 0.840000 -1.0000000000447393
 0.850000 -1.00000000202174
 0.860000 -1.0000000014187322
 0.870000 -0.9999999984471509
 0.880000 -1.000000000695906
 0.890000 -0.9999999993767739
 0.900000 -0.9999999983451533
 0.910000 -1.0000000008821857
 0.920000 -0.9999999991161389
 0.930000 -0.9999999994338354
 0.940000 -0.9999999978388484
 0.950000 -0.9999999970191599
 0.960000 -0.9999999998758626
 0.970000 -1.000000004073116
 0.980000 -0.9999999997272884
 0.990000 -1.0000000010299148
 1.000000 -1.0000000020099034
 1.010000 -0.999999998875528
 1.020000 -0.999999999039511
 1.030000 -1.0000000009622025
 1.040000 -1.0000000002377392
 1.050000 -0.9999999969697088
 1.060000 -1.0000000005415437
 1.070000 -1.0000000061571424
 1.080000 -0.9999999975834785
 1.090000 -1.0000000038923618
 1.100000 -0.9999999974954654
 1.110000 -0.9999999996978998
 1.120000 -0.9999999994978401
 1.130000 -0.9999999967332693
 1.140000 -0.9999999990738043
 1.150000 -1.0000000025344271
