0.0 1.15 1.0
Linear 1 explicit
 0.000000 0.0
 0.010000 -0.9999999993700995
 0.020000 -0.9999999994560851
 0.030000 -1.0000000001985376
 0.040000 -1.0000000001912819
 0.050000 -1.0000000001444376
 0.060000 -0.9999999998785026
 0.070000 -0.9999999992241074
 0.080000 -0.9999999980855174
 0.090000 -0.9999999996201832
 0.100000 -1.000000001530109
 0.110000 0.999999998195547
 0.120000 -0.999999998798564
 0.130000 -0.9999999991559699
 0.140000 1.0000000002891072
 0.150000 0.9999999995238468
 0.160000 -1.0000000012750856
 0.170000 1.0000000017792894
 0.180000 0.9999999994808394
 0.190000 0.9999999976554615
 0.200000 0.9999999996178748
 0.210000 0.9999999975983572
 0.220000 1.0000000004904144
 0.230000 0.9999999997406788
 0.240000 1.0000000026172604
 0.250000 0.9999999991562303
 0.260000 1.0000000020692108
 0.270000 0.9999999994051645
 0.280000 0.9999999979844524
 0.290000 1.0000000020566098
 0.300000 1.000000001667326
 0.310000 0.9999999984371545
 0.320000 1.0000000003796699
 0.330000 0.9999999987092197
 0.340000 1.0000000009071401
 0.350000 1.0000000019632866
 0.360000 0.9999999985797738
 0.370000 1.0000000040567774
 0.380000 1.00000000011621
 0.390000 0.9999999997799957
 0.400000 0.9999999965563107
 0.410000 0.9999999992281154
 0.420000 0.9999999985555507
 0.430000 0.999999998405276
 0.440000 1.0000000014500208
 0.450000 1.0000000043110766
 0.460000 0.9999999993896961
 0.470000 0.9999999986524054
 0.480000 1.0000000006750218
 0.490000 0.9999999948757864
 0.500000 0.9999999962311606
 0.510000 1.0000000007025605
 0.520000 1.0000000026105047
 0.530000 1.0000000016159
 0.540000 1.0000000050718436
 0.550000 1.0000000074518451
 0.560000 1.0000000039619286
 0.570000 1.0000000077956044
 0.580000 0.9999999952749132
 0.590000 1.0000000087899414
 0.600000 0.9999999969543676
 0.610000 0.9999999987403415
 0.620000 1.0000000030973941
 0.630000 1.0000000046035316
 0.640000 0.9999999940517821
 0.650000 0.9999999966616758
 0.660000 0.9999999954599024
 0.670000 1.0000000038749912
 0.680000 1.0000000045840016
 0.690000 0.9999999996768707
 0.700000 1.0000000028063303
 0.710000 1.0000000030667495
 0.720000 1.0000000090785965
 0.730000 1.000000000123189
 0.740000 0.9999999938123316
 0.750000 0.9999999992962865
 0.760000 0.9999999966370675
 0.770000 1.0000000003943315
 0.780000 0.9999999868981091
 0.790000 1.0000000065028292
 0.800000 1.0000000138671936
 0.810000 0.9999999899876888
 0.820000 1.0000000005883996
 0.830000 1.0000000134922005
 0.840000 1.000000005052021
 0.850000 1.000000002143003
 0.860000 0.9999999960689165
 0.870000 0.999999985990527
 0.880000 0.9999999995200263
 0.890000 0.9999999894118079
 0.900000 1.00000000254207
 0.910000 0.9999999952237268
 0.920000 1.000000002975881
 0.930000 1.000000003369956
 0.940000 0.9999999903197317
 0.950000 1.000000004360754
 0.960000 1.0000000075107942
 0.970000 0.9999999991102291
 0.980000 1.00000001215047
 0.990000 1.0000000086269634
 1.000000 0.9999999902635692
 1.010000 0.9999999974699684
 1.020000 0.9999999911557804
 1.030000 0.9999999914744828
 1.040000 1.000000003909181
 1.050000 0.9999999949493945
 1.060000 1.0000000033681067
 1.070000 0.9999999996290344
 1.080000 1.000000006079863
 1.090000 0.9999999981783991
 1.100000 0.9999999974254665
 1.110000 1.0000000108359457
 1.120000 0.9999999997292821
 1.130000 1.0000000057128944
 1.140000 0.9999999931091471
 1.150000 0.9999999986484355
