0.0 1.15 1.0
Linear 1 explicit
 0.000000 0.0
 0.010000 -0.9999999978189149
 0.020000 -0.9999999999308579
 0.030000 1.0000000004205594
 0.040000 1.0000000020865303
 0.050000 1.0000000017715625
 0.060000 0.9999999989663513
 0.070000 0.9999999990230841
 0.080000 0.9999999983390089
 0.090000 0.9999999991682795
 0.100000 1.000000000204395
 0.110000 1.000000001359859
 0.120000 1.0000000020231843
 0.130000 0.9999999984091921
 0.140000 1.0000000001297316
 0.150000 0.9999999982900277
 0.160000 0.9999999992208382
 0.170000 0.9999999978599425
 0.180000 0.9999999997543292
 0.190000 1.0000000002814866
 0.200000 0.9999999981722679
 0.210000 1.0000000005536078
 0.220000 1.000000001504273
 0.230000 1.0000000006672884
 0.240000 1.0000000017086426
 0.250000 0.9999999996557
 0.260000 0.9999999970340456
 0.270000 0.999999996078334
 0.280000 1.0000000018751014
 0.290000 -0.9999999956500026
 0.300000 -0.9999999970329727
 0.310000 -0.9999999976679107
 0.320000 -1.0000000029499085
 0.330000 -0.9999999979427477
 0.340000 -0.9999999986469481
 0.350000 -0.9999999992455618
 0.360000 -1.0000000118142636
 0.370000 -0.9999999990179682
 0.380000 -0.999999988293506
 0.390000 -0.9999999891520382
 0.400000 -0.9999999923577452
 0.410000 -0.9999999970991748
 0.420000 -0.9999999945717203
 0.430000 -0.9999999910738372
 0.440000 -1.0000000082921052
 0.450000 -0.9999999990807713
 0.460000 -0.9999999958315675
 0.470000 -1.0000000077621098
 0.480000 -0.9999999907539837
 0.490000 -0.9999999864633925
 0.500000 -1.0000000102366187
 0.510000 -1.000000010687059
 0.520000 -1.0000000024085294
 0.530000 -0.999999997344235
 0.540000 -1.0000000090264025
 0.550000 -1.0000000061731913
 0.560000 -1.0000000141388292
 0.570000 -0.9999999850232151
 0.580000 -1.0000000074079312
 0.590000 -0.9999999830129181
 0.600000 -0.9999999970312689
 0.610000 -1.0000000105028861
 0.620000 -0.9999999980521731
 0.630000 -0.999999999790066
 0.640000 -0.9999999917461467
 0.650000 -1.0000000032693925
 0.660000 -0.9999999889336834
 0.670000 -0.9999999975835728
 0.680000 -1.0000000037212953
 0.690000 -1.0000000030650977
 0.700000 -1.000000011899491
 0.710000 -1.0000000006954004
 0.720000 -0.9999999994624714
 0.730000 -1.000000012955598
 0.740000 -1.0000000048332234
 0.750000 -0.9999999926553701
 0.760000 -1.0000000064175592
 0.770000 -0.9999999837793812
 0.780000 -1.0000000012608605
 0.790000 -1.0000000112948657
 0.800000 -0.9999999880625954
 0.810000 1.0000000149565627
 0.820000 1.0000000077108575
 0.830000 0.9999999740108394
 0.840000 0.9999999898681666
 0.850000 0.9999999944788837
 0.860000 0.9999999892003713
 0.870000 0.9999999928500972
 0.880000 0.9999999923778217
 0.890000 1.0000000150400743
 0.900000 1.0000000200416035
 0.910000 0.9999999987594802
 0.920000 0.9999999877287742
 0.930000 1.0000000149387782
 0.940000 0.9999999937412309
 0.950000 1.000000004957084
 0.960000 0.9999999971200799
 0.970000 1.0000000003057339
 0.980000 1.0000000085701441
 0.990000 1.0000000020671553
 1.000000 1.000000014077639
 1.010000 0.9999999963506191
 1.020000 0.9999999955351828
 1.030000 1.000000007760606
 1.040000 0.9999999923960217
 1.050000 1.0000000053994629
 1.060000 1.0000000071966604
 1.070000 1.0000000073201307
 1.080000 1.0000000069263597
 1.090000 0.9999999999981244
 1.100000 0.9999999966664506
 1.110000 0.9999999908706587
 1.120000 0.9999999933747314
 1.130000 1.0000000091153773
 1.140000 0.9999999903849612
 1.150000 0.99999999905309
