0.0 1.15 1.0
Linear 1 explicit
 0.000000 9.21
 0.010000 9.21
 0.020000 9.21
 0.030000 9.21
 0.040000 9.21
 0.050000 9.21
 0.060000 9.21
 0.070000 9.21
 0.080000 9.21
 0.090000 9.21
 0.100000 9.21
 0.110000 9.21
 0.120000 9.21
 0.130000 9.21
 0.140000 9.21
 0.150000 9.21
 0.160000 9.21
 0.170000 9.21
 0.180000 9.21
 0.190000 9.21
 0.200000 9.21
 0.210000 9.21
 0.220000 9.21
 0.230000 9.21
 0.240000 9.21
 0.250000 9.21
 0.260000 9.21
 0.270000 9.21
 0.280000 9.21
 0.290000 9.21
 0.300000 9.21
 0.310000 9.21
 0.320000 9.21
 0.330000 9.21
 0.340000 9.21
 0.350000 9.21
 0.360000 9.21
 0.370000 9.21
 0.380000 9.21
 0.390000 9.21
 0.400000 9.21
 0.410000 9.21
 0.420000 9.21
 0.430000 9.21
 0.440000 9.21
 0.450000 9.21
 0.460000 9.21
 0.470000 9.21
 0.480000 9.21
 0.490000 9.21
 0.500000 9.21
 0.510000 9.21
 0.520000 9.21
 0.530000 9.21
 0.540000 9.21
 0.550000 9.21
 0.560000 9.21
 0.570000 9.21
 0.580000 9.21
 0.590000 9.21
 0.600000 9.21
 0.610000 9.21
 0.620000 9.21
 0.630000 9.21
 0.640000 9.21
 0.650000 9.21
 0.660000 9.21
 0.670000 9.21
 0.680000 9.21
 0.690000 9.21
 0.700000 9.21
 0.710000 9.21
 0.720000 9.21
 0.730000 9.21
 0.740000 9.21
 0.750000 9.21
 0.760000 9.21
 0.770000 9.21
 0.780000 9.21
 0.790000 9.21
 0.800000 9.21
 0.810000 9.21
 0.820000 9.21
 0.830000 9.21
 0.840000 9.21
 0.850000 9.21
 0.860000 9.21
 0.870000 9.21
 0.880000 9.21
 0.890000 9.21
 0.900000 9.21
 0.910000 9.21
 0.920000 9.21
 0.930000 9.21
 0.940000 9.21
 0.950000 9.21
 0.960000 9.21
 0.970000 9.21
 0.980000 9.21
 0.990000 9.21
 1.000000 9.21
 1.010000 9.21
 1.020000 9.21
 1.030000 9.21
 1.040000 9.21
 1.050000 9.21
 1.060000 9.21
 1.070000 9.21
 1.080000 9.21
 1.090000 9.21
 1.100000 9.21
 1.110000 9.21
 1.120000 9.21
 1.130000 9.21
 1.140000 9.21
 1.150000 9.21
