0.0 1.15 1.0
Linear 1 explicit
 0.000000 -0.849
 0.010000 -1.7713835864826801
 0.020000 -2.842371695806878
 0.030000 -4.016828119676074
 0.040000 -5.02089574647143
 0.050000 -6.622588647566079
 0.060000 -7.890765003893525
 0.070000 -9.636755269209884
 0.080000 -11.345316646056991
 0.090000 -13.32897184964057
 0.100000 -14.930761186154182
 0.110000 -15.772730025379362
 0.120000 -16.528489182412656
 0.130000 -17.77992307549335
 0.140000 -19.03878719542006
 0.150000 -20.339363835697164
 0.160000 -21.00000591469153
 0.170000 -20.771677586530785
 0.180000 -21.151442910885894
 0.190000 -22.046035867519116
 0.200000 -22.91363003260992
 0.210000 -24.158300979807457
 0.220000 -25.266128193847482
 0.230000 -26.46950827511679
 0.240000 -27.522272153324863
 0.250000 -28.470545818106185
 0.260000 -29.3998206384097
 0.270000 -30.129999826146857
 0.280000 -31.062728426841698
 0.290000 -31.810293403800298
 0.300000 -32.94235267929995
 0.310000 -33.88170598968008
 0.320000 -34.8670083168224
 0.330000 -35.91545755762639
 0.340000 -36.73252091947199
 0.350000 -37.46324824840653
 0.360000 -38.04598779925609
 0.370000 -37.81969299173118
 0.380000 -37.298411474410024
 0.390000 -36.69436594611433
 0.400000 -35.288283159740594
 0.410000 -34.48110211680041
 0.420000 -33.81053238807087
 0.430000 -33.303802439637
 0.440000 -33.32775194811729
 0.450000 -33.4431224879439
 0.460000 -33.50339524785787
 0.470000 -33.860558838856136
 0.480000 -34.44944074574887
 0.490000 -34.947912134566906
 0.500000 -35.0150561672856
 0.510000 -34.665962443656085
 0.520000 -34.15288773171618
 0.530000 -34.49734957012253
 0.540000 -35.38496237248023
 0.550000 -36.26266881289837
 0.560000 -36.6215694777919
 0.570000 -36.88734700276226
 0.580000 -37.119432921533324
 0.590000 -37.0786122045135
 0.600000 -36.957512081862625
 0.610000 -36.887074126780846
 0.620000 -37.09266001158207
 0.630000 -37.663503521198066
 0.640000 -38.48809209873907
 0.650000 -40.16375066368949
 0.660000 -41.86158452569213
 0.670000 -43.48059008564167
 0.680000 -45.059757397381745
 0.690000 -46.62078717092983
 0.700000 -48.20549360924617
 0.710000 -49.806454537777434
 0.720000 -50.915435551539176
 0.730000 -51.72832198074728
 0.740000 -52.42720397860366
 0.750000 -53.23144887466468
 0.760000 -54.146129927748476
 0.770000 -55.1796489650843
 0.780000 -56.33705737917484
 0.790000 -58.21165334757272
 0.800000 -60.40771531252183
 0.810000 -62.762442885415545
 0.820000 -65.17080631604912
 0.830000 -67.52384695395793
 0.840000 -70.52167842652118
 0.850000 -73.37551469071022
 0.860000 -76.08078548833183
 0.870000 -78.5418643840305
 0.880000 -80.68700427453275
 0.890000 -82.59182215270906
 0.900000 -84.24282658666597
 0.910000 -85.57586741699556
 0.920000 -86.90352713240922
 0.930000 -87.62246911463232
 0.940000 -88.01507049958856
 0.950000 -88.16115705602981
 0.960000 -88.1270136390453
 0.970000 -88.08207721788064
 0.980000 -87.88891313317359
 0.990000 -87.6366700953815
 1.000000 -87.39262861423468
 1.010000 -86.63645395504562
 1.020000 -86.12848547663091
 1.030000 -85.9875489270708
 1.040000 -86.15912179167307
 1.050000 -86.53059257287099
 1.060000 -87.01602402165379
 1.070000 -87.59971515494625
 1.080000 -88.16567432960042
 1.090000 -89.11300903174075
 1.100000 -89.89893991009403
 1.110000 -89.93969262948363
 1.120000 -88.72965673611408
 1.130000 -94.03283378689336
 1.140000 -84.99947316845319
 1.150000 -103.78556111550142
