0.0 1.15 1.0
Linear 1 explicit
 0.000000 -4.303
 0.010000 -3.7570022846023585
 0.020000 -2.985878150835801
 0.030000 -2.7019624097298047
 0.040000 -2.0751003257568867
 0.050000 -1.195882229193145
 0.060000 -0.09009638081537982
 0.070000 0.9446545952511703
 0.080000 2.4672571036191493
 0.090000 3.9284973594298
 0.100000 4.933905049543381
 0.110000 4.741194773043999
 0.120000 4.308119871093905
 0.130000 3.6786926380016136
 0.140000 3.019010013828864
 0.150000 2.2122804364689843
 0.160000 2.320662800787986
 0.170000 1.3357279088417648
 0.180000 1.3305186451866275
 0.190000 0.7658983994347174
 0.200000 1.0131830305437048
 0.210000 1.2004784412455136
 0.220000 1.5586919902024572
 0.230000 1.7304349405793475
 0.240000 1.7467811097031365
 0.250000 1.7759988247593694
 0.260000 2.0707411707918575
 0.270000 2.736831453553724
 0.280000 2.590973542894894
 0.290000 2.9278682381956824
 0.300000 3.378763861994189
 0.310000 3.8587536929399415
 0.320000 4.196771091518882
 0.330000 4.544774471583169
 0.340000 4.859803015664425
 0.350000 4.559002364780209
 0.360000 4.090995626159809
 0.370000 3.37636336121755
 0.380000 2.5554360312240916
 0.390000 1.6691757825673905
 0.400000 0.6018475745983172
 0.410000 -0.5565540727150675
 0.420000 -1.6078254387012316
 0.430000 -2.568429764748047
 0.440000 -3.359552171934435
 0.450000 -4.157523623749915
 0.460000 -5.192392814141665
 0.470000 -5.957564747243854
 0.480000 -6.364869226730451
 0.490000 -6.9738965813803855
 0.500000 -7.397071573066363
 0.510000 -7.822815651073955
 0.520000 -8.639644894389273
 0.530000 -9.084404284708564
 0.540000 -9.094815608153379
 0.550000 -9.317457182854039
 0.560000 -9.439768939502626
 0.570000 -9.101861912468227
 0.580000 -8.60298328806877
 0.590000 -8.034058245757569
 0.600000 -8.529131254339218
 0.610000 -8.608721566811306
 0.620000 -8.040422947953253
 0.630000 -6.836605982042399
 0.640000 -5.0341619509482385
 0.650000 -1.987539537405334
 0.660000 0.6078110444798894
 0.670000 2.9783742711221284
 0.680000 5.2118904279026985
 0.690000 7.755430579717335
 0.700000 10.422859073840275
 0.710000 13.133683412258936
 0.720000 15.724319001341014
 0.730000 18.222782223171457
 0.740000 20.682340964780064
 0.750000 22.508176038517817
 0.760000 24.329832090562054
 0.770000 26.390098900378636
 0.780000 28.605615067404756
 0.790000 31.40872739914416
 0.800000 34.53270376994279
 0.810000 37.8434685612768
 0.820000 41.19913752136881
 0.830000 44.47443105969725
 0.840000 46.48198583687239
 0.850000 48.419889688041884
 0.860000 50.247212557118736
 0.870000 51.88535133437496
 0.880000 53.285167178393884
 0.890000 54.49556784011463
 0.900000 55.47150845444329
 0.910000 56.169056458015675
 0.920000 56.67657774389625
 0.930000 56.83018800831484
 0.940000 56.7924800076277
 0.950000 56.73963613759661
 0.960000 56.55828384878824
 0.970000 56.42358335502238
 0.980000 56.21481955601557
 0.990000 56.052988854891446
 1.000000 56.02252866426785
 1.010000 56.4295589866846
 1.020000 57.188589475418425
 1.030000 58.17660462845079
 1.040000 59.433193532651316
 1.050000 60.878502874730664
 1.060000 62.381241957714245
 1.070000 63.96368840938981
 1.080000 65.69077142057237
 1.090000 67.48167598561218
 1.100000 69.29158907810914
 1.110000 70.69307861374199
 1.120000 72.21211206567025
 1.130000 74.95445902273576
 1.140000 78.93393269900892
 1.150000 78.74920145893712
