0.0 1.15 1.0
Linear 1 explicit
 0.000000 -1.626
 0.010000 -3.681000509692706
 0.020000 -5.131815224049934
 0.030000 -6.274425746192158
 0.040000 -7.546000022165741
 0.050000 -8.483414408036568
 0.060000 -9.806687652340463
 0.070000 -11.009932212397636
 0.080000 -12.371494431144646
 0.090000 -13.714664278700232
 0.100000 -15.330205854416185
 0.110000 -16.66340826389483
 0.120000 -18.01585202295915
 0.130000 -19.222356452044306
 0.140000 -20.23291868687276
 0.150000 -21.29340419070157
 0.160000 -22.189614123370042
 0.170000 -23.315126385026936
 0.180000 -23.907721149491206
 0.190000 -24.5118236934711
 0.200000 -24.57620945706245
 0.210000 -25.010506090345515
 0.220000 -25.219628635671242
 0.230000 -25.727317380906303
 0.240000 -26.125626300021093
 0.250000 -26.451748476521
 0.260000 -26.742489444253273
 0.270000 -26.48484419754247
 0.280000 -26.727465700110628
 0.290000 -26.534335295535612
 0.300000 -26.760988919097098
 0.310000 -26.489074010078532
 0.320000 -26.725355598774588
 0.330000 -27.517629547803548
 0.340000 -27.523658559406385
 0.350000 -28.23471846652167
 0.360000 -29.209474957313393
 0.370000 -27.626264554000123
 0.380000 -26.25390192166985
 0.390000 -25.10280312440191
 0.400000 -24.367498965651784
 0.410000 -23.32263713052981
 0.420000 -22.2027902207114
 0.430000 -21.583720155680222
 0.440000 -22.099212418172304
 0.450000 -22.383908899935182
 0.460000 -22.42159906723854
 0.470000 -23.17034206243695
 0.480000 -24.001230405211828
 0.490000 -24.762474964823788
 0.500000 -25.39003641553437
 0.510000 -25.220599407232932
 0.520000 -25.4570614801562
 0.530000 -25.5894069653168
 0.540000 -26.289784486604265
 0.550000 -26.713318641051348
 0.560000 -26.67258474066912
 0.570000 -24.903384821390365
 0.580000 -22.7831625546709
 0.590000 -20.517542128995345
 0.600000 -18.338930933870166
 0.610000 -16.437843947399006
 0.620000 -14.822227388745588
 0.630000 -13.44940495950021
 0.640000 -12.330642022563797
 0.650000 -11.545629276286876
 0.660000 -10.971200946693198
 0.670000 -10.520469733629286
 0.680000 -10.187022839983868
 0.690000 -9.981502080393614
 0.700000 -9.880471364730118
 0.710000 -9.86321338972788
 0.720000 -9.748698222607098
 0.730000 -9.57752131680534
 0.740000 -9.427812593286337
 0.750000 -7.8392468004527585
 0.760000 -6.816073032040536
 0.770000 -6.080338809054421
 0.780000 -5.57912380527177
 0.790000 -5.318764909909808
 0.800000 -5.186524475502054
 0.810000 -5.03070616705783
 0.820000 -4.939436039102761
 0.830000 -4.978627735623049
 0.840000 -5.060167485137941
 0.850000 -5.360574996407419
 0.860000 -6.038856791077076
 0.870000 -7.058969094945346
 0.880000 -8.370359604839845
 0.890000 -9.951606992825026
 0.900000 -12.376798423026486
 0.910000 -14.441511819780311
 0.920000 -16.72389291696077
 0.930000 -19.463513323342532
 0.940000 -22.363692483460994
 0.950000 -24.974490233770613
 0.960000 -27.38696286634401
 0.970000 -29.720715106480238
 0.980000 -31.954378615889414
 0.990000 -34.073817192237485
 1.000000 -36.01148307644127
 1.010000 -37.749905302152264
 1.020000 -39.20298220971729
 1.030000 -40.41985189987092
 1.040000 -41.47140981163372
 1.050000 -42.39626277524874
 1.060000 -43.21012546097042
 1.070000 -43.50394610834877
 1.080000 -43.70919267109111
 1.090000 -43.95727049202707
 1.100000 -44.66210696781056
 1.110000 -45.60810792883696
 1.120000 -43.430723497870254
 1.130000 -41.24101780012517
 1.140000 -37.763086103769396
 1.150000 -36.096704051511715
