0.0 1.15 1.0
Linear 4 explicit
 0.000000 0.09634996214810491 0.9900217039157866 0.1028285493904358 71.13203462837271
 0.010000 0.0825679962846921 0.9925854919051236 0.08919959220195486 72.05407003948613
 0.020000 0.06596413177516271 0.9949030743441265 0.07626667673207123 72.17455393061567
 0.030000 0.051589103667161254 0.9965358860950729 0.06522876748434578 71.81298317812607
 0.040000 0.03859752777094287 0.9978170098430643 0.05358587237152619 72.172066045386
 0.050000 0.016245355164930565 0.999070752256032 0.03992142810736442 71.54689926267008
 0.060000 -0.0034917891460085663 0.9996428018658308 0.026496718407970018 71.85084411669654
 0.070000 -0.025066192961881874 0.9995973063641099 0.013300792458106992 71.21050152263058
 0.080000 -0.048818682594890445 0.9988072010405468 9.546618501622121E-4 71.43796764722998
 0.090000 -0.07526428100489992 0.9970846072750542 -0.012552845891123146 70.84069223996681
 0.100000 -0.10195206061939595 0.9944156775003998 -0.027262385751799668 70.21564947372093
 0.110000 -0.12514064917898762 0.9909204197642324 -0.049158311782842565 69.31426207545451
 0.120000 -0.14737574713489265 0.9864270978452033 -0.07240144883302925 68.46637155974581
 0.130000 -0.16855199079622865 0.9811520213988916 -0.09450363645647186 67.48520885595262
 0.140000 -0.18770015830120831 0.9752828358064121 -0.11658490792167081 66.5529603630706
 0.150000 -0.20548318474037466 0.9688637598151424 -0.13812919932374632 65.65186485876124
 0.160000 -0.22091769931942634 0.9630166061846219 -0.1542542911560787 66.09262471196766
 0.170000 -0.23003550076406418 0.9571304652648993 -0.17602539830951605 66.0962339846281
 0.180000 -0.24341471887754249 0.9500375851760959 -0.19539155914864723 65.91781875802792
 0.190000 -0.25658125155542694 0.9425664051184773 -0.21385657177716402 65.41905451809707
 0.200000 -0.2708452916722759 0.9346604243678187 -0.2303317587731417 64.97459600175301
 0.210000 -0.2850073021818166 0.9264540559965189 -0.2458733817041645 64.3846246374645
 0.220000 -0.2986988772376348 0.9179900628454093 -0.26090846144588314 63.87220500209175
 0.230000 -0.3104792843419097 0.9097695552222514 -0.2755394171171201 63.33534837885286
 0.240000 -0.3210403502956018 0.9011319926531589 -0.2913661361569399 62.790426020226974
 0.250000 -0.3303831782253213 0.8927305843496954 -0.3063968983400241 62.315607363530695
 0.260000 -0.33923877073840636 0.8855687076534968 -0.31730918746990344 62.0621703949658
 0.270000 -0.34871029550967475 0.87994660027777 -0.322637738749127 62.2434308368076
 0.280000 -0.356639888363741 0.8725862649310946 -0.3337681834469845 61.986399901292586
 0.290000 -0.3646289931003684 0.8669407161966106 -0.33979330774916594 62.08303919731828
 0.300000 -0.3732787882389008 0.8621027328411308 -0.3426978615030328 62.12762778020641
 0.310000 -0.38210479978203776 0.857087552160151 -0.34553849266854386 62.31101629594209
 0.320000 -0.38972335172004485 0.8528201783526392 -0.347582296037452 62.522475228475834
 0.330000 -0.39708042795983584 0.848696080927959 -0.3493452389095302 62.77630047211341
 0.340000 -0.4035962222326946 0.8448424252380698 -0.35121413114701666 63.17881483408635
 0.350000 -0.40451935418340135 0.8432609431630614 -0.35394218995026294 63.33213828500509
 0.360000 -0.4011489984276674 0.8443347240700467 -0.35521592699376137 63.45958924462497
 0.370000 -0.39362356214582445 0.8465503752609574 -0.35834753169118416 63.68549605818909
 0.380000 -0.38357925137556187 0.8497807089284912 -0.3615794582759846 64.00506078717244
 0.390000 -0.3720867209299028 0.8536075616728288 -0.36456220698613345 64.35669761899021
 0.400000 -0.35898025475737677 0.8573424023443531 -0.3689135153890977 65.15765336222893
 0.410000 -0.3456910763211349 0.8614412236591594 -0.37204394623827064 65.63721958663184
 0.420000 -0.33258543660574635 0.8656512503316462 -0.374212292899395 66.01868037725069
 0.430000 -0.31856231410977104 0.8705507479002523 -0.3750459270000661 66.31173485921553
 0.440000 -0.3052320189756685 0.8755522005643387 -0.3744886629512048 66.34542209919555
 0.450000 -0.29210197346178407 0.8801392176478581 -0.37420768920206254 66.23641964501233
 0.460000 -0.278493594944028 0.8845003436546159 -0.37429995945767625 66.06351561783481
 0.470000 -0.26538821166278687 0.8896077329536282 -0.3717084591175374 65.81528423856282
 0.480000 -0.2542278004025531 0.8947255423120072 -0.3671980792936754 65.47981070626281
 0.490000 -0.24252616629217896 0.8985536668466712 -0.3657627187946033 65.157390238191
 0.500000 -0.2343609325825192 0.9009217818133031 -0.3652600393327949 65.28756809221329
 0.510000 -0.2288642827415075 0.9014315192744714 -0.3674810963080054 65.8840195637707
 0.520000 -0.22159338681724985 0.9020900991940897 -0.3703104425409284 66.628437514809
 0.530000 -0.21687684263217544 0.9029618856014541 -0.37097744982810615 66.93832305183474
 0.540000 -0.2139148473110561 0.9036461307186149 -0.37103114227401934 66.91334097104632
 0.550000 -0.21077311869085597 0.9036198484788664 -0.3728885381348705 66.74781016340171
 0.560000 -0.20782539861795865 0.9034539101347283 -0.37493950972331097 66.84906953217305
 0.570000 -0.2069403710860347 0.90306325758894 -0.376367421023162 66.90113467478939
 0.580000 -0.20833840769766374 0.902026140539754 -0.37807929017728276 66.82837157831193
 0.590000 -0.21332887569504058 0.8974543677872744 -0.3860912437937871 67.08283749976361
 0.600000 -0.22774686618183143 0.8883749895024015 -0.39864927313487375 67.79291852132442
 0.610000 -0.2504169640276866 0.87415411389048 -0.4161080740570963 69.0500460519296
 0.620000 -0.2796889851345739 0.8555749104749332 -0.4356209868224924 70.63212567948875
 0.630000 -0.31458406749121554 0.8327078428201857 -0.4556693022208486 72.40859741382711
 0.640000 -0.3522186103389712 0.8062673206510882 -0.4752631462474227 74.38064298907396
 0.650000 -0.3960407431339218 0.7662307229729437 -0.5060061352891791 75.98328956369126
 0.660000 -0.43635551046052723 0.7224602181079901 -0.5363255557421144 77.77912340625761
 0.670000 -0.47140159137428217 0.6750184117481881 -0.567565576344045 79.7974166835304
 0.680000 -0.5008729867692553 0.6268053368882183 -0.5968595486153276 81.92228819825918
 0.690000 -0.5257784604018012 0.5807233952115392 -0.6215443257173974 84.09591496874963
 0.700000 -0.5469297202625873 0.5374955423399517 -0.6418461054319556 86.13608775768652
 0.710000 -0.5649336315354545 0.4969615079105643 -0.658695112791511 88.01136915205716
 0.720000 -0.5794001867328277 0.45952150660513597 -0.6731533321475207 89.8660859654721
 0.730000 -0.5912015349983714 0.42527900710894156 -0.6852871742036344 91.63936382296464
 0.740000 -0.6010849375243023 0.3937620260852825 -0.6954483192118729 93.25391426470136
 0.750000 -0.600156062607179 0.3705837233439761 -0.7088585222090253 93.61470085573771
 0.760000 -0.5971522716264477 0.34995339682847754 -0.7217629697758007 93.80161812847498
 0.770000 -0.5968424621988823 0.3335284802846001 -0.7297518949310244 93.6438845036952
 0.780000 -0.5981472767119539 0.3190892412617434 -0.73512032448646 93.24631318629172
 0.790000 -0.6046571216062747 0.30340077694498774 -0.7364358314476506 92.11271121069922
 0.800000 -0.6140204125674024 0.28695336731852905 -0.7352800132841328 90.64760388351115
 0.810000 -0.6253461375254743 0.2695081418501337 -0.7323302327218636 89.03998911623368
 0.820000 -0.6371204891611653 0.2517782285293547 -0.7284814382876599 87.29049274624765
 0.830000 -0.6485583333875103 0.2337847741398062 -0.7243733619991936 85.47864628957892
 0.840000 -0.6607236845866554 0.2044692042191075 -0.7222441118847829 83.54150089985606
 0.850000 -0.6719012286057788 0.17368365112389844 -0.7199880056850371 81.71476866989883
 0.860000 -0.6814239453387028 0.140829067373403 -0.7182120720941512 79.93078811181404
 0.870000 -0.6888152572355479 0.10605260176534365 -0.7171376346687763 78.35594054519603
 0.880000 -0.6937798720421596 0.07008661051271736 -0.7167686908452428 77.08372108233151
 0.890000 -0.696448797573567 0.03257048364762088 -0.7168669583355705 76.1196323304519
 0.900000 -0.6984064603179118 -0.0025615715134187454 -0.7156967615810392 75.26462259394043
 0.910000 -0.695804828736271 -0.040204141411068664 -0.7171047812702739 74.79407477577227
 0.920000 -0.6937107046325154 -0.0750938542782587 -0.716328396287551 74.54775420311014
 0.930000 -0.6889878849369463 -0.10674457867260717 -0.7168690880029078 74.41261024796604
 0.940000 -0.6828220180196023 -0.13629164930145474 -0.7177594848125152 74.42902118503994
 0.950000 -0.6747447559640224 -0.16692508003078413 -0.7189266526953695 74.96957738566316
 0.960000 -0.6669755029314156 -0.19384873531159988 -0.7194208408904197 75.88214139827774
 0.970000 -0.6607239088667756 -0.21409614353740503 -0.7194489263138972 76.43421360098898
 0.980000 -0.6544495934310153 -0.23128158156176273 -0.719864264766816 76.84784312302568
 0.990000 -0.6485924453530008 -0.24649973077742973 -0.7201150759133358 77.19143748356782
 1.000000 -0.6434089939431343 -0.26025509246446193 -0.7199251026040124 77.46807128665338
 1.010000 -0.639378991316535 -0.26577644159282254 -0.7214966310089794 77.62629706983492
 1.020000 -0.6378134616221455 -0.2711056791372613 -0.7208992293747445 77.50094122020195
 1.030000 -0.6378527793270136 -0.27872510844162623 -0.7179527462368313 77.2841954005455
 1.040000 -0.6386043442779992 -0.2890004485195262 -0.7132063041117762 77.05493945715307
 1.050000 -0.639646496597774 -0.30114595055387594 -0.7072223666253752 76.86798240742728
 1.060000 -0.6408737790815748 -0.31417356574989536 -0.7004111434505429 76.68902533094644
 1.070000 -0.6393005950629999 -0.3296647018215042 -0.6947056452376309 77.16905060310772
 1.080000 -0.6403697330299709 -0.34375081558482645 -0.6868493152095957 77.81178212563222
 1.090000 -0.6455803228414473 -0.35493886845700334 -0.6761985258919119 78.2267859187647
 1.100000 -0.6533175571639072 -0.36430266749160173 -0.6636714066161721 78.51477440235924
 1.110000 -0.6558172241222392 -0.37652878972040776 -0.6543163142214059 78.72807212763404
 1.120000 -0.6630219801665369 -0.38619480120587996 -0.6412920000573804 78.85973852146441
 1.130000 -0.6722126042767338 -0.4125603635843007 -0.614755366833573 80.3855164128791
 1.140000 -0.6880119926282326 -0.46339830610187166 -0.5584814302209563 83.04823962910349
 1.150000 -0.6954876161111397 -0.49869017227631235 -0.5173056039818879 85.00284922297205
