0.0 1.15 1.0
Linear 6 explicit
 0.000000 -30.615605178988073 -1432.0699428555408 445.3605822951503 20.43946730229896 -16.92141616495941 -1.0268469586168547
 0.010000 -512.9284089927921 -367.07966257603994 74.24058491134575 -62.749993738660045 -3.703809303050262 -15.451762751879839
 0.020000 6.886795632822885 -843.5428024689559 33.467370543744394 10.84657942182655 -69.72244861457035 -31.897280327580358
 0.030000 -199.7662400574861 -386.1362842513996 12.983307248800605 9.917927855485695 -54.417797623726116 -55.9091369950318
 0.040000 -212.10288248645801 -210.19235271190203 48.00749786157805 8.917085320481382 26.86521305821809 -67.9540787339987
 0.050000 5.696386626418801 -637.3441124854943 51.80693821521264 8.936758800968954 -49.645863991156716 -31.392943254668047
 0.060000 -230.54486951948778 -109.07333311965849 17.98905922701342 17.146277026978883 34.02767400669442 -72.25784239384274
 0.070000 -52.57220682947448 -418.68195204335115 36.73055806990912 21.73699576853293 -42.04026900035507 -51.68397475751593
 0.080000 -42.50842316063302 -402.38000517798486 30.550118673368512 24.994086502916026 46.90882569202042 -50.52239156509
 0.090000 -2.7016332314141756 -464.31613163150695 28.386753298665887 30.694057809132783 -29.114381194019533 -48.8602030054003
 0.100000 50.38703064977864 -456.35211720468254 9.56522730235116 36.35852572384269 -1.6483816361695516 -46.579374424909716
 0.110000 282.1803530722124 -202.10608667505718 23.606208585644147 38.623250252225375 0.9227267240470576 -85.8563813726617
 0.120000 157.82508882845184 -407.78254216824706 31.244309579374768 35.415165521561235 15.404255165113815 -29.79124386109051
 0.130000 179.6058145639991 -362.24451861253294 50.15325593219708 32.02889330868151 17.2836357756769 -26.339481521630244
 0.140000 149.20132319196756 -336.568204964861 83.66667573461449 27.910881512243563 18.594570570760382 -26.086706347270116
 0.150000 127.21768448596734 -306.1672699618899 101.94177443599403 23.74991192976937 17.601663610964266 -23.500468744655947
 0.160000 110.74032763483162 -284.9469961297265 120.85650722073036 20.469943001288893 81.78351729749936 -21.423316364875753
 0.170000 276.92398562703204 138.2937625413571 131.084009368287 36.22842998667225 -13.668651329238426 -82.13462666616034
 0.180000 139.48542455002112 -239.3360962177816 95.05975453877984 14.000821310793468 3.0573124037768364 -9.679274888886523
 0.190000 114.12162630608387 -217.30370992177998 73.16595477066505 16.256325383676675 6.2521411437252725 -14.907200552017432
 0.200000 90.47342529758815 -198.54347657870434 94.8647592243848 12.864024538398539 11.774997299523362 -15.363728632564214
 0.210000 79.67213239069739 -189.16989567167164 83.95358018026756 13.391881426388318 12.714499794811037 -15.440926558339953
 0.220000 68.38178951943873 -181.22406182260278 89.55934541951056 11.759432727140869 17.524538976529676 -15.14145662115572
 0.230000 82.61983983766329 -173.74177273663554 81.28144945974607 11.238192011927598 21.06493062626919 -12.861174141684623
 0.240000 90.28866033682628 -153.71639172919964 83.0569879374595 7.237038660660273 26.530605643086368 -10.653104488472914
 0.250000 123.7800647135072 -142.41653640300885 74.35963901432635 5.084807120763292 34.52905747762844 -6.510029076448378
 0.260000 152.3974097524268 -128.01018680147556 63.06484902114084 2.2095923871964396 40.75414992559577 -3.9019905223175337
 0.270000 165.62216689455812 -120.23808644382872 41.90655815891696 0.7950239181057606 57.05418333690846 -4.261333111552815
 0.280000 205.01861165473608 -136.5251829326416 6.399384504299364 4.253652069124059 42.433661261066455 -4.709595584693176
 0.290000 261.2273380166958 -118.32970132631874 1.1978760488343494 0.4771680780352217 61.54418477528231 -0.128700345446002
 0.300000 289.2198902654117 -124.19864890241348 -43.29940723948988 2.2840022052317255 61.619657942261085 -0.797217999487328
 0.310000 312.7796855682283 -124.67879908770834 -80.04219274366056 2.603027322395548 68.86271507735094 -4.067648387833742
 0.320000 368.70065589039876 -141.66078258335747 -126.42353735566098 6.224938737780088 76.18938479125707 -2.196296436141872
 0.330000 410.2846695300571 -140.71941747974162 -165.4824221989431 5.939146218457897 82.93504227576258 -2.2376388472505417
 0.340000 444.9448989594498 -144.36596692885274 -214.12872605884806 7.243357701160685 87.92679173636239 -3.1174531055269297
 0.350000 626.3704289191161 275.71652901813934 -271.38534062628116 40.776755029292865 80.95479715842788 -57.4985487234433
 0.360000 572.9515999407657 264.5965274719095 -237.7849249089588 31.281139920987535 78.40090968335684 -52.56971240901061
 0.370000 512.8428707800684 248.63527350928373 -195.9611872904878 22.827449032407003 71.69204674527582 -48.523497607359566
 0.380000 457.67063332374073 189.18539327138998 -164.14626622548948 19.12421722879052 66.44620342372437 -37.765288053874116
 0.390000 411.5225065406126 135.220024021226 -144.9245338867143 15.49100409462777 61.4129962716403 -28.82889777306547
 0.400000 368.19649626880636 87.52582935892924 -120.87928057352903 12.00744778814629 58.165619613134815 -21.154857035647918
 0.410000 379.9098323584648 64.3183876577303 -185.09127930883747 12.393596666891666 44.59865593147211 -12.572739515159654
 0.420000 308.5539295133435 57.440332615930956 -143.38931876480478 6.795593239464057 43.373339269747994 -11.363640481817407
 0.430000 257.2826973921045 28.77790514993349 -104.88022292589964 5.488557484660252 41.371055159372084 -7.935688032116767
 0.440000 281.33435063219605 17.62555228759099 -101.6692449241817 2.442634165876967 50.31364995623141 -3.905959917542859
 0.450000 334.3632832906648 13.094541429168151 -121.20530903099848 0.03785123035128779 66.78075453094971 -3.0000646883754243
 0.460000 400.8880999731778 -1.5846377408045706 -150.96058272144663 -0.900479457306224 83.38946687588871 1.5634157202227925
 0.470000 360.61000477639953 -6.696116628119627 -113.78267621379844 -5.199426751696247 82.11299263366925 5.882970169909814
 0.480000 289.80486390982566 -1.4366991794373996 -60.97134097472776 -11.12368477974986 76.55105659652364 4.737361273694445
 0.490000 236.31994852182044 -11.121828848119105 -18.39578653876755 -14.269443168520567 73.06574843659094 2.777954253354958
 0.500000 148.5212901991231 -102.4656381128562 -18.819908456542166 -23.39476068276507 68.1716238531047 20.23824638778395
 0.510000 143.01001826742362 -94.48582853301221 -81.03790158087506 -19.97907285072546 53.2865944338362 20.353618671667
 0.520000 118.53631427026816 -99.79768814738433 -140.83641999571157 -14.60672077495603 36.49584769892876 24.406470713341115
 0.530000 65.82038541833907 -28.868501927090257 -170.82311229168087 -20.37671190264913 21.630424572249346 23.230143114533554
 0.540000 -41.06149652509131 -36.49107038653433 -117.32539230848292 -22.14444071477919 19.264344002447398 18.332166310535012
 0.550000 -32.78801264215364 -38.28391409386735 -119.2863164125785 -23.056849957359205 33.53744410296323 18.253529131315517
 0.560000 -73.46383524681958 -25.870459889135883 -107.1348418519984 -27.838301005211196 36.26728070126085 21.87283394948108
 0.570000 -104.38217831211264 -12.74747203846808 -143.44087887523034 -30.287958490550178 27.223701530466368 25.07061543058874
 0.580000 -89.20179968818468 -32.030003636838124 -174.4229486923508 -27.52058464776157 35.883358891792334 29.71795949664447
 0.590000 831.1358889661808 1572.609482165193 -369.4394263327 -164.53606860986147 88.00359321262462 -212.64023085491885
 0.600000 1399.2577979740304 2931.2640481465787 -1366.5466782393764 -422.01283320327275 141.86849821818996 -276.75438022136143
 0.610000 1315.2492522127943 2719.356543536136 -1342.5117716801326 -385.94151974185195 116.4564126786402 -263.9581783256364
 0.620000 1214.684827020346 2576.2875473437184 -1426.7403421663466 -346.9150674173956 82.33085224557777 -251.11471402455692
 0.630000 1099.5416657007108 2444.486735366911 -1521.6356843905871 -303.903359586408 46.40033320494798 -243.322921837519
 0.640000 984.3510968628638 2237.234232141492 -1609.4934301050082 -247.52989151035365 9.61736024701963 -234.13199800917917
 0.650000 846.8194158184008 2033.555985665202 -1701.4379774395015 -190.5430471409864 -29.834351970438888 -217.42701853647839
 0.660000 768.1947000831927 1897.9061023193012 -1978.222467956335 -137.9836905760177 -46.76388192927102 -195.49211406218038
 0.670000 665.3649047222785 1691.8822750837612 -2086.3212382380534 -89.43555165837213 -74.20135229475378 -164.73861807681837
 0.680000 491.1113206882342 1421.7156172599707 -2108.0548938065817 -33.03077583955894 -95.87060290946512 -120.31453568581256
 0.690000 322.1330702205637 1154.5387734635724 -2088.1098093142677 17.251485242404087 -111.24099440705967 -76.04524108412227
 0.700000 134.71369716146936 917.1539690142073 -2042.373411199901 58.597462480372684 -126.02922111810004 -34.34424031053561
 0.710000 -9.659666593132203 734.3290486737587 -1962.9621361229965 91.06995711285381 -132.90218068281754 -2.238554002137808
 0.720000 -130.40187886679155 598.9403768705218 -1864.9914510366648 117.37428186524944 -134.91780154931593 23.60126968979169
 0.730000 -234.61527701795865 477.53358278157646 -1777.3920818930847 138.4349711926883 -133.58432015273596 49.24130906438669
 0.740000 -320.3625315329887 380.80501103373695 -1710.4528044382432 152.92757835016263 -133.71408717872723 72.0081853992398
 0.750000 -406.28828822581954 312.55423161276525 -1655.6558319835501 161.50301612018137 -132.17272561792956 91.2366416540775
 0.760000 -497.8044877288286 335.54201740304677 -1614.0497932547303 125.95109522896823 -100.1652361913211 110.10065204655555
 0.770000 -2159.641805991074 189.34451176000834 -684.1504719499162 162.00651539689846 142.85323989826884 272.88099706191554
 0.780000 -2127.4392829956273 504.23267239054474 -1420.6008256696327 116.84971014843056 108.63398729165456 254.42781827463176
 0.790000 -2129.1151245081282 549.545288638821 -1465.273988717825 108.61545530356449 92.76090376549705 309.04539832994857
 0.800000 -2060.303186839027 622.7113254579991 -1520.2094511138548 98.64865180152223 74.94900704333061 270.0980957184881
 0.810000 -2110.929249650486 367.8780984210477 -1365.1261196306323 49.16389039655273 82.85425267856226 260.58470893459616
 0.820000 -2056.6633658115684 465.66812169071653 -1411.383319893299 43.051552988386234 67.46899177188908 230.91064338179254
 0.830000 -2005.0110264420368 566.2042041065624 -1478.2468903186177 33.35550797907766 52.45666827756258 204.21854706930955
 0.840000 -1952.929831418849 622.7683526858631 -1578.5536339009805 23.881091499522107 35.20800533870822 183.82107975442213
 0.850000 -1806.2133280404742 495.05594550983056 -1743.059714572187 23.513105886026842 34.11420371014334 164.45295382397595
 0.860000 -1907.812246436651 32.168411887213836 -2224.9195543448022 4.164187993051861 -44.35616790770986 239.83313323983757
 0.870000 -1793.3401412018673 201.35002998261143 -2228.8990477155485 -0.7163224839385549 -41.55796990528712 208.35252497427118
 0.880000 -1679.836981393474 393.9647201396008 -2215.362291318501 -3.9007840935288947 -35.772989877838334 178.20990822680687
 0.890000 -1630.0801557549466 412.0793666377132 -2323.575800112294 -8.92851567806774 -50.995137092486424 182.64595209691907
 0.900000 -1527.497558429825 547.9275613657124 -2318.120749713558 -8.527465766078706 -45.22570531314904 163.49702965526086
 0.910000 -1480.466894801905 624.3366395035157 -2318.273686624735 -10.296055894858387 -44.61183377856689 150.4869157178429
 0.920000 -1449.41314661993 693.5268434510604 -2280.966012367732 -8.556979064573063 -28.457907757399994 147.30904206028146
 0.930000 -1445.8350649658182 718.566103440001 -2285.198382180897 -6.675452276089143 -25.632724134644263 144.7249911344747
 0.940000 -1458.0826671952536 727.6164586644998 -2260.412862274882 -11.075975180820581 -14.914352078272458 147.25933700735533
 0.950000 -1483.3581925222766 726.3100287368541 -2240.93023677091 -13.569739949349252 -3.6911587675932136 151.0174002218725
 0.960000 -1553.653976824755 463.2643340903058 -2433.6595715991302 -7.077625479245555 -6.797519769008808 180.9346298960916
 0.970000 -1508.2549992453082 462.6998523904572 -2406.13430289326 -2.186371679563898 -2.9996058362575777 191.0385609971242
 0.980000 -1497.7055137262792 460.8008297064179 -2389.575734931977 -10.59096918357886 -5.634773679691568 192.9351163639152
 0.990000 -1512.7240251298317 444.41115457371484 -2356.391791241678 -16.87971859611661 0.034800849661746014 197.4911983753954
 1.000000 -1537.072662855442 423.38969817437976 -2334.9980338566197 -21.265482217141614 5.9628719401825006 202.07166170247552
 1.010000 -1249.4953752058143 -483.002598366765 -2565.6250130412172 -13.400097193331286 -4.2529567885898665 262.46817840536113
 1.020000 -1319.5228296149853 -429.8662740501097 -2605.7058595238964 -28.182170241434765 -13.120056752235447 273.90752294266576
 1.030000 -1387.7678341903645 -347.3376743800653 -2622.539135052415 -33.59045742904779 -16.21779287586966 270.3510265216654
 1.040000 -1424.535187185706 -303.60092939815377 -2626.7752420432876 -33.924223224673014 -14.135444949896698 266.1862117551107
 1.050000 -1443.8087479805772 -286.92819532963074 -2631.9632449009896 -32.3011835244914 -11.884841225367651 264.3127662403252
 1.060000 -1449.5911110758898 -288.3127172297458 -2639.8723647675624 -29.977599831838226 -9.872005243083246 264.5854951506521
 1.070000 -1452.110882771843 -293.16160915149595 -2651.6273196475645 -27.959420834111537 -8.944333271875882 265.2305138178809
 1.080000 -1468.8004036156663 -342.0906389767363 -2592.1174468144054 -16.908752462371346 6.4235486873055105 283.16141686763353
 1.090000 -1414.379232904211 -318.08836702940596 -2632.472151164409 -4.696281175730099 -0.5895980542921766 288.4376675825527
 1.100000 -1370.4387603554687 -293.10897668588376 -2699.477877152363 5.468038707519931 -14.29714138561369 287.0176748302516
 1.110000 -1367.4082607344853 -296.33974155308636 -2752.9728662810194 15.344136252577844 -21.553528645371482 287.50104705964543
 1.120000 -1368.757131351556 -309.6878938513116 -2715.034903773097 13.07074708890174 -8.582648069407984 287.0267339831761
 1.130000 -1405.5466447035583 -286.74065842951075 -2825.825824855577 24.51303840976471 -20.112218132459827 283.7666933121489
 1.140000 -1437.6578414287997 -133.6685464530388 -2867.262042073129 101.3050913966434 15.099103907321584 268.9633767930287
 1.150000 -1540.2523895365136 192.64870179259657 -3189.3422418138007 235.11274712927104 56.797289428405826 212.1420902615731
