0.0 1.15 1.0
Linear 1 explicit
 0.000000 0.0
 0.010000 1.0000000000032334
 0.020000 -1.0000000000013436
 0.030000 0.9999999999769815
 0.040000 0.9999999999125255
 0.050000 0.9999999999352917
 0.060000 1.0000000000293912
 0.070000 1.0000000000713836
 0.080000 0.9999999999410102
 0.090000 1.000000000064198
 0.100000 1.0000000000150844
 0.110000 1.0000000000244027
 0.120000 0.9999999999577698
 0.130000 1.0000000000048075
 0.140000 1.0000000000435092
 0.150000 1.0000000000011535
 0.160000 1.0000000000547113
 0.170000 -0.9999999998998037
 0.180000 1.0000000000637617
 0.190000 0.999999999925727
 0.200000 1.0000000000829232
 0.210000 1.0000000000594307
 0.220000 0.9999999999709703
 0.230000 1.0000000000326834
 0.240000 0.9999999999513842
 0.250000 1.0000000000083367
 0.260000 0.9999999999382372
 0.270000 0.9999999997939636
 0.280000 0.999999999933563
 0.290000 0.9999999999609506
 0.300000 1.0000000000516545
 0.310000 1.0000000000171319
 0.320000 1.0000000000820872
 0.330000 1.0000000000005418
 0.340000 0.9999999997710977
 0.350000 1.0000000000809866
 0.360000 0.9999999999888403
 0.370000 0.999999999890578
 0.380000 1.0000000000378906
 0.390000 1.0000000001002949
 0.400000 1.0000000000066067
 0.410000 0.9999999999932049
 0.420000 1.0000000002205143
 0.430000 1.0000000001013536
 0.440000 0.9999999997810207
 0.450000 0.9999999998353398
 0.460000 1.0000000001350235
 0.470000 1.0000000002087253
 0.480000 0.999999999999609
 0.490000 0.999999999979349
 0.500000 0.9999999997960312
 0.510000 1.0000000003657328
 0.520000 1.0000000001071478
 0.530000 1.0000000000639935
 0.540000 1.0000000003364726
 0.550000 1.0000000001193543
 0.560000 0.9999999996982715
 0.570000 1.0000000000456257
 0.580000 0.9999999996917606
 0.590000 0.9999999998298492
 0.600000 0.9999999999292984
 0.610000 0.9999999998684448
 0.620000 1.0000000000312264
 0.630000 1.0000000002205194
 0.640000 0.999999999565306
 0.650000 1.0000000005435439
 0.660000 1.000000000528225
 0.670000 0.9999999992556726
 0.680000 0.9999999998669993
 0.690000 1.0000000001157188
 0.700000 0.9999999998651258
 0.710000 0.999999999947308
 0.720000 -1.0000000001786296
 0.730000 -0.9999999996941459
 0.740000 0.999999999623067
 0.750000 -0.9999999990888834
 0.760000 -1.0000000006177234
 0.770000 -1.0000000001786598
 0.780000 -1.000000000240761
 0.790000 -0.9999999999252607
 0.800000 -0.9999999996905267
 0.810000 -1.0000000001594658
 0.820000 -1.0000000003365876
 0.830000 -0.9999999998577568
 0.840000 -0.9999999999391829
 0.850000 1.00000000018074
 0.860000 0.9999999995508697
 0.870000 1.0000000004008884
 0.880000 1.0000000005073757
 0.890000 1.000000000488435
 0.900000 0.9999999998332554
 0.910000 1.0000000003158
 0.920000 0.9999999998737272
 0.930000 0.999999999921524
 0.940000 1.0000000001464313
 0.950000 -0.9999999999907994
 0.960000 1.000000000171797
 0.970000 0.9999999998381629
 0.980000 1.0000000006143257
 0.990000 0.9999999992164657
 1.000000 1.0000000000146296
 1.010000 0.9999999999375839
 1.020000 0.9999999996438409
 1.030000 1.00000000020951
 1.040000 0.9999999999439909
 1.050000 1.0000000002793314
 1.060000 0.9999999995442622
 1.070000 -0.9999999999695611
 1.080000 -1.0000000002345446
 1.090000 1.000000000459555
 1.100000 1.0000000003324372
 1.110000 0.9999999993544162
 1.120000 1.0000000002988445
 1.130000 1.000000000101644
 1.140000 1.0000000003398362
 1.150000 -1.0000000002287774
