0.0 1.15 1.0
Linear 1 explicit
 0.000000 0.0
 0.010000 -1.0000000000194287
 0.020000 -0.9999999999807779
 0.030000 -0.9999999999859638
 0.040000 -1.0000000000023592
 0.050000 -1.0000000000252058
 0.060000 -1.0000000000098692
 0.070000 -1.0000000000109588
 0.080000 -1.0000000000093865
 0.090000 -1.0000000000082951
 0.100000 -1.000000000002574
 0.110000 0.9999999999976685
 0.120000 1.0000000000363183
 0.130000 -0.9999999999976841
 0.140000 0.9999999999583471
 0.150000 0.09002286116852168
 0.160000 -0.9999999999635646
 0.170000 0.9999999999441461
 0.180000 0.09190286422546998
 0.190000 0.9999999999915962
 0.200000 0.09242657897608719
 0.210000 0.00955418643117355
 0.220000 1.0000000000194187
 0.230000 0.09194515770230079
 0.240000 0.00796300537176299
 0.250000 0.001331951163809083
 0.260000 1.0000000000003795
 0.270000 0.09035415887298129
 0.280000 1.0000000000043008
 0.290000 0.09182856166934214
 0.300000 0.009024560503095184
 0.310000 3.3244808276090967E-4
 0.320000 7.676710731888051E-4
 0.330000 -3.4793902338287123E-4
 0.340000 -8.220314656799874E-4
 0.350000 -7.305971927349876E-4
 0.360000 -0.9999999999902538
 0.370000 -0.09233634628489862
 0.380000 -1.0000000000992542
 0.390000 -0.999999999874826
 0.400000 -0.999999999972111
 0.410000 -0.09015238204140748
 0.420000 -0.008981442874989556
 0.430000 1.0000000000538178
 0.440000 0.9999999999060535
 0.450000 1.0000000001127556
 0.460000 1.0000000000639075
 0.470000 0.09121310697386623
 0.480000 -1.0000000000439908
 0.490000 -0.09036015474815325
 0.500000 -1.000000000117723
 0.510000 -0.9999999998930976
 0.520000 0.9999999999497962
 0.530000 -1.0000000001208424
 0.540000 -1.0000000000663332
 0.550000 -0.9999999998871962
 0.560000 -1.0000000000583378
 0.570000 -1.00000000005569
 0.580000 -1.0000000002661285
 0.590000 -0.9999999999246206
 0.600000 -1.0000000000034035
 0.610000 -0.9999999999668981
 0.620000 -0.9999999999136268
 0.630000 -0.9999999998793623
 0.640000 -0.9999999999343983
 0.650000 -0.9999999999060697
 0.660000 -0.9999999998998281
 0.670000 -0.9999999999468793
 0.680000 -1.000000000030827
 0.690000 -0.999999999863598
 0.700000 -0.9999999998476832
 0.710000 -0.99999999986948
 0.720000 -1.000000000004692
 0.730000 -1.000000000152314
 0.740000 -1.0000000000222864
 0.750000 -0.9999999999670786
 0.760000 -0.9999999998756748
 0.770000 -0.9999999997551877
 0.780000 -0.9999999999689508
 0.790000 -1.000000000174522
 0.800000 -1.0000000000099525
 0.810000 -1.0000000001637628
 0.820000 -1.0000000001377831
 0.830000 -0.9999999998796888
 0.840000 -0.9999999996286273
 0.850000 -1.0000000000389024
 0.860000 -0.999999999807459
 0.870000 -1.00000000019553
 0.880000 -1.0000000001061295
 0.890000 -1.0000000000491867
 0.900000 -1.0000000001119496
 0.910000 -1.0000000000285818
 0.920000 -1.0000000001653706
 0.930000 -1.0000000001077045
 0.940000 -1.0000000000616571
 0.950000 -0.9999999999394119
 0.960000 -1.0000000000563578
 0.970000 -1.0000000000962612
 0.980000 -0.9999999998828648
 0.990000 -0.9999999998271358
 1.000000 -1.000000000139142
 1.010000 -0.9999999999596401
 1.020000 -0.999999999779665
 1.030000 -0.999999999871242
 1.040000 -1.0000000001122502
 1.050000 -1.00000000005953
 1.060000 -0.9999999998570801
 1.070000 -1.000000000031597
 1.080000 -0.9999999999834431
 1.090000 -1.0000000001236349
 1.100000 -1.0000000000892497
 1.110000 -0.999999999916534
 1.120000 -1.0000000001924436
 1.130000 -0.999999999738174
 1.140000 -0.9999999999728516
 1.150000 -1.0000000000755613
