0.0 1.15 1.0
Linear 1 explicit
 0.000000 0.0
 0.010000 -0.9999999980820493
 0.020000 -1.0000000020788709
 0.030000 -1.0000000037579921
 0.040000 -0.9999999995894269
 0.050000 -1.000000002463965
 0.060000 -0.9999999977893297
 0.070000 -0.9999999981336264
 0.080000 -0.999999997040776
 0.090000 -0.9999999955503753
 0.100000 -0.9999999967154208
 0.110000 -0.9999999960704895
 0.120000 -1.0000000071599386
 0.130000 -0.999999998181633
 0.140000 -0.9999999913315611
 0.150000 -1.0000000007753784
 0.160000 -1.0000000066951211
 0.170000 -0.9999999948406062
 0.180000 -0.9999999977229584
 0.190000 -1.0000000029713512
 0.200000 -0.9999999988474327
 0.210000 -1.0000000009961925
 0.220000 -1.0000000020260884
 0.230000 -0.9999999975690649
 0.240000 -1.0000000041742008
 0.250000 -1.0000000090087344
 0.260000 -0.9999999978444696
 0.270000 -0.9999999934191917
 0.280000 -0.9999999944688928
 0.290000 -1.0000000093655286
 0.300000 -0.9999999910302964
 0.310000 -1.0000000054731835
 0.320000 -1.000000005699921
 0.330000 -0.9999999991394449
 0.340000 -1.0000000097623312
 0.350000 -0.9999999953823296
 0.360000 -1.0000000069916277
 0.370000 -0.9999999958799567
 0.380000 -0.9999999715634764
 0.390000 -1.0000000109911356
 0.400000 -1.0000000037870171
 0.410000 -0.9999999753193394
 0.420000 -1.0000000261453836
 0.430000 -1.000000009652218
 0.440000 -1.0000000020063484
 0.450000 -1.000000017275763
 0.460000 -0.9999999908575338
 0.470000 -0.9999999870050158
 0.480000 -1.0000000041908363
 0.490000 -0.9999999823108651
 0.500000 -0.999999977564808
 0.510000 -0.9999999974564635
 0.520000 -0.9999999865825909
 0.530000 -0.9999999809668146
 0.540000 -1.0000000073924726
 0.550000 -1.0000000286671786
 0.560000 -1.0000000014654131
 0.570000 -0.9999999819437531
 0.580000 -1.0000000030782585
 0.590000 -1.0000000027166729
 0.600000 -1.000000015171375
 0.610000 -0.9999999819390217
 0.620000 -1.0000000000815006
 0.630000 -1.0000000021701805
 0.640000 -1.0000000061087941
 0.650000 -1.0000000000087756
 0.660000 -1.0000000174967405
 0.670000 -1.0000000039887758
 0.680000 -0.9999999759342538
 0.690000 -1.0000000090527383
 0.700000 -1.0000000158749183
 0.710000 -1.0000000097144868
 0.720000 -1.000000006622944
 0.730000 -0.999999964842595
 0.740000 -0.9999999545736946
 0.750000 -0.9999999928873816
 0.760000 -1.0000000155806739
 0.770000 -1.0000000404355347
 0.780000 -1.000000013566154
 0.790000 -0.9999999677064757
 0.800000 -1.0000000268435991
 0.810000 -0.9999999624061894
 0.820000 -0.9999999959775792
 0.830000 -1.000000001700501
 0.840000 -1.0000000346913858
 0.850000 -0.9999999950582669
 0.860000 -1.0000000504378164
 0.870000 -0.9999999726262002
 0.880000 -0.9999999927347859
 0.890000 -1.0000000162214504
 0.900000 -0.9999999651940588
 0.910000 -1.0000000053602678
 0.920000 -1.0000000089692054
 0.930000 -1.0000000064286756
 0.940000 -1.0000000013622445
 0.950000 -1.0000000145138488
 0.960000 -0.999999991185763
 0.970000 -0.9999999621533475
 0.980000 -1.0000000281802703
 0.990000 -1.0000000253191097
 1.000000 -0.999999964538958
 1.010000 -1.000000038749248
 1.020000 -1.0000000396683073
 1.030000 -1.0000000242029246
 1.040000 -0.9999999829457059
 1.050000 -1.0000000069400645
 1.060000 -1.0000000103861997
 1.070000 -1.000000037231128
 1.080000 -0.9999999969814938
 1.090000 -1.0000000073522826
 1.100000 -0.9999999869695264
 1.110000 -1.0000000059926386
 1.120000 -0.9999999975341898
 1.130000 -1.00000002221386
 1.140000 -1.000000027170856
 1.150000 -1.0000000186028688
