0.0 1.15 1.0
Linear 1 explicit
 0.000000 0.0
 0.010000 -1.0000000000691
 0.020000 -1.0000000000122287
 0.030000 -1.0000000000282976
 0.040000 -1.0000000000294482
 0.050000 -1.0000000000375715
 0.060000 -1.0000000000550189
 0.070000 -0.9999999998912138
 0.080000 -0.9999999999742514
 0.090000 -0.9999999999404662
 0.100000 -1.0000000000365485
 0.110000 -0.9999999999339934
 0.120000 -1.0000000000030018
 0.130000 -1.0000000000514682
 0.140000 -1.0000000000171836
 0.150000 -1.0000000000305045
 0.160000 -1.0000000002043574
 0.170000 -1.0000000000366651
 0.180000 -1.0000000000072036
 0.190000 -1.0000000000050233
 0.200000 -0.9999999999404947
 0.210000 -0.999999999877958
 0.220000 -1.0000000000493947
 0.230000 -0.9999999998306786
 0.240000 -0.9999999998701207
 0.250000 -1.0000000002699758
 0.260000 -1.000000000089747
 0.270000 -0.9999999998860064
 0.280000 -0.9999999999922714
 0.290000 -0.9999999995906931
 0.300000 -0.9999999997962983
 0.310000 -1.0000000001860478
 0.320000 -0.9999999995945872
 0.330000 -1.0000000000896314
 0.340000 -1.000000000077594
 0.350000 -0.999999999957119
 0.360000 -1.0000000004069443
 0.370000 -0.9999999996498204
 0.380000 -1.00000000007241
 0.390000 -0.9999999996479131
 0.400000 -1.00000000014705
 0.410000 -1.0000000000771563
 0.420000 -1.0000000003838407
 0.430000 -1.0000000003905216
 0.440000 -0.9999999996859462
 0.450000 -1.0000000001132614
 0.460000 -0.9999999998978176
 0.470000 -0.9999999998870396
 0.480000 -0.9999999995461956
 0.490000 -0.9999999999618898
 0.500000 -0.9999999997646497
 0.510000 -1.0000000002448417
 0.520000 -0.9999999999126203
 0.530000 -1.00000000030362
 0.540000 -0.999999999926516
 0.550000 -0.9999999994885013
 0.560000 -1.000000000349118
 0.570000 -0.9999999996947483
 0.580000 -1.0000000001554281
 0.590000 -1.00000000029129
 0.600000 -0.9999999998727984
 0.610000 -1.000000000199577
 0.620000 -0.9999999997900795
 0.630000 -0.9999999993830853
 0.640000 -1.0000000005967253
 0.650000 -1.0000000000852423
 0.660000 -1.000000000515396
 0.670000 -1.000000000088209
 0.680000 -0.9999999992371388
 0.690000 -0.999999999615711
 0.700000 -0.9999999993824036
 0.710000 -0.9999999999699074
 0.720000 -0.999999999461397
 0.730000 -1.0000000005592162
 0.740000 -1.0000000003740595
 0.750000 -0.9999999993949151
 0.760000 -1.0000000005707617
 0.770000 -1.000000000030695
 0.780000 -0.9999999995074308
 0.790000 -1.0000000002740872
 0.800000 -1.000000000676202
 0.810000 -0.9999999992778542
 0.820000 -1.0000000005774479
 0.830000 -0.9999999998275019
 0.840000 -1.0000000004303402
 0.850000 -1.0000000002397
 0.860000 -1.0000000001523757
 0.870000 -1.0000000005763812
 0.880000 -1.0000000005139238
 0.890000 -0.9999999998429491
 0.900000 -0.9999999995618334
 0.910000 -0.9999999994246146
 0.920000 -0.9999999998233636
 0.930000 -0.9999999995530645
 0.940000 -1.0000000007130954
 0.950000 -0.9999999990071359
 0.960000 -1.0000000003206135
 0.970000 -1.0000000000117633
 0.980000 -1.000000000882579
 0.990000 -1.0000000004307446
 1.000000 -0.9999999999412116
 1.010000 -1.0000000007110845
 1.020000 -0.9999999997438025
 1.030000 -1.0000000001767155
 1.040000 -0.9999999993495801
 1.050000 -0.9999999994554266
 1.060000 -1.0000000009356016
 1.070000 -0.99999999945203
 1.080000 -1.000000000469779
 1.090000 -0.999999999921676
 1.100000 -0.9999999991431651
 1.110000 -0.9999999999788016
 1.120000 -1.0000000001590719
 1.130000 -1.0000000000873912
 1.140000 -1.0000000002358829
 1.150000 -1.0000000006939216
