0.0 1.15 1.0
Linear 1 explicit
 0.000000 0.0
 0.010000 -1.0000000000730214
 0.020000 1.0000000000687388
 0.030000 -0.9999999995988775
 0.040000 -0.999999999583587
 0.050000 -1.0000000005659964
 0.060000 -1.0000000002182372
 0.070000 -1.0000000003429432
 0.080000 -1.000000000093895
 0.090000 -1.0000000007135925
 0.100000 -1.000000000645701
 0.110000 -1.0000000001066003
 0.120000 -0.9999999996416887
 0.130000 -1.000000000530961
 0.140000 -1.0000000012121983
 0.150000 -1.0000000010619041
 0.160000 -0.9999999992603819
 0.170000 1.0000000002903444
 0.180000 1.0000000000688232
 0.190000 1.0000000003575231
 0.200000 0.9999999997603242
 0.210000 0.9999999995420346
 0.220000 0.9999999994561203
 0.230000 0.9999999985407171
 0.240000 1.0000000000525187
 0.250000 1.0000000010471606
 0.260000 1.000000001487993
 0.270000 0.9999999984008355
 0.280000 0.9999999998200944
 0.290000 1.0000000027692166
 0.300000 0.9999999996438046
 0.310000 1.0000000021445707
 0.320000 1.0000000005633554
 0.330000 1.0000000013857935
 0.340000 1.0000000026244544
 0.350000 1.000000000531771
 0.360000 1.000000001866537
 0.370000 1.0000000026240936
 0.380000 0.9999999992449174
 0.390000 1.0000000009980619
 0.400000 0.9999999984153344
 0.410000 0.9999999976912036
 0.420000 1.0000000012717252
 0.430000 1.0000000023791193
 0.440000 0.9999999940524704
 0.450000 1.0000000014817145
 0.460000 1.0000000025964393
 0.470000 0.9999999989191732
 0.480000 0.9999999986419862
 0.490000 0.9999999956391861
 0.500000 0.9999999985862659
 0.510000 1.000000000828586
 0.520000 1.000000000770082
 0.530000 0.9999999981605548
 0.540000 0.9999999988573252
 0.550000 1.0000000062451546
 0.560000 0.9999999967978269
 0.570000 1.0000000005622183
 0.580000 0.9999999950380983
 0.590000 1.000000002444123
 0.600000 0.999999997734036
 0.610000 1.0000000002930869
 0.620000 1.000000004040759
 0.630000 0.99999999987333
 0.640000 1.0000000024007456
 0.650000 1.0000000013719543
 0.660000 1.0000000037968846
 0.670000 1.000000003320864
 0.680000 1.0000000035223433
 0.690000 1.0000000074777908
 0.700000 1.0000000058163536
 0.710000 1.0000000082003524
 0.720000 1.0000000020019242
 0.730000 0.9999999926978058
 0.740000 0.9999999968452978
 0.750000 1.0000000051385913
 0.760000 1.0000000022114284
 0.770000 1.0000000002974208
 0.780000 1.0000000009528969
 0.790000 0.9999999962217052
 0.800000 0.9999999988244818
 0.810000 1.0000000025214542
 0.820000 0.9999999965704203
 0.830000 1.00000000645397
 0.840000 1.0000000057423493
 0.850000 1.0000000066674064
 0.860000 1.0000000004372938
 0.870000 0.9999999944336052
 0.880000 0.9999999927694079
 0.890000 0.9999999991421341
 0.900000 0.9999999988756463
 0.910000 1.0000000008003587
 0.920000 0.9999999971295512
 0.930000 0.9999999951807274
 0.940000 1.0000000002273945
 0.950000 1.000000005431626
 0.960000 0.9999999977143105
 0.970000 0.9999999944238029
 0.980000 -0.9999999912931736
 0.990000 -0.9999999951426678
 1.000000 -1.0000000070031636
 1.010000 -0.9999999955002403
 1.020000 -0.9999999911149817
 1.030000 -0.9999999921180803
 1.040000 -0.9999999999977865
 1.050000 -1.000000008189003
 1.060000 -0.9999999925746584
 1.070000 -0.999999998856886
 1.080000 -0.9999999990348651
 1.090000 -1.0000000039017667
 1.100000 -1.0000000007705667
 1.110000 -1.0000000070731656
 1.120000 -1.0000000006797258
 1.130000 -0.9999999917695095
 1.140000 -0.9999999958233501
 1.150000 -1.0000000003985647
