0.0 1.15 1.0
Linear 1 explicit
 0.000000 0.0
 0.010000 0.9999999998222673
 0.020000 -1.0000000003253213
 0.030000 1.0000000002184748
 0.040000 1.0000000003478882
 0.050000 -1.0000000002250122
 0.060000 1.0000000005086895
 0.070000 0.999999999014614
 0.080000 0.999999999350074
 0.090000 -0.9999999995388126
 0.100000 -1.0000000002179597
 0.110000 -0.9999999998220028
 0.120000 -1.0000000001693932
 0.130000 -1.0000000001949145
 0.140000 -0.999999999652526
 0.150000 -1.0000000001098133
 0.160000 1.0000000006883805
 0.170000 -1.00000000080819
 0.180000 -0.9999999996917192
 0.190000 -1.0000000004696592
 0.200000 1.0000000000729148
 0.210000 -1.0000000000529745
 0.220000 -0.999999999946982
 0.230000 -1.0000000001765874
 0.240000 -0.9999999996514525
 0.250000 -1.0000000000314224
 0.260000 -1.0000000002257394
 0.270000 0.9999999996840909
 0.280000 -0.9999999993516336
 0.290000 -1.0000000002494214
 0.300000 1.0000000005818266
 0.310000 1.0000000004951033
 0.320000 1.0000000001521767
 0.330000 -1.00000000029121
 0.340000 -0.9999999989721725
 0.350000 -1.000000000271417
 0.360000 -0.9999999997642468
 0.370000 -1.0000000019805002
 0.380000 -1.0000000024263411
 0.390000 -0.999999999431792
 0.400000 -1.0000000000085256
 0.410000 -1.0000000004360734
 0.420000 -1.0000000015472672
 0.430000 -0.9999999966669484
 0.440000 -0.9999999999574415
 0.450000 -0.9999999980977292
 0.460000 -0.9999999996508356
 0.470000 -0.999999998786288
 0.480000 -0.9999999963147763
 0.490000 -0.9999999992315691
 0.500000 -1.000000001020247
 0.510000 -1.0000000000975657
 0.520000 -1.0000000010612038
 0.530000 -1.0000000055594902
 0.540000 -1.000000003696935
 0.550000 -1.0000000025073903
 0.560000 -1.0000000028553782
 0.570000 -1.0000000016344581
 0.580000 -1.000000001510176
 0.590000 -0.9999999989408483
 0.600000 -0.9999999972520519
 0.610000 -0.9999999979629646
 0.620000 -1.0000000020344966
 0.630000 -1.0000000002921334
 0.640000 -1.0000000026707176
 0.650000 -1.000000001349315
 0.660000 -0.9999999983755238
 0.670000 -0.9999999986354834
 0.680000 -0.9999999989122705
 0.690000 -0.9999999962222587
 0.700000 -1.0000000029093894
 0.710000 -0.9999999939788691
 0.720000 -1.0000000091265047
 0.730000 -1.0000000010207228
 0.740000 -0.9999999977752283
 0.750000 -0.9999999982457911
 0.760000 -0.9999999969662895
 0.770000 -0.9999999963082281
 0.780000 -1.0000000008082053
 0.790000 -1.000000001576119
 0.800000 -1.000000001332628
 0.810000 -1.00000000019554
 0.820000 -0.9999999995871957
 0.830000 -0.9999999991565068
 0.840000 -1.0000000021937576
 0.850000 -1.0000000022851212
 0.860000 -0.9999999935834938
 0.870000 -1.0000000007373857
 0.880000 -1.0000000042109605
 0.890000 -0.9999999924516415
 0.900000 -0.9999999962348373
 0.910000 -0.9999999978038063
 0.920000 -1.0000000001993599
 0.930000 -0.9999999964798388
 0.940000 -1.0000000020013857
 0.950000 -0.9999999948051652
 0.960000 -0.9999999989336289
 0.970000 -0.9999999998884768
 0.980000 -0.9999999997507474
 0.990000 -0.999999996214518
 1.000000 -1.0000000047752513
 1.010000 -1.0000000035639716
 1.020000 -1.000000001422306
 1.030000 -0.999999998464731
 1.040000 -0.9999999986684918
 1.050000 -1.0000000004805116
 1.060000 -0.9999999988977133
 1.070000 -1.0000000025128526
 1.080000 -0.9999999962936991
 1.090000 -1.000000002942652
 1.100000 -1.0000000030321914
 1.110000 -0.9999999969526399
 1.120000 -0.9999999987689643
 1.130000 -0.9999999982280222
 1.140000 -0.9999999991379631
 1.150000 -0.9999999999177378
