0.0 1.15 1.0
Linear 6 explicit
 0.000000 1069.9386537136065 -5315.124315080203 1252.4396515474168 -172.08263662594547 -6.57900706854036 73.22404808258597
 0.010000 1069.5834222709627 -5605.739168152107 1079.8473873163784 -153.21148950193694 4.935958651899031 58.524608094509354
 0.020000 700.1331448090747 -3398.2197766848044 648.94402256347 -58.93268295315941 -4.097468036414232 25.884062697312615
 0.030000 547.6025096462502 -2608.2875230728896 492.43506712493837 -63.18120295786735 26.568472208336367 29.67289761109625
 0.040000 515.6108844825717 -1950.9192795504841 588.1000737839177 -93.60767991665132 27.60091223920891 85.97322075400206
 0.050000 411.7074240905477 -2003.5379263377417 399.1520696104463 -11.429941463138826 -28.659638352207093 44.33894254292774
 0.060000 440.8712914548292 -1579.191485378786 614.3146379411767 -104.61980540416687 28.049887930102102 95.06562422847024
 0.070000 359.047373288237 -1546.7530801885794 634.7444373409916 -90.1488885041055 -9.945203599783843 60.47736546624882
 0.080000 341.9430268333246 -1806.0125546966187 394.5165457241276 -31.77949236918739 -2.407299229853445 44.851472853442445
 0.090000 346.1426162456781 -1737.806164691534 404.09033315943833 -32.139335224582084 -28.84410698276171 38.65953073692667
 0.100000 347.2131020188542 -1665.5266457950484 393.3174537323246 -24.836243439538027 -17.719972779134405 40.624098179945705
 0.110000 191.6122871238584 -1455.017001103068 408.03298973231114 -8.219201682743877 -15.610928070329328 -6.53583155722436
 0.120000 166.194189782572 -1590.1475856052193 407.7381373944574 -12.481059822528511 20.983794565712703 8.176971323946967
 0.130000 105.26500301133984 -1466.596289283352 399.562392217669 1.6040334811376 -0.5824805193629603 -27.328540076239964
 0.140000 218.5660902102684 -1429.3787728836892 402.7131286748121 10.436603755704537 -5.425808952370578 -4.630468833879419
 0.150000 278.0113343429593 -1396.1101331250213 430.3436035567153 3.9949171995146573 -6.091960343955786 7.3770591506839915
 0.160000 300.7907458891993 -1362.14063295877 438.4050525213312 8.778043312637536 13.595251194992665 12.01622415981144
 0.170000 355.9324143262969 -1010.294096620009 656.2117611928475 -69.8120020442371 -20.92867775295504 26.53316091096505
 0.180000 159.3167130763587 -1282.9852941231984 377.6110649421868 37.83731716659758 27.007432975215075 -7.5282305971175445
 0.190000 154.02611470841356 -1233.7958147865713 391.4817778456094 28.076806138290376 6.3498661066176725 -22.029839326131544
 0.200000 202.17663741997313 -1154.0125359250503 403.8955828235874 35.484224187325424 20.381826016327143 -16.32045714818288
 0.210000 191.49097590118916 -1161.7410805441045 421.469320510707 19.94779483590673 0.5214557088226379 -25.9533149748851
 0.220000 231.25487042802587 -1075.6222602990833 435.79325354350385 30.776700736805253 -1.2740319886734646 -13.29285507415258
 0.230000 228.34516089159152 -1079.665517713257 457.12151061446554 19.86458073028727 0.7341274864594147 -15.314885862859514
 0.240000 248.08854617077986 -1031.807486429761 463.1390073350528 28.0132946601304 -1.122330693440224 -10.330910195926927
 0.250000 242.3136009264314 -1029.4868234312426 468.9053804912047 24.84519643968714 0.1515022711480254 -14.103917758877694
 0.260000 232.33215133019672 -1007.509707551917 476.62328480236533 22.309631173413173 0.5438182189202974 -18.833559941853398
 0.270000 231.18197465417794 -990.3571504947568 492.7361544248361 15.845890322636633 20.4253906978291 -19.49737439262547
 0.280000 225.78762037533556 -1055.6022462939948 533.0428968641597 -17.2041584442497 -3.836863391228152 -27.08652118105316
 0.290000 251.4598785665048 -928.4911264997302 532.5290418996254 -1.9691715534740994 -2.5501243940511555 -15.738119096268305
 0.300000 261.06644900093346 -1079.566665909297 570.2102364698571 -31.82475836246318 20.732340343990458 -8.949776070920725
 0.310000 291.30551591234575 -955.8826619912539 591.5865632108911 -28.875164927116153 15.3614034245672 1.5290925595447358
 0.320000 297.87959211867866 -1077.6821117999284 625.8648872076392 -61.63352764251469 14.16775933275796 3.2023651379999505
 0.330000 326.968997399164 -998.5250585435047 630.6833253840442 -60.286870781896 -7.820225516677676 10.580365827129123
 0.340000 352.60462533015243 -969.8611858876208 619.8587621062005 -53.38851794277572 -6.577653033665802 17.25370306580793
 0.350000 369.7436227027703 -1010.4452683863203 697.1229530962761 -96.95535805920956 -9.45980750225956 24.189722988696534
 0.360000 406.5291517780482 -941.2667508748877 671.0930150850168 -81.42116774215043 -11.873643172198507 32.81612382617898
 0.370000 446.26244383019775 -907.2753235209241 667.9840126698911 -81.5161242630628 -14.412275958013408 38.1216908024449
 0.380000 461.2375199648676 -878.7930758531564 585.3336137118397 -142.17781400768854 -26.57603465993302 76.21381331813663
 0.390000 437.89521394493784 -934.0024480005227 525.3348169501796 -131.60376704662232 -26.037070892521427 73.3947041545781
 0.400000 440.80326832312284 -1029.2754267186522 479.3897684737026 -123.57746274741022 -26.359554267470603 71.96333440885086
 0.410000 336.9508165657695 -1115.5887215046234 493.408592862965 -109.15031630020212 15.6706952348808 79.12800509715005
 0.420000 376.73246613568654 -1165.4708626880772 452.85505032893167 -120.22500525519881 -18.291716219650308 60.88928241177562
 0.430000 383.0271630472972 -1230.410819829815 446.3554205686904 -127.13379100203635 -25.232619247799317 61.84531175414646
 0.440000 375.4803658915088 -1252.84855974521 500.7300053329552 -123.01199977118985 -21.74440046461164 53.737306256506855
 0.450000 382.28600798062826 -1261.6449738474244 503.65789019525664 -87.26197809727826 -17.5369699122724 38.36581688441064
 0.460000 398.95531803021265 -1292.4275676343284 508.89047085587623 -95.94759176262538 -18.355890311376502 40.09147804744382
 0.470000 410.47719296591157 -1311.3678496294838 507.7560766673538 -107.02166108046409 -19.846053760725805 42.89870438808212
 0.480000 428.60193196971767 -1283.2688686713682 482.73163442559803 -80.76359645441865 -17.791176697226533 35.40530012542804
 0.490000 442.10773341310363 -1268.2916539804194 464.88276693393703 -73.68333997010824 -17.57946407454009 34.49828019469891
 0.500000 467.2962366029816 -1155.8348469792252 481.53011947772643 -70.22702902727805 -19.354933016908003 38.10995845307727
 0.510000 394.29663008470004 -1173.5140222714615 508.9830809222815 -64.20369303641795 17.05302826073035 59.18415649761771
 0.520000 304.8208872744596 -1238.3160343770987 587.2462232434685 -108.24694517642887 23.387706249128662 51.67255918080629
 0.530000 262.94671697027616 -1190.6315708763336 572.6286459793604 -87.2338866542045 26.824564893951024 50.834826513640806
 0.540000 280.6843189678186 -1210.0108111068866 533.6047934309802 -98.92291339592292 -8.427088313544774 24.7316690503277
 0.550000 345.35625978034153 -1149.8177663166384 505.67466975278825 -73.3673097079367 -13.84861931151192 32.48181067296963
 0.560000 361.6286460846267 -1171.4013862135853 488.89480001345095 -79.00469787345948 -14.870608351951105 36.3454539234272
 0.570000 326.01974060354513 -1166.6679057053288 494.1192171012556 -85.38093471560829 2.0576649646043546 59.877234767874306
 0.580000 326.5127424125103 -1231.803669811694 455.0732419779108 -141.79569955262085 -16.622507058826756 78.98169887844988
 0.590000 309.03290091347765 -1254.2423089396907 399.1581389464494 -148.3491510168507 -18.827922280258587 92.21382954668123
 0.600000 282.2007315988957 -1282.4364797699384 341.1939469800719 -145.3212765839019 -18.769751318410005 100.91071068500783
 0.610000 201.9757711358905 -1318.4385748699478 337.1235931657821 -140.00402566140792 3.6550457314967186 107.57231736185942
 0.620000 117.08704973027622 -1349.8678912518837 352.03804830757656 -138.60688844572292 29.841441571303015 110.56372947381722
 0.630000 55.80159517375088 -1355.331144970554 343.268494475217 -139.89210329371508 37.05165388623305 106.54446140692309
 0.640000 -3.2449249756699388 -1355.564922711495 355.39267541554534 -144.2476209874276 41.241344578232344 103.85826058466503
 0.650000 -66.14356461061584 -1344.2040600551868 381.89577009008826 -150.18109111173027 46.22956435125273 100.43297333756239
 0.660000 -130.69330321282018 -1317.0984038761517 414.2793551938367 -156.48208978432015 52.90689891133091 94.69347711139454
 0.670000 -199.57119575906302 -1282.0397768869843 448.0252490175536 -162.3890997529224 59.845192254200136 88.89097464862938
 0.680000 -273.61504655307704 -1239.8997649874336 471.1207999801375 -166.97463100438594 66.25764208004952 83.76078882719695
 0.690000 -350.2277236742461 -1211.4499196160236 484.4280144660179 -169.80830276429955 72.77262905920033 77.66776744807046
 0.700000 -429.085095848626 -1183.316691723275 489.31570374602165 -170.9498811075482 79.1682917023517 71.05554214230574
 0.710000 -512.3834021403609 -1161.868135628916 481.7762858614871 -169.86591200102924 85.56445349902674 63.3738834539418
 0.720000 -595.7401724514874 -1141.1281569331443 464.83250599562575 -166.8817052077219 91.70531888881418 55.07273692271495
 0.730000 -759.4223685125123 -1075.654616485101 463.5618996543312 -165.87051494116062 111.50603868087289 22.776349750977538
 0.740000 -893.3097413857133 -1040.3379309323323 441.9699805435883 -166.19059103660922 126.47534429972602 0.650933891400387
 0.750000 -991.3212514112922 -1011.2883461398833 404.2621936192859 -163.18853340238783 135.88653088765304 -14.109098243608802
 0.760000 -1118.103135897053 -1015.1629302958456 264.99536531555395 -153.19942493923506 145.1636106773542 -31.46796547226391
 0.770000 -1158.463822430206 -1027.4977187014124 223.17736819274927 -144.6251871162336 147.4492685117106 -40.43500457661527
 0.780000 -1227.771846943585 -1024.8141078909355 188.17182765080753 -140.0440501205342 152.3097268646199 -44.08424473647319
 0.790000 -1302.631209104146 -1009.6084302464435 138.9560379467917 -131.86747653862372 157.60347812419985 -48.82470204886565
 0.800000 -1380.0003267164443 -987.0480195494855 76.64396933827041 -122.34026217416725 161.31808782238917 -52.58460699237056
 0.810000 -1451.8907181308196 -951.3017775788078 2.611151315951872 -109.63274179803055 163.60232228840152 -56.9848420682304
 0.820000 -1520.731811077901 -904.8631759457218 -91.94118639540417 -90.64257766309544 160.44012210895806 -68.44372290148014
 0.830000 -1565.7027258728065 -861.3704166088208 -178.25973873262276 -73.8635487853129 158.0593502817854 -73.30481519979342
 0.840000 -1598.0214106616554 -817.5661096202953 -258.4769469067244 -58.890198056357164 154.46768411780576 -75.2896231390599
 0.850000 -1625.0768894988068 -779.0301821615005 -355.2675638607194 -40.201852553252486 148.70627712688378 -77.62226369216214
 0.860000 -1426.2704165528999 -258.43146591220346 -46.65680318933914 -30.80044749218196 158.26169108955253 -94.19926267798041
 0.870000 -1483.1276039258582 -305.44741276628156 -186.08210741122275 -19.34138057366662 148.55354844472666 -87.93291752177825
 0.880000 -1527.9418777350102 -337.84627235293624 -322.1000785781813 -9.434003187721459 138.94011595493683 -80.77181573151067
 0.890000 -1485.7528107252567 -187.3407121926116 -320.99734393348626 -4.92589676284274 136.01788651284824 -80.02439519350291
 0.900000 -1485.2000732272118 -175.1965448706759 -423.42467119799744 1.9337429891385265 126.07525471529122 -71.14810641088312
 0.910000 -1393.0765626315804 -122.57643869110086 -499.5887451320225 9.345754114919181 50.91122270639086 -51.97420716478282
 0.920000 -1414.0806432504703 -65.18778835074835 -446.14458031876984 10.45202286688048 96.99982334197864 -54.37616263245283
 0.930000 -2495.048210695769 16.71181712641183 -992.1763791719359 41.81753631205374 90.40866440680439 -92.62617940936573
 0.940000 -2374.9723946914146 100.6950108904241 -885.9354026561881 46.81967833863959 64.6347355707134 -82.41227396404972
 0.950000 -2226.656355448829 192.5982769436133 -743.0375371226463 44.47037864714608 48.425264915244185 -69.83490388181458
 0.960000 -2333.956725856958 486.47529937826585 -557.2530298546509 26.23104298520209 103.07930789833962 -57.54444316435269
 0.970000 -2174.253856834831 610.498749955421 -626.9778784917157 17.734638022891932 106.29417510299868 -18.204579752336027
 0.980000 -1955.089185431261 728.235657279106 -631.6101278851411 31.124996480812495 37.436909180082395 -14.091965593902913
 0.990000 -1864.2316977339588 825.3338380739783 -504.8024013597532 38.735719672247924 20.536202535836374 -15.74755122797876
 1.000000 -1800.491912790695 880.3263220535935 -426.4565424715966 36.23497437933071 9.175429841467182 -7.839576364599801
 1.010000 -1770.7764888456943 914.8790223595855 -387.4623292194346 31.842817042154206 1.3790975571389454 1.323804012192322
 1.020000 -1759.6018958586315 934.5087488847988 -373.93479391405833 26.609425013109135 -4.720404847881267 10.259640819557188
 1.030000 -1755.0673524305057 972.6515287045493 -351.1921629629485 21.64351874227479 -5.59458631742634 15.546675410938287
 1.040000 -1765.9347113901472 1002.0309587296495 -335.51057663398507 17.881897802182003 -2.958498278163156 17.646839690838316
 1.050000 -1783.97536520752 1034.0840918775787 -318.5970919156928 15.541458181469942 3.624141445703315 15.413242697879276
 1.060000 -1799.8219320882451 1068.041380613333 -303.1145647957545 13.695450510477572 12.916681389303095 12.28208709602731
 1.070000 -1814.4814382370894 1104.5991266106003 -288.0584292783508 14.189903313587687 20.059645354953094 6.449670227709682
 1.080000 -1794.404443142483 1159.8215818209758 -399.94769633945975 18.79313998281897 62.77864764642596 19.525699207578896
 1.090000 -1684.7783882233327 1203.1255644144755 -485.20831213399185 -1.6527486080384455 81.6343943899109 30.027359625861582
 1.100000 -1634.4188313381744 1257.569269243691 -465.8293294124223 11.164892427293452 45.76952288687258 6.4241934602463955
 1.110000 -1682.9784628127006 1307.4298746362117 -546.2853686622067 27.136127094499518 17.17131425220788 -7.536502128967543
 1.120000 -179.30300873235262 2247.9746322476994 1117.9241388683088 -61.35168989131096 -12.035429264407883 109.31577903276228
 1.130000 -2068.891256692659 964.4567284483688 -1199.0341258929063 90.71527715014265 68.98499068661303 -87.47581382494758
 1.140000 -2044.507055253428 850.2358600195363 -1403.5960843593123 73.48888004325313 130.4755925485492 -64.10387885092246
 1.150000 -1973.7136144491913 750.2196320366514 -1355.2862359860774 68.98778575414107 96.22537791420802 -74.2445973320141
