0.0 1.15 1.0
Linear 1 explicit
 0.000000 0.0
 0.010000 -0.9999999999918305
 0.020000 -1.0000000002538623
 0.030000 -0.9999999999351226
 0.040000 -1.0000000004636742
 0.050000 -1.0000000000463112
 0.060000 -0.999999999454749
 0.070000 -1.000000000897926
 0.080000 -1.0000000014742587
 0.090000 -0.999999999932803
 0.100000 -1.0000000004473333
 0.110000 -1.0000000001684235
 0.120000 -1.000000000014426
 0.130000 -0.9999999998389418
 0.140000 -0.9999999997413894
 0.150000 -0.9999999992497751
 0.160000 -1.0000000000826086
 0.170000 -1.0000000000981404
 0.180000 -1.0000000014354884
 0.190000 -0.9999999986964518
 0.200000 -0.9999999994555689
 0.210000 -1.0000000006506407
 0.220000 -1.000000001283686
 0.230000 -0.999999999941982
 0.240000 -1.00000000053234
 0.250000 -1.0000000001215092
 0.260000 -0.9999999991708786
 0.270000 -1.000000001254027
 0.280000 -0.9999999984307443
 0.290000 -0.9999999987869699
 0.300000 -0.9999999972197422
 0.310000 -0.9999999976725383
 0.320000 -0.9999999982127077
 0.330000 -1.000000000932446
 0.340000 -1.0000000045836017
 0.350000 -0.9999999997429956
 0.360000 -0.9999999986540498
 0.370000 -0.999999999407021
 0.380000 -1.000000001081029
 0.390000 -0.9999999974861515
 0.400000 -1.0000000021833912
 0.410000 -0.9999999995722739
 0.420000 -0.9999999961485366
 0.430000 -1.0000000040227797
 0.440000 -1.000000000177175
 0.450000 -0.9999999990671217
 0.460000 -1.0000000007120782
 0.470000 -1.0000000031414829
 0.480000 -0.9999999991878926
 0.490000 -1.000000000713181
 0.500000 -0.999999999015314
 0.510000 -1.0000000059604819
 0.520000 -0.9999999999068871
 0.530000 -1.0000000000819398
 0.540000 -1.0000000010495442
 0.550000 -1.0000000003897223
 0.560000 -0.9999999997425632
 0.570000 -1.000000000769614
 0.580000 -0.9999999952068392
 0.590000 -0.9999999971076781
 0.600000 -0.9999999945136085
 0.610000 -1.0000000019800033
 0.620000 -0.999999995512359
 0.630000 -1.0000000005503986
 0.640000 -1.0000000017621797
 0.650000 -1.0000000094980754
 0.660000 -0.9999999890883241
 0.670000 -0.9999999965040521
 0.680000 -1.000000001633314
 0.690000 -1.0000000013016501
 0.700000 -1.000000006320966
 0.710000 -0.9999999991930677
 0.720000 -1.0000000003223992
 0.730000 -1.0000000045744928
 0.740000 -0.9999999992674934
 0.750000 -0.9999999969141175
 0.760000 -1.000000003334691
 0.770000 -1.0000000024806153
 0.780000 -1.000000000963386
 0.790000 -1.0000000089223369
 0.800000 -0.9999999999782699
 0.810000 -0.9999999951753888
 0.820000 -0.9999999988342857
 0.830000 -1.0000000026346807
 0.840000 -1.0000000043492074
 0.850000 -0.9999999970411426
 0.860000 -1.0000000051578084
 0.870000 -1.0000000008118042
 0.880000 -0.9999999981734917
 0.890000 -1.0000000014495452
 0.900000 -1.000000001617423
 0.910000 -0.9999999984750896
 0.920000 -0.9999999973785865
 0.930000 -0.9999999996864244
 0.940000 -1.0000000023614053
 0.950000 -1.0000000058979368
 0.960000 -0.999999998716875
 0.970000 0.9999999948267619
 0.980000 1.0000000010636498
 0.990000 1.000000000434574
 1.000000 0.9999999998172291
 1.010000 1.0000000015499146
 1.020000 0.9999999970329065
 1.030000 0.9999999987053197
 1.040000 0.9999999984884796
 1.050000 1.0000000001394438
 1.060000 0.9999999947532796
 1.070000 1.000000003813879
 1.080000 1.0000000011372139
 1.090000 0.9999999935070188
 1.100000 1.0000000050853721
 1.110000 0.9999999918929664
 1.120000 1.0000000028795417
 1.130000 0.9999999990751635
 1.140000 0.9999999944073507
 1.150000 1.0000000022652755
