0.0 1.15 1.0
Linear 1 explicit
 0.000000 0.0
 0.010000 0.9999999995590126
 0.020000 -1.0000000001599803
 0.030000 0.9999999996330575
 0.040000 1.000000000405629
 0.050000 -1.0000000005321916
 0.060000 1.0000000015773125
 0.070000 0.9999999997688448
 0.080000 1.0000000002534963
 0.090000 -0.9999999992016929
 0.100000 -0.9999999999580284
 0.110000 -0.9999999991163855
 0.120000 -0.9999999996193021
 0.130000 -1.00000000014566
 0.140000 -0.9999999998435608
 0.150000 -1.0000000002803238
 0.160000 1.0000000014036563
 0.170000 -0.9999999989652537
 0.180000 1.0000000002120226
 0.190000 -0.9999999991230804
 0.200000 1.0000000007652607
 0.210000 -0.9999999995392694
 0.220000 -1.0000000003793919
 0.230000 -1.000000000380096
 0.240000 -0.9999999996381947
 0.250000 1.0000000002357545
 0.260000 1.0000000005599545
 0.270000 1.0000000005505836
 0.280000 -0.9999999993447883
 0.290000 1.0000000016467603
 0.300000 0.9999999997775851
 0.310000 1.0000000003391687
 0.320000 0.9999999980017314
 0.330000 0.9999999981874689
 0.340000 0.9999999966754702
 0.350000 -1.0000000003437068
 0.360000 -0.9999999985756233
 0.370000 -1.000000000854597
 0.380000 -1.000000001808587
 0.390000 -0.9999999998544027
 0.400000 -0.9999999971553184
 0.410000 -0.9999999999906621
 0.420000 -0.9999999998665093
 0.430000 -1.000000002974331
 0.440000 -1.0000000013895343
 0.450000 -0.9999999999108046
 0.460000 -1.0000000014232184
 0.470000 -0.9999999990492529
 0.480000 -1.0000000008851577
 0.490000 -1.0000000047838782
 0.500000 -1.0000000022190607
 0.510000 -0.999999999216142
 0.520000 -0.9999999979972896
 0.530000 -1.0000000025060172
 0.540000 -1.0000000005805736
 0.550000 -1.0000000006485719
 0.560000 -1.000000002026982
 0.570000 -0.9999999982922979
 0.580000 -1.000000002152857
 0.590000 -1.0000000017032533
 0.600000 -0.9999999949024809
 0.610000 -1.00000000154706
 0.620000 -1.00000000277373
 0.630000 -1.000000001981463
 0.640000 -0.999999999468477
 0.650000 -1.0000000000348617
 0.660000 -0.9999999969670065
 0.670000 -1.000000005557705
 0.680000 -1.0000000016626198
 0.690000 -1.0000000024674198
 0.700000 -0.9999999989775388
 0.710000 -1.0000000000943272
 0.720000 -1.0000000058794438
 0.730000 -0.999999997403223
 0.740000 -0.9999999980274159
 0.750000 -1.000000002752469
 0.760000 -0.9999999983991151
 0.770000 -1.0000000013062482
 0.780000 -0.9999999942956146
 0.790000 -1.0000000029978393
 0.800000 -0.9999999952155927
 0.810000 -1.0000000012098706
 0.820000 -1.000000002423675
 0.830000 -1.0000000017625967
 0.840000 -1.0000000025647084
 0.850000 -0.9999999963377617
 0.860000 -1.000000002346742
 0.870000 -1.00000000759435
 0.880000 -0.9999999988347261
 0.890000 -0.9999999931554577
 0.900000 -1.0000000049397058
 0.910000 -0.9999999999364485
 0.920000 -0.9999999970500719
 0.930000 -0.999999996524628
 0.940000 -0.9999999987642917
 0.950000 -1.0000000016503174
 0.960000 -0.9999999990090551
 0.970000 -0.9999999957290543
 0.980000 -0.9999999996629647
 0.990000 -0.9999999899052433
 1.000000 -1.000000000222552
 1.010000 -1.000000002024071
 1.020000 -1.0000000020359627
 1.030000 -1.000000000633816
 1.040000 -0.9999999947482637
 1.050000 -1.000000000765872
 1.060000 -0.9999999986039471
 1.070000 -1.0000000028998102
 1.080000 -1.0000000037421117
 1.090000 -0.9999999957459419
 1.100000 -1.0000000042477883
 1.110000 -0.9999999984953493
 1.120000 -0.9999999950886383
 1.130000 -0.9999999976623449
 1.140000 -0.9999999962283072
 1.150000 -1.0000000033245051
