0.0 1.15 1.0
Linear 1 explicit
 0.000000 0.0
 0.010000 -0.9999999999999913
 0.020000 -0.9999999999996171
 0.030000 -1.0000000000001021
 0.040000 -0.999999999999723
 0.050000 -1.000000000000255
 0.060000 -1.0000000000001361
 0.070000 -1.0000000000002467
 0.080000 -0.9999999999994797
 0.090000 -1.0000000000000073
 0.100000 0.9999999999995781
 0.110000 1.0000000000001512
 0.120000 1.0000000000001563
 0.130000 0.9999999999996928
 0.140000 0.9999999999999476
 0.150000 0.9999999999997582
 0.160000 1.0000000000008014
 0.170000 0.9999999999994986
 0.180000 1.0000000000001636
 0.190000 0.9999999999999265
 0.200000 1.000000000000044
 0.210000 0.9999999999998715
 0.220000 1.000000000000759
 0.230000 0.9999999999992885
 0.240000 1.0000000000004476
 0.250000 1.0000000000004394
 0.260000 1.0000000000004887
 0.270000 0.999999999999006
 0.280000 0.9999999999989513
 0.290000 0.9999999999999934
 0.300000 0.9999999999991125
 0.310000 -1.0000000000004585
 0.320000 -0.9999999999993934
 0.330000 -0.9999999999991674
 0.340000 -0.999999999999788
 0.350000 -1.0000000000012732
 0.360000 -0.9999999999998155
 0.370000 -1.0000000000003886
 0.380000 -1.0000000000000826
 0.390000 -0.999999999998916
 0.400000 -1.0000000000019587
 0.410000 -1.0000000000022025
 0.420000 -1.0000000000004545
 0.430000 -0.999999999999466
 0.440000 -0.9999999999994716
 0.450000 -0.9999999999974851
 0.460000 -0.9999999999992724
 0.470000 -0.9999999999988508
 0.480000 -1.000000000001595
 0.490000 -0.9999999999992161
 0.500000 -0.9999999999984278
 0.510000 -0.9999999999996505
 0.520000 -1.00000000000166
 0.530000 -0.9999999999972505
 0.540000 -0.9999999999999334
 0.550000 -0.9999999999999867
 0.560000 -1.0000000000025873
 0.570000 -0.9999999999979104
 0.580000 -0.9999999999958541
 0.590000 -1.0000000000057163
 0.600000 -1.0000000000005322
 0.610000 -0.9999999999979099
 0.620000 -0.9999999999999826
 0.630000 -1.0000000000046123
 0.640000 -0.9999999999995203
 0.650000 -0.9999999999994645
 0.660000 -1.0000000000009963
 0.670000 -1.00000000000222
 0.680000 -1.000000000005362
 0.690000 -1.0000000000030873
 0.700000 -1.0000000000013858
 0.710000 -1.0000000000007072
 0.720000 -0.9999999999997141
 0.730000 -0.9999999999980134
 0.740000 -0.9999999999980009
 0.750000 -0.9999999999981466
 0.760000 -0.9999999999956084
 0.770000 0.9999999999999213
 0.780000 1.0000000000020346
 0.790000 1.0000000000010503
 0.800000 0.9999999999960865
 0.810000 1.0000000000025289
 0.820000 0.999999999996866
 0.830000 1.0000000000038738
 0.840000 0.9999999999976419
 0.850000 1.0000000000055496
 0.860000 1.0000000000025226
 0.870000 0.9999999999995929
 0.880000 1.0000000000006892
 0.890000 0.9999999999990755
 0.900000 0.999999999999168
 0.910000 1.0000000000053029
 0.920000 0.9999999999960317
 0.930000 0.9999999999943341
 0.940000 0.9999999999987425
 0.950000 1.0000000000026275
 0.960000 1.0000000000050215
 0.970000 0.999999999998345
 0.980000 0.9999999999967164
 0.990000 1.0000000000033793
 1.000000 1.0000000000016316
 1.010000 0.9999999999971751
 1.020000 0.9999999999968445
 1.030000 0.9999999999983903
 1.040000 1.000000000000422
 1.050000 0.9999999999967196
 1.060000 0.9999999999981982
 1.070000 0.9999999999989535
 1.080000 0.9999999999983413
 1.090000 1.000000000003144
 1.100000 0.9999999999996588
 1.110000 0.9999999999982546
 1.120000 0.9999999999975923
 1.130000 0.9999999999983284
 1.140000 0.9999999999936459
 1.150000 1.0000000000030522
