0.0 1.15 1.0
Linear 1 explicit
 0.000000 0.0
 0.010000 -1.000000000039096
 0.020000 -0.9999999999793032
 0.030000 -1.0000000000077638
 0.040000 -0.9999999999865142
 0.050000 -0.9999999998767815
 0.060000 -0.9999999998659727
 0.070000 -0.9999999999986904
 0.080000 -0.999999999939126
 0.090000 -1.0000000000312337
 0.100000 -0.9999999999747876
 0.110000 1.0000000000703897
 0.120000 0.9999999999985403
 0.130000 0.9999999999508071
 0.140000 0.9999999999315404
 0.150000 1.0000000000335028
 0.160000 1.0000000000624165
 0.170000 1.0000000000080858
 0.180000 1.0000000000171831
 0.190000 0.9999999999612468
 0.200000 0.9999999999756001
 0.210000 1.000000000027325
 0.220000 1.0000000000401674
 0.230000 1.0000000000482872
 0.240000 1.0000000000938125
 0.250000 0.09404512408001377
 0.260000 0.007650261161687976
 0.270000 -0.9999999999017132
 0.280000 1.0000000001155
 0.290000 -0.9999999999201018
 0.300000 -0.9999999999411333
 0.310000 -0.9999999999717465
 0.320000 -0.99999999988942
 0.330000 -1.00000000012049
 0.340000 -0.9999999999391269
 0.350000 -1.0000000000716533
 0.360000 -0.9999999999629832
 0.370000 -0.9999999999974171
 0.380000 -1.000000000146406
 0.390000 -0.9999999999900805
 0.400000 -1.0000000000950793
 0.410000 -0.9999999999261207
 0.420000 -1.0000000000301625
 0.430000 -0.9999999998962258
 0.440000 -0.9999999999715075
 0.450000 -1.0000000000722529
 0.460000 -1.0000000000412355
 0.470000 -0.9999999998263618
 0.480000 -0.9999999999065553
 0.490000 -0.9999999998973548
 0.500000 -1.0000000000017388
 0.510000 -0.999999999877502
 0.520000 -1.0000000001184057
 0.530000 -0.9999999998385538
 0.540000 -0.999999999980528
 0.550000 -0.999999999939044
 0.560000 -0.9999999999495776
 0.570000 -0.9999999999217711
 0.580000 -1.0000000002409473
 0.590000 -1.0000000000853668
 0.600000 -1.0000000009408
 0.610000 -0.9999999999395203
 0.620000 -0.9999999998998952
 0.630000 -0.9999999999363001
 0.640000 -1.0000000001629237
 0.650000 -1.0000000004290186
 0.660000 -1.0000000000520854
 0.670000 -0.9999999999172441
 0.680000 -1.0000000003304852
 0.690000 -0.9999999998353251
 0.700000 -1.0000000000739313
 0.710000 -1.000000000135424
 0.720000 -1.000000000000444
 0.730000 -0.9999999999429051
 0.740000 -1.0000000001704943
 0.750000 -0.9999999996836885
 0.760000 -0.9999999999597645
 0.770000 -1.000000000320439
 0.780000 -0.9999999998787753
 0.790000 -0.9999999998415806
 0.800000 -1.0000000000037914
 0.810000 -1.0000000000054645
 0.820000 -1.0000000000141578
 0.830000 -0.9999999997859659
 0.840000 -0.9999999998696177
 0.850000 -1.0000000003080751
 0.860000 -0.9999999999415546
 0.870000 -0.99999999973599
 0.880000 -0.9999999999605083
 0.890000 -0.9999999997976088
 0.900000 -0.9999999997761375
 0.910000 -0.9999999999157121
 0.920000 -1.0000000005221983
 0.930000 -1.0000000000505551
 0.940000 -1.000000000376687
 0.950000 -1.0000000002424594
 0.960000 -0.9999999998500532
 0.970000 -0.9999999999882093
 0.980000 -1.000000000037956
 0.990000 -1.0000000003264449
 1.000000 -0.9999999998632613
 1.010000 -1.0000000002366163
 1.020000 -0.9999999997937221
 1.030000 -0.9999999993670322
 1.040000 -0.9999999999704731
 1.050000 -1.0000000001723859
 1.060000 -1.0000000002506064
 1.070000 -1.0000000000346396
 1.080000 -1.0000000000638685
 1.090000 -0.999999999842208
 1.100000 -1.0000000003237286
 1.110000 -0.9999999995065838
 1.120000 -1.000000000119597
 1.130000 -0.9999999997549252
 1.140000 -1.0000000002403815
 1.150000 -1.000000000255978
