0.0 1.15 1.0
Linear 1 explicit
 0.000000 0.0
 0.010000 -1.0000000000023082
 0.020000 -0.999999999997289
 0.030000 -1.0000000000002414
 0.040000 -1.000000000003103
 0.050000 -0.9999999999964682
 0.060000 -1.0000000000060125
 0.070000 -1.0000000000080695
 0.080000 -0.9999999999985819
 0.090000 -0.09321645308118791
 0.100000 -0.007237182661851634
 0.110000 -0.9999999999985262
 0.120000 -0.08763332950119095
 0.130000 -0.012150142197982154
 0.140000 -0.0031800731823450846
 0.150000 -0.0036722192535855254
 0.160000 0.9999999999984733
 0.170000 -1.0000000000073996
 0.180000 -0.0875932986847931
 0.190000 -0.011184102732864264
 0.200000 0.9999999999975625
 0.210000 -1.0000000000014406
 0.220000 -0.09014299008187843
 0.230000 -0.9999999999896924
 0.240000 -0.0922299160338888
 0.250000 -0.009674339343738186
 0.260000 -0.002031388274820147
 0.270000 0.003722150167965793
 0.280000 -0.9999999999879768
 0.290000 1.0000000000009683
 0.300000 0.08909962252634207
 0.310000 0.9999999999962034
 0.320000 0.09363118882977761
 0.330000 0.011004554070233598
 0.340000 1.0000000000114906
 0.350000 1.0000000000098037
 0.360000 0.9999999999850894
 0.370000 1.000000000009368
 0.380000 1.000000000003018
 0.390000 0.9999999999691424
 0.400000 0.9999999999973278
 0.410000 1.000000000006943
 0.420000 0.999999999995619
 0.430000 0.09049560309201239
 0.440000 0.0050087514327482275
 0.450000 -0.0010642994338178468
 0.460000 -0.0010028021237574126
 0.470000 -1.0000000000002003
 0.480000 -0.9999999999881555
 0.490000 -0.09425509078765494
 0.500000 -1.0000000000157476
 0.510000 -0.08832680163188737
 0.520000 -0.010304909363529024
 0.530000 4.501540122206452E-4
 0.540000 -0.9999999999966106
 0.550000 -0.09167274386797913
 0.560000 -0.009369830932614991
 0.570000 1.0000000000148763
 0.580000 0.9999999999568586
 0.590000 1.0000000000093863
 0.600000 0.9999999999738237
 0.610000 0.9999999999605582
 0.620000 0.9999999999893094
 0.630000 1.000000000011001
 0.640000 0.9999999999800822
 0.650000 0.9999999999903729
 0.660000 0.9999999999816537
 0.670000 1.0000000000002485
 0.680000 0.9999999999744263
 0.690000 1.0000000000170703
 0.700000 1.0000000000008324
 0.710000 0.9999999999977656
 0.720000 1.0000000000264582
 0.730000 1.000000000033135
 0.740000 0.999999999959712
 0.750000 1.0000000000167102
 0.760000 0.9999999999802922
 0.770000 0.999999999991755
 0.780000 0.9999999999959367
 0.790000 0.9999999999907672
 0.800000 1.0000000000056402
 0.810000 0.9999999999644403
 0.820000 1.0000000000104032
 0.830000 1.000000000008236
 0.840000 0.9999999999881114
 0.850000 1.000000000021448
 0.860000 0.9999999999765735
 0.870000 0.9999999999731456
 0.880000 0.9999999999836897
 0.890000 1.000000000003898
 0.900000 0.9999999999945061
 0.910000 0.9999999999998442
 0.920000 1.0000000000267
 0.930000 1.0000000000108225
 0.940000 0.9999999999512905
 0.950000 1.0000000000083775
 0.960000 0.9999999999769306
 0.970000 0.9999999999944424
 0.980000 0.9999999999873528
 0.990000 1.000000000001336
 1.000000 0.9999999999855268
 1.010000 0.999999999989954
 1.020000 1.0000000000075226
 1.030000 0.9999999999829491
 1.040000 1.0000000000130158
 1.050000 1.0000000000199998
 1.060000 1.0000000000267673
 1.070000 -0.9999999999868034
 1.080000 -0.08816366477184209
 1.090000 0.9999999999343588
 1.100000 1.0000000000154445
 1.110000 0.09315060393872249
 1.120000 0.9999999999797611
 1.130000 -1.00000000000573
 1.140000 -0.09115788148865549
 1.150000 -0.00849644962038515
