0.0 1.15 1.0
Linear 1 explicit
 0.000000 0.0
 0.010000 -0.003649069651782675
 0.020000 -0.9999999999550958
 0.030000 -1.00000000000763
 0.040000 1.000000000010605
 0.050000 -0.9999999999928775
 0.060000 0.9999999999931931
 0.070000 0.9999999999567684
 0.080000 0.9999999999714136
 0.090000 0.9999999999838356
 0.100000 1.0000000000149412
 0.110000 -0.9999999999864677
 0.120000 1.0000000000198392
 0.130000 0.9999999999718494
 0.140000 1.000000000023423
 0.150000 1.0000000000119562
 0.160000 0.9999999999785372
 0.170000 -0.9999999999830088
 0.180000 1.0000000000426907
 0.190000 0.9999999999867444
 0.200000 1.0000000000257148
 0.210000 1.0000000000476303
 0.220000 1.0000000000080473
 0.230000 0.9999999999966083
 0.240000 1.000000000036823
 0.250000 0.9999999999574045
 0.260000 1.000000000000782
 0.270000 0.9999999998830698
 0.280000 1.0000000000180984
 0.290000 0.9999999999620417
 0.300000 0.9999999999268147
 0.310000 1.0000000000588265
 0.320000 1.0000000000115987
 0.330000 0.999999999936064
 0.340000 0.9999999997741099
 0.350000 1.00000000005812
 0.360000 0.9999999998274294
 0.370000 0.9999999999194689
 0.380000 0.9999999999176861
 0.390000 1.0000000001285396
 0.400000 -0.9999999998408218
 0.410000 1.0000000001128446
 0.420000 0.9999999999656549
 0.430000 0.9999999999854677
 0.440000 0.9999999999703069
 0.450000 0.9999999998600814
 0.460000 1.0000000000682752
 0.470000 0.9999999999116627
 0.480000 1.0000000000052338
 0.490000 0.9999999999405094
 0.500000 -1.0000000000777483
 0.510000 -1.000000000125444
 0.520000 -1.0000000001825715
 0.530000 1.0000000001473934
 0.540000 1.000000000045051
 0.550000 0.9999999999596461
 0.560000 0.09045072576949052
 0.570000 0.9999999999847953
 0.580000 0.9999999998724409
 0.590000 1.0000000000491434
 0.600000 0.09033419722515139
 0.610000 -0.9999999998725931
 0.620000 -1.0000000002331446
 0.630000 -1.0000000000723435
 0.640000 -1.0000000002547906
 0.650000 -1.0000000002600786
 0.660000 -0.9999999998975214
 0.670000 -0.9999999999220501
 0.680000 -1.0000000001611937
 0.690000 -0.9999999998516411
 0.700000 -1.0000000001434513
 0.710000 -0.9999999999390434
 0.720000 -1.0000000002754328
 0.730000 -0.9999999998157262
 0.740000 -0.9999999998316068
 0.750000 -1.0000000001600062
 0.760000 -0.9999999999127459
 0.770000 -0.9999999999335166
 0.780000 -1.0000000000369473
 0.790000 -1.0000000001854732
 0.800000 -1.000000000010369
 0.810000 -0.9999999999311987
 0.820000 -1.000000000107766
 0.830000 -0.9999999999248151
 0.840000 -0.9999999999077438
 0.850000 -1.000000000120789
 0.860000 -0.999999999829319
 0.870000 -1.0000000000914444
 0.880000 -1.0000000002024212
 0.890000 -0.9999999998934008
 0.900000 1.0000000000077978
 0.910000 -0.999999999704575
 0.920000 -0.0869120759044576
 0.930000 1.000000000371972
 0.940000 0.9999999999613545
 0.950000 -1.0000000001883824
 0.960000 -0.9999999999134543
 0.970000 1.0000000000078944
 0.980000 0.9999999999880108
 0.990000 0.9999999999439501
 1.000000 0.9999999996474621
 1.010000 1.0000000001544522
 1.020000 0.9999999999115615
 1.030000 1.0000000000200757
 1.040000 0.9999999998968089
 1.050000 0.09426355852763531
 1.060000 0.9999999999098066
 1.070000 -0.9999999999607052
 1.080000 -0.9999999998128482
 1.090000 1.0000000000748237
 1.100000 0.9999999999247449
 1.110000 -0.9999999997858487
 1.120000 1.0000000000667584
 1.130000 -0.9999999998833846
 1.140000 1.0000000003495602
 1.150000 -1.0000000000110818
