0.0 1.15 1.0
Linear 1 explicit
 0.000000 0.0
 0.010000 0.9999999999892023
 0.020000 -0.999999999995784
 0.030000 1.0000000000197025
 0.040000 1.0000000000096911
 0.050000 1.0000000000449407
 0.060000 0.9999999999826733
 0.070000 0.9999999999894961
 0.080000 0.9999999999640735
 0.090000 1.000000000006776
 0.100000 -1.0000000000048508
 0.110000 -1.0000000000054012
 0.120000 -1.0000000000146736
 0.130000 -0.9999999999987892
 0.140000 -1.0000000000017502
 0.150000 -0.999999999989289
 0.160000 0.9999999999686874
 0.170000 -0.9999999999864951
 0.180000 1.0000000000076366
 0.190000 -0.9999999999959709
 0.200000 1.0000000000195188
 0.210000 0.09231847796306138
 0.220000 0.9999999999944048
 0.230000 0.9999999999887006
 0.240000 1.000000000017981
 0.250000 1.0000000000033717
 0.260000 1.000000000055924
 0.270000 0.9999999999838984
 0.280000 0.9999999999996835
 0.290000 1.0000000001252747
 0.300000 1.0000000000165221
 0.310000 1.0000000000279363
 0.320000 1.0000000000320222
 0.330000 1.000000000049663
 0.340000 0.9999999999431614
 0.350000 -1.00000000005601
 0.360000 -1.0000000000268885
 0.370000 -1.0000000000187057
 0.380000 -1.0000000000371612
 0.390000 -0.9999999998579059
 0.400000 -1.0000000000996623
 0.410000 -0.9999999999176591
 0.420000 -1.0000000001896663
 0.430000 -0.08911006499200662
 0.440000 0.9999999998842432
 0.450000 1.0000000000275886
 0.460000 -1.0000000000240643
 0.470000 -1.0000000000640494
 0.480000 -0.9999999999948628
 0.490000 -0.9999999999857897
 0.500000 -0.9999999999408632
 0.510000 -1.0000000000837406
 0.520000 -1.000000000177732
 0.530000 -0.9999999998802758
 0.540000 1.0000000001381835
 0.550000 -1.0000000002139364
 0.560000 -0.9999999998262933
 0.570000 -0.088471176510669
 0.580000 -1.0000000000436513
 0.590000 -1.000000000300229
 0.600000 -0.9999999998042264
 0.610000 -1.0000000000406728
 0.620000 -0.999999999895937
 0.630000 -0.9999999999321949
 0.640000 -1.00000000012151
 0.650000 -1.0000000000426574
 0.660000 -1.0000000000553402
 0.670000 -1.0000000001717282
 0.680000 -0.9999999998803669
 0.690000 -0.9999999995207044
 0.700000 -1.0000000002343363
 0.710000 -1.0000000000217197
 0.720000 -1.0000000001901792
 0.730000 -0.9999999999276016
 0.740000 -0.9999999998106801
 0.750000 -1.0000000001189309
 0.760000 -1.0000000000278106
 0.770000 -1.0000000003269747
 0.780000 -0.9999999997842685
 0.790000 -0.9999999998946097
 0.800000 -0.9999999998692695
 0.810000 -0.999999999952395
 0.820000 -1.0000000001037161
 0.830000 -1.0000000000639513
 0.840000 -0.9999999999691762
 0.850000 -0.9999999998611887
 0.860000 -0.9999999999706676
 0.870000 -1.0000000001631866
 0.880000 -1.0000000001817049
 0.890000 -0.9999999997299246
 0.900000 -0.9999999995933553
 0.910000 -0.9999999999130375
 0.920000 -1.000000000362713
 0.930000 -0.9999999997203182
 0.940000 -0.9999999999889626
 0.950000 -0.9999999999113778
 0.960000 -1.0000000000267901
 0.970000 -1.0000000001444718
 0.980000 -0.9999999999430359
 0.990000 -0.9999999998074065
 1.000000 -1.0000000001564482
 1.010000 -0.9999999999382672
 1.020000 -0.9999999999555951
 1.030000 -1.000000000056127
 1.040000 -1.0000000000760114
 1.050000 -0.9999999999404711
 1.060000 -1.0000000000387188
 1.070000 -1.0000000000840263
 1.080000 -0.9999999999167037
 1.090000 -1.0000000000220792
 1.100000 -1.0000000001149312
 1.110000 -0.9999999999116158
 1.120000 -1.0000000001502525
 1.130000 -0.9999999998361908
 1.140000 -0.9999999997248668
 1.150000 -1.0000000000048679
