0.0 1.15 1.0
Linear 4 explicit
 0.000000 -0.21541999814441637 0.9610973599233965 -0.17287593571037238 71.19885428206992
 0.010000 -0.23134368030104424 0.9443597139739865 -0.23380511587161343 76.62367513190021
 0.020000 -0.2763272604338022 0.913531270510848 -0.29850270172979243 76.54971779944756
 0.030000 -0.2925352832274754 0.8864664726232744 -0.3586088411931172 81.63262235302332
 0.040000 -0.316099501896355 0.8591657058957839 -0.4023871204617209 88.7353644465743
 0.050000 -0.34256193967211324 0.8300860147270013 -0.44000968812370966 95.17106007609834
 0.060000 -0.3664313421913766 0.80288222317054 -0.47022144482845263 102.71118529371333
 0.070000 -0.3933657633759052 0.7738865552470625 -0.49634965076196697 109.87344924688178
 0.080000 -0.4187690492088492 0.7482954218842086 -0.5144768653806026 117.57965933977808
 0.090000 -0.44517337311329375 0.7221974144890209 -0.5293879129488183 124.2126446505398
 0.100000 -0.464076224690368 0.6878060171981777 -0.5581721422492484 126.25550873565139
 0.110000 -0.45077702592434815 0.7004771802695825 -0.5532917791006607 121.18868288858378
 0.120000 -0.44156862379823936 0.7144980010314811 -0.5426875316413181 115.69482922401745
 0.130000 -0.461981544227248 0.6745831627147969 -0.575769580105713 115.21386857266735
 0.140000 -0.44849653464080225 0.6880572471814967 -0.5704630426383575 109.8422095688661
 0.150000 -0.46004615881616345 0.6640020967414437 -0.5894563149898894 107.79337116970137
 0.160000 -0.4752309106668189 0.6467466980435793 -0.596552001183898 111.54695868127982
 0.170000 -0.46609843436278536 0.6663050192121415 -0.5820565873325961 106.31095130767982
 0.180000 -0.466719614653702 0.691173419375579 -0.551771787649722 105.32416503134809
 0.190000 -0.45690587991930254 0.7091679653805463 -0.5369523384558299 100.5330867924827
 0.200000 -0.4521680015221436 0.7423451837603827 -0.49443677709817907 99.04436385539684
 0.210000 -0.4445781940215875 0.7656568608255323 -0.4648868688953208 97.52084011939989
 0.220000 -0.43373637355113276 0.7960772972704709 -0.42205887625928973 96.61402203309689
 0.230000 -0.4200087900639368 0.822798353440277 -0.38287789939482914 96.27175540488584
 0.240000 -0.4177756819738405 0.8314730980945846 -0.366218468535225 97.47569909680638
 0.250000 -0.4101345791489471 0.8463717877126778 -0.33977113466326414 98.51597973891816
 0.260000 -0.38683313217307846 0.8717995277012848 -0.3005423619940831 99.53775660572383
 0.270000 -0.3802370154241455 0.8760109670500618 -0.2966893960177102 103.31449593247109
 0.280000 -0.3621092963338018 0.8965454945418097 -0.25511376624051657 103.8469172823539
 0.290000 -0.3381842789800682 0.9125493535000726 -0.2299675430953922 106.22763376671593
 0.300000 -0.31703995728360357 0.9253343160777789 -0.20794727450601477 109.09159264327934
 0.310000 -0.3100059749375644 0.9289725961126717 -0.2022528397197259 112.81457725870159
 0.320000 -0.29171481447541125 0.939179603259137 -0.1812295225331307 115.9003619794169
 0.330000 -0.28233933521531995 0.9433839777387968 -0.1741010348501599 119.58948381614414
 0.340000 -0.28044297957926717 0.9444400152726047 -0.17141993103657746 123.6204269585365
 0.350000 -0.28063761509969803 0.9443946338600538 -0.17135140655240785 122.79186292726453
 0.360000 -0.2965558397997969 0.9367141277592351 -0.18606793581080128 122.00478040926369
 0.370000 -0.31216372413620264 0.9283806345339138 -0.20165120072993498 121.07582386896759
 0.380000 -0.3321368235861321 0.9167358027113779 -0.22199233870843404 120.35629187449827
 0.390000 -0.35353867461212024 0.9027001086693588 -0.24524053368444862 119.74951823743834
 0.400000 -0.37605153640085276 0.8861013310205552 -0.27094219518959833 119.24888477436075
 0.410000 -0.37034320050024455 0.8888305064903108 -0.269863381316201 116.94607634726921
 0.420000 -0.3793254167111979 0.8812710037128552 -0.2819107061674193 115.49773776094598
 0.430000 -0.3563918973045836 0.8991329523513192 -0.25405658726283725 115.18817611127209
 0.440000 -0.32671167807098883 0.9198879633688454 -0.2169461091173481 116.62739833916397
 0.450000 -0.29116773093369513 0.9395818915499332 -0.18002005870005935 118.3691171456006
 0.460000 -0.2545046119150181 0.9553522114692465 -0.15009848285311211 115.50559099387334
 0.470000 -0.2393677491587328 0.9618161564905118 -0.13271308065334517 112.90185597820059
 0.480000 -0.2578747467275305 0.9545325699192365 -0.14955998115669142 111.51529145306998
 0.490000 -0.2505581663050401 0.9572726417323564 -0.14439423357119058 109.02409807961249
 0.500000 -0.2729820726438257 0.9474151367063999 -0.16698906178152734 107.7263731235311
 0.510000 -0.2980803005191356 0.933923859883963 -0.19731791196407317 106.64727135882414
 0.520000 -0.21512406932789227 0.970458374036406 -0.1092345140439743 100.88435408645785
 0.530000 -0.16173541949283596 0.9861633340188652 -0.036380389199023394 96.50824631517787
 0.540000 -0.08292398341205555 0.9951208420192574 0.0534614136921307 97.14843465716532
 0.550000 0.021941273852603898 0.9866855762170488 0.16115258045391484 94.66839490642545
 0.560000 0.14171474652675412 0.9422836914796584 0.30334530718032526 94.23580720496747
 0.570000 0.2656138772862579 0.8656699679632055 0.4243403996316441 99.2273979505421
 0.580000 0.381134456832428 0.7540078288508117 0.5349847846871303 103.05429264738926
 0.590000 0.466614396757073 0.6191554540870443 0.6315991833538885 109.90649310878167
 0.600000 0.4521123690505587 0.6071978815095567 0.6533797811700314 108.37100837264049
 0.610000 0.45430659730961204 0.5719383574290773 0.6830022188414112 107.7569785133042
 0.620000 0.45761701830919804 0.5259153857188532 0.7169377041403173 108.12774187885829
 0.630000 0.45785063524042396 0.4737182752882021 0.7523056502964147 109.00344961160593
 0.640000 0.45462919612651254 0.4197520081521173 0.7855702041712287 110.19354694426444
 0.650000 0.43288206042016986 0.39155800795456597 0.8119701030044397 109.05609358240622
 0.660000 0.4134660250540567 0.3567602930265004 0.8377159061672661 107.85422578297248
 0.670000 0.39371346651993716 0.318878855570732 0.8621519481801074 106.9326573387823
 0.680000 0.37274436939690386 0.2794268424659652 0.8848628564881709 106.13518955703636
 0.690000 0.35555520985376066 0.24124599947445308 0.9029844187378985 105.03041143088568
 0.700000 0.3386816684916499 0.20346846234636376 0.9186377481129971 103.8949503541989
 0.710000 0.32146226448399756 0.1657005874600299 0.9323118189898814 102.76984917041759
 0.720000 0.3036041791879503 0.12758852027282966 0.944216962288965 101.67667847752162
 0.730000 0.2848137375260515 0.08873172029258479 0.9544672947410822 100.61426744427955
 0.740000 0.26513487942820513 0.04921119331003416 0.9629546999540496 99.5864573677293
 0.750000 0.24486348915472012 0.00896303967217593 0.969516134780031 98.67429181934625
 0.760000 0.2245749619543057 -0.03181001771329938 0.9739374770673433 97.81877015195586
 0.770000 0.20415489264532805 -0.07266391960336004 0.9762380522172095 96.99189091141609
 0.780000 0.18353456047814085 -0.11337595178740853 0.976453254726715 96.18824096542642
 0.790000 0.16435198047815733 -0.15163511766097332 0.9746769811608614 95.00200357003455
 0.800000 0.14635301664946762 -0.18979747027660637 0.9708541161236333 93.3539987668014
 0.810000 0.12954573470850228 -0.22877669491383634 0.9648207742804545 91.24470512524029
 0.820000 0.11439292577391327 -0.26944814755874724 0.9561966086062236 88.66861333136579
 0.830000 0.10154314308480736 -0.3127017337526885 0.9444080769458302 85.60374318568616
 0.840000 0.09350099658724714 -0.35230449279807696 0.9312030433753326 81.44840403059759
 0.850000 0.08662931908089105 -0.40008646439927253 0.9123739266770345 77.24177991665685
 0.860000 0.08398210428639773 -0.4557171665152839 0.8861539766332428 72.71341054247488
 0.870000 0.08848917009520538 -0.5200582035587704 0.849534655965892 67.92469752554626
 0.880000 0.10314548655061226 -0.5934598922549734 0.7982270133796229 63.001409359364416
 0.890000 0.1308736192790822 -0.6752725281919322 0.7258643870903642 58.2165001400161
 0.900000 0.17026502619907663 -0.7574671826203254 0.6302803250194744 54.65090736028562
 0.910000 0.2303216917422466 -0.8381409613239207 0.49444074191353166 51.269887013250475
 0.920000 0.3054310339769132 -0.8957465937898458 0.32303238722716765 49.43643003007814
 0.930000 0.3843543258114088 -0.913995544645344 0.12993804907923784 49.54097039422875
 0.940000 0.4566408753260224 -0.8876023020113689 -0.06034289059701269 51.71581760538502
 0.950000 0.5153341559231754 -0.8268052853332163 -0.22544118497738394 55.78446319212295
 0.960000 0.5601154025307549 -0.748458068256782 -0.3550792248345945 61.34231169619021
 0.970000 0.5945380444505663 -0.6641355888956757 -0.4532641980821895 68.08930364408702
 0.980000 0.6212628451701155 -0.5837662633199775 -0.522732653486047 75.48686446484197
 0.990000 0.6427845553501075 -0.5099974846423758 -0.5716035173630533 83.26503864196177
 1.000000 0.6610299429437654 -0.44313509602406537 -0.6055334022194852 91.23221100162306
 1.010000 0.6801744080840568 -0.38072081230648047 -0.6264299144071878 99.11638788454674
 1.020000 0.6961191134380783 -0.32452887521996404 -0.6403898726983813 107.06973599853865
 1.030000 0.7122607760591881 -0.27789330751478597 -0.6445617864301728 115.59147785262365
 1.040000 0.7272493189205378 -0.23154515249276764 -0.6461387393483808 123.5037076506063
 1.050000 0.739403755091598 -0.19026269688597233 -0.645819009576306 131.0872337338978
 1.060000 0.7493770964279131 -0.157211867765889 -0.6432094495441053 137.7923837625468
 1.070000 0.7583683501224557 -0.13025277615522457 -0.6386796222179014 143.90546817614654
 1.080000 0.7666129597963242 -0.11100508176411468 -0.6324416508223202 149.04147564411548
 1.090000 0.7736015791901377 -0.10158488817828547 -0.6254767039373492 153.00566303312954
 1.100000 0.7788405599388069 -0.10434160999077345 -0.6184821829436473 155.5905003843277
 1.110000 0.781349146877586 -0.12199948169275888 -0.6120536227654948 156.48132591003926
 1.120000 0.7802623036238787 -0.15285041096282082 -0.6064878312151489 156.07352128115107
 1.130000 0.7758405063445803 -0.19114631462833867 -0.6012774693259255 154.68315881796866
 1.140000 0.7687788859519414 -0.23295657965724195 -0.5955755674210375 152.49101094081388
 1.150000 0.7575879300237076 -0.28178434375193706 -0.5887767929348813 149.9574206467305
