0.0 1.15 1.0
Linear 1 explicit
 0.000000 0.0
 0.010000 0.9999999999871946
 0.020000 0.9999999999904575
 0.030000 -0.9999999999876902
 0.040000 -0.9999999999901422
 0.050000 -0.9999999999843269
 0.060000 -0.9999999999662902
 0.070000 -1.0000000000622364
 0.080000 -1.0000000000186313
 0.090000 -1.0000000000087361
 0.100000 -1.0000000000131528
 0.110000 -0.9999999999734372
 0.120000 -1.0000000000271445
 0.130000 -1.000000000006717
 0.140000 -0.9999999999647541
 0.150000 -0.9999999999783243
 0.160000 -1.0000000001313076
 0.170000 -1.0000000000344293
 0.180000 -0.9999999999434518
 0.190000 -0.9999999999848311
 0.200000 -1.0000000000798526
 0.210000 -0.9999999999391467
 0.220000 -0.999999999989167
 0.230000 -0.9999999999874947
 0.240000 -1.0000000000438916
 0.250000 -1.0000000001054719
 0.260000 -0.9999999999898778
 0.270000 -0.9999999999509301
 0.280000 -1.0000000001965883
 0.290000 -1.0000000000006124
 0.300000 -1.0000000000387268
 0.310000 -1.0000000000756755
 0.320000 -0.999999999761722
 0.330000 -1.0000000001195046
 0.340000 -0.999999999813472
 0.350000 -1.0000000000853781
 0.360000 -1.000000000147689
 0.370000 -0.9999999999455846
 0.380000 -0.999999999752801
 0.390000 -0.9999999997851755
 0.400000 -1.0000000000185316
 0.410000 -0.9999999999228945
 0.420000 -0.9999999997756267
 0.430000 -0.99999999985734
 0.440000 -1.000000000120141
 0.450000 -1.0000000003721055
 0.460000 -1.0000000002793943
 0.470000 -0.9999999999390208
 0.480000 -1.000000000157432
 0.490000 -0.999999999947726
 0.500000 -1.0000000003493452
 0.510000 -1.0000000000835616
 0.520000 -1.0000000002208793
 0.530000 -1.0000000001997604
 0.540000 -0.9999999998843763
 0.550000 -0.9999999999400705
 0.560000 -0.9999999999468373
 0.570000 -1.0000000001507765
 0.580000 -0.9999999996752255
 0.590000 -0.9999999999219884
 0.600000 -0.9999999999093913
 0.610000 -0.9999999998616653
 0.620000 -0.9999999999433923
 0.630000 -1.000000000058727
 0.640000 -1.0000000001492446
 0.650000 -1.0000000000792215
 0.660000 -0.9999999997216038
 0.670000 -0.9999999997816229
 0.680000 -1.0000000002389966
 0.690000 -1.0000000002221248
 0.700000 -1.0000000003475316
 0.710000 -1.000000000150435
 0.720000 -0.9999999997379647
 0.730000 -1.0000000000315283
 0.740000 -1.0000000000074196
 0.750000 -0.9999999995496015
 0.760000 -1.000000000023595
 0.770000 -0.9999999997256539
 0.780000 -1.0000000001788605
 0.790000 -1.0000000002556593
 0.800000 -1.0000000000165625
 0.810000 -0.999999999857843
 0.820000 -1.0000000001445237
 0.830000 -0.9999999998438087
 0.840000 -1.0000000000091376
 0.850000 -0.9999999998165771
 0.860000 -1.0000000006596983
 0.870000 -1.0000000001787799
 0.880000 -1.0000000005085476
 0.890000 -0.9999999999423331
 0.900000 -0.9999999998539122
 0.910000 -1.000000000289397
 0.920000 -1.0000000000584004
 0.930000 -1.0000000002927862
 0.940000 -0.9999999999208363
 0.950000 -1.0000000000963982
 0.960000 -0.9999999995072094
 0.970000 -1.000000000001499
 0.980000 -1.0000000000993556
 0.990000 -0.9999999996994703
 1.000000 -0.9999999999356217
 1.010000 -1.0000000001304354
 1.020000 -1.0000000002430354
 1.030000 -0.9999999998599374
 1.040000 -0.9999999998607738
 1.050000 -0.9999999999059072
 1.060000 -1.0000000001964153
 1.070000 -0.9999999998261255
 1.080000 -1.0000000000692633
 1.090000 -1.0000000002115972
 1.100000 -1.0000000003182887
 1.110000 -1.00000000033752
 1.120000 -0.9999999999659944
 1.130000 -0.9999999997282013
 1.140000 -1.000000000153779
 1.150000 -0.9999999997551823
