0.0 1.15 1.0
Linear 6 explicit
 0.000000 34.043476754312906 -11.144654091182797 51.73909540893673 -0.011469904621308886 -0.06566715208819932 0.005171831516992308
 0.010000 15.65592776738681 -7.152268225347774 23.582942260763758 -0.7876361031348447 -0.3180871433701209 0.6107700678379775
 0.020000 -11.91982362687197 130.01964057331347 66.28274150181495 40.68730798846027 22.042101268091788 -16.208703339473008
 0.030000 -34.382664724914164 144.36380523136157 84.98548017277227 47.39521660155911 35.95811959000087 -13.695596649339222
 0.040000 -31.73118592397931 80.25059676344289 43.75801980105018 33.09184142228123 40.077196954204425 4.425649311469928
 0.050000 80.12639786893695 50.44378121018468 17.821312574849678 21.86613795900104 -12.748116893935181 -3.4792047889505215
 0.060000 -15.408304520672441 55.77072455608775 19.922171632096152 29.085354405801592 38.9715614916604 0.16716675383364188
 0.070000 70.42468282542119 53.863004679537 -9.717738432673142 17.702335349488948 -12.3649066190294 -2.0886563474698248
 0.080000 112.1522489401018 67.27048381989147 104.75748478113476 14.749155144910569 -9.902654222484903 -5.278728346316512
 0.090000 121.39338891278088 53.61907688263161 88.49590954246098 13.921166903202012 -16.59815000738662 -6.863688968300068
 0.100000 116.43644716299116 12.167864702783529 91.54993416950039 -1.8392924240249748 -11.200599969185483 1.0679814262800624
 0.110000 84.88479239366174 -72.91992695193684 100.29313066330974 -38.136390463277195 -25.45966387141315 10.253527884743999
 0.120000 -21.106950914563924 6.799543610720619 92.77560854013282 14.346225224097699 28.457302133956663 0.48827790189441367
 0.130000 81.9908700279118 -122.04523823096507 114.37511940960799 -56.358623702525996 -19.342071536335364 17.981079528464633
 0.140000 99.82864679039045 -34.07273878532713 84.35081551394732 -0.8466670339496392 -7.93614994563313 0.10248081137801987
 0.150000 112.19421295422782 -42.05473689792599 97.41316789014947 -12.844132417629355 -10.621038253215898 4.745504264362536
 0.160000 114.22163996505365 -24.995179991085777 94.04900843515468 -3.6341664974355528 -9.089012666024585 2.2856101463841116
 0.170000 99.73094604854452 -162.2323668376668 0.8252971731864926 -67.6946749551547 -32.51552103109743 23.938095767613117
 0.180000 5.142749465482841 -14.955046156928102 113.04722310406281 13.00190297921023 26.927800208703424 2.0990604931848007
 0.190000 114.53052386121689 -146.44152272781227 110.44162521269574 -56.70694610028321 -15.479437996216472 22.124712341737535
 0.200000 114.09225902759434 -81.87487746948662 87.05395253559057 -9.294261591590555 -8.366147941604744 3.2878215867304332
 0.210000 133.47179022143905 -196.44911214462928 71.50223630816728 -65.30939458989774 -23.261071928377206 24.245753429654094
 0.220000 111.91536256593375 -83.27382068912512 58.67054928290081 -3.5106235631515172 -8.631571282467101 2.880531109528673
 0.230000 118.74721881742623 -138.73610829319892 60.82436306092143 -37.81977329605493 -15.315753595023851 15.447861496585148
 0.240000 114.12740431212553 -73.08553484469778 64.90597297755542 -3.624837330165251 -8.03614069264645 2.672737862846515
 0.250000 118.70616383553913 -100.94385717590521 60.869061797468206 -20.755027219494647 -11.698504873621 9.21288216182562
 0.260000 117.18781504635938 -111.71649374170978 52.30933425507881 -22.5753807780918 -12.021523507296536 10.458704612391196
 0.270000 115.81949310892496 -117.17859947620084 47.45793098438773 -23.199540479821717 -12.311095780635112 11.014468073435744
 0.280000 114.6861356746188 -206.27544886269266 3.064374287699549 -61.41001881986082 -24.656205342358557 26.391669168625032
 0.290000 110.25239369802826 -98.95327204432154 40.178343988085004 -2.576106459292283 -8.687522088416362 2.8842705811203846
 0.300000 101.6993458337257 -208.58646566852346 -6.336216758841163 -60.004296111895094 -19.253678169391986 29.95106526027571
 0.310000 102.14292578689793 -148.95628409377454 2.4284254368253024 -20.229704996804315 -12.367151255537324 11.757927981187807
 0.320000 87.14209891769383 -209.94936768777924 -38.20384306373516 -58.826286505266104 -22.07534776654169 29.90348942151198
 0.330000 66.12490980789936 -191.8641751089134 -91.20921554270458 -47.13900848883233 -20.027536597029968 26.359868709746294
 0.340000 58.61850190497303 -175.81420356709125 -103.27276832488693 -41.214671805773186 -17.02267735967184 25.649307976935503
 0.350000 36.36845879667232 -196.31647193383537 -106.48391060871343 -58.193508110359915 -20.701973475507867 33.42199988953461
 0.360000 14.894498172841015 -157.95094447492184 -160.99812775820322 -47.058875048288044 -19.80511313392245 29.55573586297944
 0.370000 7.42411892826394 -148.67880583719133 -171.35169609021284 -46.96989043778269 -20.790099404912056 30.393010674325698
 0.380000 107.77398438528738 -126.10145300367003 -9.543669999868019 15.20213261137074 -6.138725367862489 -13.413347601263373
 0.390000 117.92374494065416 -133.43173732491366 -13.758458828520661 3.081674430604375 -10.22887317307627 -8.017226355273248
 0.400000 104.03909949019389 -119.26634793890368 -20.87328744856697 -1.3504781029012254 -13.551590024899204 -3.980698375025957
 0.410000 81.11688739427598 -121.3756542054075 2.215901127477571 3.6827522894090845 23.82644992382409 9.004836504696794
 0.420000 81.30691094862014 -120.93385146932404 -14.390037992869606 -3.8851504022750136 -10.079763377253057 0.027054586446464413
 0.430000 82.6462084530541 -122.8883688010174 -20.34240690883585 -7.050623517404265 -15.283845372443391 -1.7438257214711241
 0.440000 81.63246086052719 -136.25106442194223 8.412923457105414 -4.098780632035225 -13.506157996660288 -2.5212160690252112
 0.450000 79.03756017679599 -135.2818254400312 8.192141319132098 1.924938985618157 -10.736745581273814 -4.690629458785994
 0.460000 77.52498720574437 -133.07553125153223 0.30594029500483 -2.0955747857803533 -11.585457324152099 -4.496710034708996
 0.470000 76.5285659467451 -135.97825914725817 -3.810474350061352 -5.005646774344587 -12.718832141824377 -4.3053252936069395
 0.480000 83.75404115661921 -138.89028626967416 1.220404638651337 3.7268621838116256 -9.486680114255243 -8.673140900192706
 0.490000 85.94961991335666 -136.28950349647704 -2.5713968296883203 3.8023468869501627 -9.049052082023508 -8.984449391694737
 0.500000 83.82515900349614 -134.93359172353502 -7.689103989478814 1.2113955156823282 -10.95916315573634 -7.666712592588042
 0.510000 104.68791191766837 -142.02251302821952 52.071686132154255 21.533588571347163 29.346193746947428 -7.877074951201914
 0.520000 37.7025971210175 -152.42070583829582 18.802992372365225 -7.893725482451492 17.840632325606464 20.22645448138275
 0.530000 69.5363391400014 -151.33256040585297 50.23370304659487 13.079268689844369 29.037242444081706 4.409462694540664
 0.540000 28.465961529957276 -150.08229315050434 -31.456841141430562 -23.798941330366908 -15.862506776209443 14.060093312489457
 0.550000 70.22747800458522 -139.04751572421344 5.358571123885933 5.482994701467466 -8.57268253456625 -6.929144846696731
 0.560000 52.92830422174897 -134.67411378718427 -33.02917090181331 -13.255191291042957 -13.831788048013022 4.807023091733597
 0.570000 59.365033953662916 -132.9302071374422 -0.9967793432252874 0.9810204133926967 7.146064710971457 5.8101217064803246
 0.580000 67.082964475452 -122.63930806775652 -12.90503794961268 -14.645242383771064 -11.279261488322174 3.71251363195062
 0.590000 65.5788647076475 -119.36040901416878 -16.81328576484993 -14.411860407818638 -10.859091296773023 5.080782416653569
 0.600000 62.25378414407575 -118.45101417171833 -24.51300600449673 -13.060808744142319 -9.286576794341025 6.341555755359437
 0.610000 52.053627912006945 -124.27349912670739 -16.999832598826774 -5.741799297054898 8.802991714610126 13.930677151771338
 0.620000 39.07282158754273 -131.49484272939847 -4.269638796560414 2.028211007312298 27.776114892075547 21.92736194287037
 0.630000 27.14169300620552 -137.205516279353 -1.8832392997597136 4.237112536691734 30.245702316128245 22.871006187682873
 0.640000 17.809638122861116 -140.48275377721885 -2.8967622903662775 5.419750405922421 30.234643544514938 22.91520071963862
 0.650000 11.399991946570765 -143.09971125811785 -6.5470690308282995 6.457374528358383 29.852597178490296 22.651718167674595
 0.660000 5.657642773456243 -146.28938907084617 -9.93903327177202 7.466726591971503 29.799018464862563 22.14512034817521
 0.670000 0.6699908675167018 -147.8395290208111 -12.260741473160591 8.431143643526482 29.409957874192624 21.776551966308716
 0.680000 -4.366999290213479 -149.42174385588783 -14.977721673405163 9.332262686580144 28.620782944740476 21.759369856187533
 0.690000 -8.971709301603646 -150.7061606836276 -16.57830918100788 10.308176785105433 27.739394244385732 21.771285508928415
 0.700000 -13.584874916174133 -151.51549706832586 -17.408890815848192 11.150596004342598 26.735847817882917 21.986194146645328
 0.710000 -18.029489631978212 -151.09196086572928 -17.197492695687192 11.82447729855591 25.812246762483923 22.20599836114451
 0.720000 -22.298505142691063 -149.64017655470994 -16.308833464854914 12.311964904957346 25.018674383257398 22.37001769694226
 0.730000 -67.55547159016561 -140.11171821166081 -10.71486695986296 12.154974320771762 26.459972010214297 21.440674438413375
 0.740000 -86.22652585610084 -133.20255508179443 -6.371733651815825 11.75525386806139 27.181916105192077 21.019885996970043
 0.750000 -91.44151487069425 -129.60547337564148 -5.428447104380544 11.594771008403772 27.337660896135567 20.95143239405529
 0.760000 -89.41995638367148 -116.92884068425009 -11.446879652483386 8.330600208166443 29.803717154700962 20.252447231187695
 0.770000 -90.00313202183708 -112.75310568764976 -11.573624077596527 10.302951625533018 29.353896375325796 20.03946608636993
 0.780000 -94.34136995471206 -111.2945806097318 -10.502061118314236 11.597236008411391 29.607872257278796 22.44696491508816
 0.790000 -99.16208148893936 -110.10545651759129 -9.97195229246185 13.030880405576907 30.466493103943506 24.873193622860388
 0.800000 -103.1919086326105 -105.63504237653801 -7.663278723805144 13.677942373693169 30.83890154313809 27.314243872272417
 0.810000 -107.57901353680117 -101.180697968573 -7.209372176446439 14.032445253080011 31.267731056831103 29.056949666615605
 0.820000 -110.33118194441839 -95.52744983003589 -10.060482558787873 13.138817071492864 29.295867886230546 27.60422091146899
 0.830000 -114.15284899713961 -89.88456991386218 -12.8513734791198 13.198442747750496 29.17876678514021 27.968389476173485
 0.840000 -117.65607752175305 -85.21540370195068 -16.422679243614333 13.363646591099396 28.919841593576937 28.52182237386416
 0.850000 -120.4220833199021 -80.75680955544509 -21.341517380660065 14.092637377308195 29.05967751871452 28.655304102764457
 0.860000 -122.74955785908298 -77.35529396133518 -24.544372207539716 13.969823117567879 28.154825075722187 29.029488305471297
 0.870000 -125.08497772826969 -77.15485633212127 -28.5752136063679 13.70964112790109 26.400354883940878 29.947254217280257
 0.880000 -126.48543831802287 -74.4366903188862 -30.666533175163238 13.161034235311952 24.837565759275474 30.760989514405797
 0.890000 -127.61253166435833 -71.22897811285007 -32.15061260104548 12.365704504448598 23.50736509837064 31.217414058875285
 0.900000 -129.3531769665146 -69.14293354781063 -34.389618982100586 11.351985448821464 23.531916885820657 31.722428006781307
 0.910000 -174.55334768810658 -39.78655914973473 6.47270081300876 3.322944539974554 -23.378843587491357 45.54908028959573
 0.920000 -122.32912925826113 -49.42034291308379 -34.04996315112211 7.676942731299543 22.050915611754668 23.808346253055156
 0.930000 -177.65007646383484 -19.331001323053723 8.393758320108383 0.01197588233101976 -22.347284776396297 45.953372081231464
 0.940000 -181.64799195083657 18.405362805614523 28.396744966366704 -2.847685120935261 -28.284088919994083 47.318964866697165
 0.950000 -169.01820752221008 36.680852098520525 41.779243579203275 -2.8201498635695845 -30.309546941085376 47.0388166132562
 0.960000 -133.0405168560438 -8.076396193460749 -22.797583483188347 5.634381835009266 16.605243117399755 25.886159523669054
 0.970000 -148.6042307738262 -19.20669518001669 -36.90840044663987 5.068389660447044 20.12436271315909 29.05949745710586
 0.980000 -181.84891588810444 51.94077240060251 28.493706563904134 -8.954033639778446 -25.349874031250632 51.200350955682445
 0.990000 -169.03060338151607 91.62060986880745 53.30325846933949 -10.581472927801826 -28.581775943910003 50.58464367406052
 1.000000 -148.25581859809475 105.25987436352938 64.46970014035372 -10.459775652307858 -28.728979171003147 50.320207288416896
 1.010000 -134.10110510042935 118.31388286868453 72.88636007718019 -10.870284890723429 -28.63644730369593 50.25896991281657
 1.020000 -120.60623112777814 127.79570728262577 81.77416933307882 -11.507291087195435 -28.58731244307227 49.985793070547174
 1.030000 -106.13657843567675 134.77727351031817 92.09645211927592 -12.077722304359087 -28.347999234092242 49.1312953660213
 1.040000 -93.39450043550033 139.76669794973756 99.50735687328493 -12.038187702569555 -27.80486967960622 48.526602665428385
 1.050000 -82.22853479543602 144.5377738919938 105.58827608941847 -12.07725232863541 -27.767124807252827 48.13513754824149
 1.060000 -72.63808529601845 147.6663904763705 109.13604696009995 -11.736982190339516 -25.46261815154578 47.40477151710533
 1.070000 -59.996441157591605 152.74177018515115 116.35841117222014 -13.642040751926485 -27.519181590081484 48.20321706284915
 1.080000 -128.43242971982303 119.96635516519837 13.82505322039286 12.21625863519299 26.48290282631572 19.694762856249298
 1.090000 -128.66002475026184 113.7882728334634 22.57177590825801 3.3468680994307767 20.87219241560642 28.95641762393278
 1.100000 -60.68151129947324 146.0068792633894 101.49469888118736 -19.583481182022417 -19.48521166494654 49.138345729292105
 1.110000 -15.955343453693388 162.61031229797337 97.1394760235773 -25.96122744164511 -33.91172357890819 51.17898855929138
 1.120000 -51.88646766248448 143.04973100850833 24.345238429197114 -1.025369881933617 5.223634780926102 32.768619278575734
 1.130000 -17.3870859490956 181.54381707638888 83.10889987463811 -24.555377114340107 -34.23909679346493 52.86682452024932
 1.140000 -106.3650578450682 152.03781855200668 45.30883201648593 11.115790812062112 24.60224549555177 11.333633656639517
 1.150000 -50.61714506236075 156.00981155722135 126.60049671582046 -17.9306975595673 -15.80290256377231 30.840228007977633
