0.0 1.15 1.0
Linear 6 explicit
 0.000000 6.469858450960142 -704.6984345297753 -50.91984961012653 6.156157319001356 -4.672721694974276 1.1690028402085968
 0.010000 222.15416273288295 -739.1697586787072 -125.4450933243881 -80.45806529356709 -95.65351001875248 -66.54783214847936
 0.020000 -207.05324468180146 -121.33815576556 -237.28509339031743 -43.26142354878625 -49.80924141765465 -39.66966142017861
 0.030000 -32.27808341948721 -401.4758413819857 -218.44306743946186 -65.85501900764169 -62.36274721639446 -18.23144084268904
 0.040000 -34.22577004065734 -394.3912875231514 -196.62826945114037 -61.538871710627106 -59.24128927448097 -17.43382217408321
 0.050000 -254.1444808036647 -37.00548581537794 -193.01667043414847 -27.354222002673097 -39.12604235251332 -39.602036179749824
 0.060000 -35.106136742694105 -407.29614655042855 -156.8752830835549 -58.32938234891799 -56.04778738971698 -14.205070641682648
 0.070000 -220.0784030864615 -102.29633000963209 -168.00189935324497 -29.377011810672354 -40.703205358562975 -33.49932812466337
 0.080000 -213.16063820770782 -116.38331486747123 -157.5073671834806 -29.128942886987474 -40.799605671691914 -31.81018958990066
 0.090000 -251.5374848986366 -55.19326089121894 -160.05855277145332 -23.733755558455773 -38.38182761371894 -34.88501064495245
 0.100000 -247.3521466644379 -63.278135900135695 -150.87986410114536 -23.594374572663657 17.53577993244831 -33.52199087682824
 0.110000 -427.6740465754017 -425.8518363621064 -157.1971979986701 -56.55783177476405 73.92390210355049 -7.421961759958032
 0.120000 -224.39053155352437 -76.71724910091562 -131.42668235068038 -21.64062371460921 50.29787137641101 -35.511183551858856
 0.130000 -215.6585689170169 -93.27160154525664 -123.66802675036793 -22.301949583965836 19.16204444900068 -35.79425254924059
 0.140000 -209.8020550947166 -108.88765434143265 -114.49305149561503 -22.086731931085247 44.426984280523065 -35.24939412735953
 0.150000 -203.68936006348406 -125.5212413768194 -107.45230475436631 -22.626227946710948 41.18826982612512 -35.23585137542803
 0.160000 -197.00720775292172 -142.61117444247904 -99.94508198578752 -23.060125118018625 38.725468196396754 -35.08147936562896
 0.170000 -376.2105902008663 -558.9810346663079 -117.74434379426916 -62.03657819497084 53.3667865610726 -10.68382470221512
 0.180000 -191.3324986471377 -158.06741713099169 -89.07420092438157 -20.52921540042866 35.61973289219017 -34.78453346085441
 0.190000 -187.16316258991654 -173.58028770314027 -82.7615227826577 -21.702570285813163 34.58075600084527 -34.73250300230121
 0.200000 -181.8890689407705 -188.061966419745 -74.69078471277705 -22.423957378477226 33.59673904636831 -34.48272452375676
 0.210000 -175.55391677582446 -202.4430118940049 -66.87718393657784 -23.1281148262223 32.934151975648234 -34.43045811590809
 0.220000 -169.9367382544089 -217.11182892904392 -58.45802468365906 -23.512083507654424 32.28279262572075 -34.15553221226266
 0.230000 -164.20997416748835 -231.05653299600783 -50.134542275086375 -23.820988450332628 31.777266095256394 -33.96810543058696
 0.240000 -159.78177826107498 -242.6790382684953 -42.51168295433955 -23.91315537625222 31.33974889506057 -34.00936319705417
 0.250000 -156.23283542922272 -253.57559281905256 -34.68983736545812 -24.024212521240614 31.003857520337885 -33.68729004803376
 0.260000 -150.70758286477763 -262.4862130828193 -27.409230410367396 -24.13068241948949 30.57768855133791 -34.31721051838252
 0.270000 -147.2751021941956 -270.06085380430903 -21.61118832480649 -24.332921110997322 30.311565532116425 -34.56410183550903
 0.280000 -142.9703747822672 -276.9346517169428 -17.514705312400043 -24.852424187109467 30.30690068841879 -34.13533195422911
 0.290000 -139.59200558667072 -282.61990319260354 -8.53122793287801 -23.92495331558112 30.23930711526124 -34.175166685901445
 0.300000 -137.71270533614563 -288.3711638903815 -4.517440144005583 -24.490160854340225 30.123561776620367 -33.47662723425355
 0.310000 -132.94032801628288 -294.16371680321754 -1.3689401960917773 -25.13554332815878 30.028343393548663 -33.55455484886746
 0.320000 -131.61415852361685 -300.33466627746157 4.191646539197376 -24.774241708002073 30.50601245732341 -32.42555539936734
 0.330000 -126.76052706891797 -306.5646286688837 6.161920885313826 -25.525655569347496 30.27840056859947 -32.503158267589455
 0.340000 -123.14689997570709 -312.9130798140706 8.331018685283563 -26.131369925755596 30.216557569488376 -32.40808935364512
 0.350000 -262.0049807418936 -756.4280581617626 15.879026147092397 -69.30475017092564 44.234441510352276 -12.525708413706544
 0.360000 -260.6057777839958 -742.6599316015119 15.572233682860201 -66.83006107659311 43.44881623914487 -13.699366021729523
 0.370000 -259.1802930356883 -721.1550817616194 12.498072133787606 -64.12467901025727 42.354395066743855 -16.049007469438347
 0.380000 -266.20572249764143 -698.9448237956816 9.813096708759849 -61.67044283604571 41.60817281129039 -17.951247198382433
 0.390000 -268.9630748456147 -673.4579499063933 7.523421224985476 -59.065657919441264 40.4132305172094 -20.662299584555015
 0.400000 -270.24447980405506 -648.178688314668 6.934235089733458 -56.777132488782 39.23339823572043 -23.029355272904866
 0.410000 -270.54755914824017 -619.3390635327388 8.562828748458866 -54.21536020353064 38.19609900944097 -24.83164194007859
 0.420000 -271.96362524071264 -602.6930019906193 12.540805040148543 -53.58717964095748 37.403262639595994 -26.28157095964888
 0.430000 -275.0905060991412 -596.0422385034166 17.65687909387756 -53.971222662525975 36.99726162404665 -26.927715055208097
 0.440000 -273.73457813366497 -586.5331308800271 22.32599868344479 -54.35742648178124 36.222119677125164 -28.104594738969116
 0.450000 -269.2803371839931 -576.7453423181887 27.804137345444794 -54.63963281229516 35.25302778657391 -29.256226870587742
 0.460000 -263.2158285999533 -567.1032824223818 34.49683782292277 -54.848009665352095 34.15792335097513 -30.319407330599
 0.470000 -255.93279623548034 -556.7521861208215 42.02642562295652 -54.97380590857088 32.94722197114022 -31.379431828865304
 0.480000 -249.3563598908514 -544.8374405420429 48.25594905356704 -55.00644015857232 31.892204094611177 -32.21288989576673
 0.490000 -243.7971857907547 -534.4497867089868 54.54081833442337 -55.02856290120919 30.98961875851994 67.09147119023413
 0.500000 -234.5645246266982 -522.4249802912952 66.14277790398565 -54.372463504337915 29.858345216176314 -13.928774349113896
 0.510000 -224.26774514895826 -504.7860770311287 74.68910440893906 -53.34767667133115 28.708682963320875 58.638622975391144
 0.520000 -214.8311039126298 -485.3447283642445 82.17977406681929 -52.524173551392614 28.002354079461696 52.96819172768268
 0.530000 -206.20905085569845 -465.9393186620388 91.10656352641978 -52.25184232698108 27.176740202932113 48.332890579583484
 0.540000 -195.73908606652478 -452.4699370654618 101.5129407207231 -52.36897402826881 26.232703946934354 44.700290467190875
 0.550000 -182.16230525380684 -442.5443990938802 114.33937708501499 -52.28967878984171 24.635218181993277 41.33970790762495
 0.560000 -165.58075082492743 -436.51797956266904 132.2671089975674 -51.91738807306296 22.35221864038519 38.26255844483901
 0.570000 -150.32182260493286 -425.2077150036684 146.6626534572354 -51.18345537788338 20.403159792581338 35.72514147139135
 0.580000 -136.77284900209804 -416.1257324860112 160.36676306388125 -50.72041164398638 18.800216899219198 33.750689878670094
 0.590000 -1070.123066132805 -2064.5254401378656 367.9932309205682 -14.67595758301142 7.936287904734302 127.18513221472132
 0.600000 -1685.320255257353 -3517.855364575482 1402.1990596565506 69.68100438160792 -47.76277287488153 95.9556344282102
 0.610000 -1649.6253523318933 -3439.003358500174 1427.0143577205336 67.53724825658512 -43.9419197974446 96.42810396715981
 0.620000 -1609.3289079381616 -3353.574874761216 1452.4770778971606 66.70479706093704 -40.6836471630516 95.53992418277039
 0.630000 -1573.5074135345717 -3287.17788779509 1478.3865954457688 66.87568370095943 -37.81836657161399 95.56740587015025
 0.640000 -1528.3422043179316 -3208.6108678609526 1490.6360623329713 66.72749563681205 -34.726444831801835 96.31520231834051
 0.650000 -1462.7481123078016 -3101.7157257222207 1480.4551214161143 65.1816689934417 -31.093321410299374 96.53099337154148
 0.660000 -1370.8560980598554 -2978.4594178788398 1471.799216337717 60.339822230178925 -31.31391245731416 96.09559652767481
 0.670000 -789.4319200270961 -2839.26406021591 1454.6470864403161 53.57455185715827 -30.977959096027753 96.19948760169784
 0.680000 -719.4058016852875 -2696.235802826112 1424.509647671956 44.51682488244019 -29.763910776296903 96.74918247199102
 0.690000 -633.0146310696769 -2562.8507963081956 1396.3182401387517 34.520071047980636 -28.761410167648975 96.6880613933495
 0.700000 -536.3821749222805 -2442.5113596964366 1371.8405979279546 24.856692692288163 -127.65609568745191 95.01613152081299
 0.710000 -444.78285203579367 -2336.875727983646 1345.682213595013 16.527846336482668 -117.87896742024415 93.62435461809655
 0.720000 -357.98369017704516 -2245.271146208927 1317.3023560502013 8.621736292665418 -109.42857373765962 91.49579065026582
 0.730000 -279.5437139410694 -2168.548632615526 1292.0872485202267 1.554059926553407 -102.04712728602465 89.35156214019118
 0.740000 -208.22095344917236 -2101.0787565356563 1272.888307470054 -3.62693980361675 -95.08004462480133 87.15408881101199
 0.750000 -143.44755005088558 -2041.6151411379935 1257.460092811065 -7.800472313404953 -89.00341867233846 85.2917565697756
 0.760000 -80.29371829173226 -2034.1454969991414 1272.4905800409572 -14.76252118333614 -83.61596688955709 83.84377527900244
 0.770000 121.59334646483207 -2111.494466022055 1551.645035754116 -9.679336011689422 -100.00997900759256 70.0293252118042
 0.780000 72.25883896785948 -2325.8918340052724 2178.63101457043 -13.473288744729707 -72.85747453567078 79.69882509038312
 0.790000 92.10099651131426 -2279.672640072304 2120.571727483896 -17.473799679165985 -67.6197510682775 80.34086391512332
 0.800000 107.77802404755907 -2233.9936650475365 2056.524375473261 -21.53017183712835 -63.38370998280829 82.18895433390443
 0.810000 220.18260280653283 -1879.5409127458158 1808.8686686349902 9.436926075263067 -80.13399593656908 68.84056962783912
 0.820000 229.38955670744443 -1878.0813179488805 1790.2165550001046 4.071061788590619 -75.26422930368679 74.02587921799976
 0.830000 241.29118737530027 -1891.0152159037407 1793.9537482958021 0.38373863491145954 -71.35587664885918 79.02627582560788
 0.840000 255.99390485577473 -1910.800708884794 1813.3669885410704 -2.2273588798960873 -68.19885650079571 83.6265545422825
 0.850000 257.8745733980566 -1930.4064071306525 1844.9980696628006 95.77538101021779 -64.55680812179486 89.43776693023301
 0.860000 259.33604803508365 -1951.9177545742746 1872.6113997592204 85.93383801423997 -62.64929042583396 94.64302356327386
 0.870000 260.7921448186446 -1970.7982124608207 1892.00446258226 77.97988759798281 -61.73787181702218 99.22696409356365
 0.880000 259.6794727029375 -1986.1680688321662 1901.9358424681463 71.74877653443478 -60.55024299544134 103.49301995647205
 0.890000 261.45095108743135 -1995.5208775083847 1902.072986142351 66.62213187637485 -60.441530222083045 106.66430450498412
 0.900000 262.01088783466554 -1996.4722638667592 1891.1552962197707 62.28047993237561 -60.355050269653475 109.2866283532428
 0.910000 264.7332338289902 -1992.3554467863087 1872.6250835565884 58.18857525535791 -59.84856008637865 111.4519999754828
 0.920000 267.54055771192503 -1979.5812567728703 1849.0414350664828 54.18377669682752 -59.245677704753206 112.31344447900852
 0.930000 271.8128275100366 -1959.1489990842956 1816.6764906823742 51.087009951331495 -58.39058541167631 113.09342281616026
 0.940000 281.5173169470845 -1935.0311351164507 1780.0883484147516 47.43214626733302 -57.86250218787431 112.75840810961961
 0.950000 293.5667728630375 -1904.1949434875917 1742.1363023262284 44.66225015172741 -57.43169805867799 111.58235013635253
 0.960000 305.60066335368185 -1864.026460020372 1699.6411741915476 42.487980853680526 -57.094904839154 110.01048421779811
 0.970000 320.2302596682223 -1820.63685000156 1652.4222391872988 40.16367314784844 -56.756755170281 108.64538401899598
 0.980000 339.84953277379554 -1781.5577315326557 1609.110368095914 37.77101044818454 -55.83889160642798 106.71763285086698
 0.990000 361.96157230142376 -1740.917912315556 1572.978255658197 36.28241008235809 -54.69399913943491 103.69519610198856
 1.000000 385.8781389136231 -1702.2605065192492 1544.2153423590537 35.49587528945029 -53.453345897985955 100.43537521231771
 1.010000 410.7971043060437 -1667.8443526880783 1522.7030922620065 35.01260409491721 -52.03847289843546 97.30563894309891
 1.020000 438.89495799030954 -1633.978400572233 1513.9679631960316 35.140870653994554 -49.63264896241196 93.68605609591997
 1.030000 467.86061582245065 -1605.7964157804402 1516.420029297943 35.82866038268358 -47.64092002472143 90.10374853047702
 1.040000 496.5591429663043 -1585.502630496677 1521.266333950573 36.27084376363167 -45.58010608985331 87.16192531060592
 1.050000 524.6908544079756 -1571.8834706276552 1525.0769407806524 35.943560184352016 -43.44492116832536 85.12489138313629
 1.060000 551.9555744476709 -1563.208517434937 1528.9274642938683 34.89892987608245 -41.58091122236134 83.6107905278252
 1.070000 578.2104704765208 -1558.707530987945 1533.3120768966892 33.162049319153766 -39.93657423382642 82.39335034470759
 1.080000 602.8600928343957 -1558.2269895833526 1535.9690274307163 30.167745892942328 -39.6378824251963 80.45615607851298
 1.090000 627.6049157123031 -1569.9218670236296 1547.404604168893 26.20064046088208 -38.631887101018904 79.65655724732567
 1.100000 651.9009980689191 -1586.8368997474872 1571.2940850229747 22.366415421679022 -37.187845194133146 78.65234471277037
 1.110000 676.6123996260856 -1594.1576540736387 1600.002992289507 22.850332177344306 -37.82011276392188 78.14088410777507
 1.120000 700.0161004804879 -1587.5046991907448 1604.905812577061 21.260404803544247 -38.23976771016365 76.49076102588737
 1.130000 725.3419903534191 -1590.6242873238966 1631.6150853452816 20.8130827899189 -38.29279522009831 75.30178131856769
 1.140000 753.9867501535822 -1685.4669413821123 1718.2652548797998 15.520551622393691 -40.96781014596571 74.73771219681801
 1.150000 820.8949642311195 -1919.1144161383372 1915.2920462993106 4.148051507711148 -46.32965471190487 76.89430042012374
