0.0 1.15 1.0
Linear 1 explicit
 0.000000 0.0
 0.010000 0.9999999999064993
 0.020000 0.9999999998985514
 0.030000 0.9999999997900262
 0.040000 1.0000000002406533
 0.050000 1.000000000547914
 0.060000 1.0000000005276728
 0.070000 1.0000000001156957
 0.080000 0.9999999991577808
 0.090000 0.9999999999599772
 0.100000 0.9999999999225088
 0.110000 1.0000000000653588
 0.120000 0.999999999698741
 0.130000 1.0000000002373501
 0.140000 1.0000000002722185
 0.150000 0.9999999999517016
 0.160000 0.9999999992342894
 0.170000 0.999999999921166
 0.180000 1.0000000001635672
 0.190000 0.999999999759144
 0.200000 1.0000000001848082
 0.210000 1.0000000003965426
 0.220000 0.9999999995860994
 0.230000 1.0000000003049772
 0.240000 0.9999999999835306
 0.250000 1.0000000002691913
 0.260000 0.999999999579305
 0.270000 0.9999999995407491
 0.280000 0.999999999726909
 0.290000 1.000000000204329
 0.300000 0.9999999997068273
 0.310000 1.0000000003608036
 0.320000 0.9999999999686708
 0.330000 1.00000000023363
 0.340000 0.999999999665918
 0.350000 1.0000000000090161
 0.360000 0.9999999992304078
 0.370000 1.000000000245444
 0.380000 0.9999999991082632
 0.390000 1.0000000024231448
 0.400000 0.999999999735624
 0.410000 1.0000000009901684
 0.420000 1.0000000006511696
 0.430000 1.0000000012262633
 0.440000 0.999999998471938
 0.450000 0.9999999980640688
 0.460000 0.9999999988041672
 0.470000 1.0000000003328886
 0.480000 1.0000000000101965
 0.490000 1.0000000025437954
 0.500000 1.000000000882194
 0.510000 0.9999999959278397
 0.520000 1.0000000010923402
 0.530000 0.9999999993010013
 0.540000 1.0000000007539902
 0.550000 1.0000000003304685
 0.560000 1.0000000006646936
 0.570000 1.0000000008721313
 0.580000 1.0000000016324049
 0.590000 0.9999999989167928
 0.600000 0.999999999308301
 0.610000 0.9999999967788663
 0.620000 1.00000000112953
 0.630000 1.0000000028261251
 0.640000 0.9999999991798332
 0.650000 0.9999999990752926
 0.660000 1.0000000017188966
 0.670000 0.999999999622367
 0.680000 0.9999999987397074
 0.690000 0.9999999990170944
 0.700000 0.9999999987652298
 0.710000 0.9999999994580716
 0.720000 0.9999999999156696
 0.730000 1.0000000042767236
 0.740000 1.0000000045575788
 0.750000 1.0000000008705783
 0.760000 1.000000002083496
 0.770000 1.0000000014734691
 0.780000 0.9999999979963897
 0.790000 0.9999999984381505
 0.800000 0.9999999946490371
 0.810000 1.0000000001695786
 0.820000 1.000000000615073
 0.830000 0.9999999979926734
 0.840000 0.9999999973067858
 0.850000 0.9999999993031354
 0.860000 1.000000000496614
 0.870000 0.999999999967432
 0.880000 1.0000000004242087
 0.890000 1.0000000002257887
 0.900000 1.0000000023787385
 0.910000 0.9999999999962901
 0.920000 1.0000000011787216
 0.930000 0.9999999971800393
 0.940000 1.0000000006978453
 0.950000 1.0000000013819719
 0.960000 1.0000000018599802
 0.970000 0.999999998996006
 0.980000 1.000000000883412
 0.990000 1.0000000006831926
 1.000000 0.9999999980073936
 1.010000 0.9999999974098466
 1.020000 0.9999999984516809
 1.030000 1.00000000239585
 1.040000 0.9999999993876723
 1.050000 0.999999999882329
 1.060000 0.9999999975505551
 1.070000 1.0000000003740988
 1.080000 0.9999999975804841
 1.090000 1.000000001221326
 1.100000 1.0000000007714462
 1.110000 1.0000000027274596
 1.120000 1.000000002774765
 1.130000 0.9999999965659765
 1.140000 0.9999999980830737
 1.150000 0.9999999979614195
