0.0 1.15 1.0
Linear 1 explicit
 0.000000 0.0
 0.010000 -0.9999999999134013
 0.020000 -0.9999999994480055
 0.030000 -0.9999999993590777
 0.040000 -1.0000000000120828
 0.050000 -0.9999999999177244
 0.060000 -1.0000000009665417
 0.070000 -1.0000000000898421
 0.080000 -0.9999999998490378
 0.090000 -0.9999999993451992
 0.100000 -1.0000000000519984
 0.110000 -0.9999999995422297
 0.120000 -1.0000000006879752
 0.130000 -1.0000000002044729
 0.140000 -1.000000000531364
 0.150000 -0.999999999664748
 0.160000 -1.000000000147228
 0.170000 -1.0000000010618113
 0.180000 -1.000000000812149
 0.190000 -0.999999998049639
 0.200000 -1.000000001008302
 0.210000 -1.0000000012592547
 0.220000 -1.000000000465096
 0.230000 -1.0000000026383353
 0.240000 -0.9999999999963415
 0.250000 -1.000000002794193
 0.260000 -0.9999999977478977
 0.270000 -0.9999999992996398
 0.280000 -0.9999999997183933
 0.290000 -1.0000000016810617
 0.300000 -1.000000001520134
 0.310000 -0.9999999995172657
 0.320000 -0.9999999999732836
 0.330000 -1.000000000090883
 0.340000 -0.9999999993633868
 0.350000 -1.0000000014750103
 0.360000 -0.9999999974667962
 0.370000 -1.00000000212623
 0.380000 -0.9999999985254516
 0.390000 -0.9999999982170612
 0.400000 -1.000000000466618
 0.410000 -0.9999999997925328
 0.420000 -1.0000000022694364
 0.430000 -1.000000003439121
 0.440000 -1.0000000035350332
 0.450000 -0.999999999545815
 0.460000 -0.999999995598884
 0.470000 -0.9999999974025638
 0.480000 -0.9999999986104432
 0.490000 -0.9999999968037746
 0.500000 -1.0000000007378198
 0.510000 -0.999999997820385
 0.520000 -0.9999999938238711
 0.530000 -1.0000000083297953
 0.540000 -0.9999999963826312
 0.550000 -0.999999997194761
 0.560000 -1.0000000000326008
 0.570000 -1.0000000043024966
 0.580000 -1.0000000002199485
 0.590000 -0.9999999988480689
 0.600000 -0.9999999926671781
 0.610000 -0.9999999969456391
 0.620000 -1.0000000016854773
 0.630000 -0.9999999945396559
 0.640000 -0.9999999988988867
 0.650000 -0.9999999966588123
 0.660000 -1.0000000004333882
 0.670000 -1.0000000048004463
 0.680000 -0.9999999929179758
 0.690000 -1.0000000066195258
 0.700000 -0.9999999949107257
 0.710000 -0.9999999912987764
 0.720000 -0.9999999940027821
 0.730000 -1.0000000009064287
 0.740000 -0.9999999996266439
 0.750000 -0.9999999942411459
 0.760000 -1.0000000088007033
 0.770000 -0.9999999940387483
 0.780000 -1.0000000009483043
 0.790000 -1.0000000024452567
 0.800000 -1.0000000068739427
 0.810000 -0.9999999986333489
 0.820000 -1.0000000091900483
 0.830000 -0.999999983454748
 0.840000 -1.0000000032446152
 0.850000 0.999999998803991
 0.860000 1.0000000114357306
 0.870000 0.9999999982108919
 0.880000 1.0000000124099413
 0.890000 1.0000000157138438
 0.900000 1.0000000133621043
 0.910000 1.0000000005893543
 0.920000 0.9999999991595417
 0.930000 0.9999999937438133
 0.940000 1.0000000201182095
 0.950000 0.9999999947563398
 0.960000 0.9999999842937163
 0.970000 1.0000000017216455
 0.980000 1.0000000093891368
 0.990000 1.0000000016666162
 1.000000 1.0000000007041816
 1.010000 0.9999999943305411
 1.020000 1.000000006786699
 1.030000 0.9999999996867699
 1.040000 0.9999999923304135
 1.050000 1.0000000103238873
 1.060000 1.0000000013417323
 1.070000 0.9999999825782111
 1.080000 1.0000000140760732
 1.090000 1.0000000132548499
 1.100000 0.9999999930685658
 1.110000 1.000000001228711
 1.120000 0.9999999878247862
 1.130000 0.9999999996376077
 1.140000 1.0000000011185144
 1.150000 0.999999985838705
