0.0 1.15 1.0
Linear 4 explicit
 0.000000 -0.01989266855405011 0.9996403469494912 -0.01798495172358615 86.52254885162327
 0.010000 -0.019730576985909427 0.9996256505110159 -0.01895423889875956 86.2226216391394
 0.020000 -0.018274628499441847 0.9996247308112877 -0.02040675142368582 85.77612034944879
 0.030000 -0.017230439474911916 0.9996016329654743 -0.022353687128935915 85.18033349762227
 0.040000 -0.01713768684495465 0.9995527718870678 -0.02450624211264345 84.47534162911532
 0.050000 -0.01495346664306709 0.9995247719205297 -0.026955966919544036 83.76638101186192
 0.060000 -0.013997972882335712 0.9994706129634068 -0.029369211391140182 82.9932764972475
 0.070000 -0.012482733194324355 0.9994045715014183 -0.032166501738079556 82.20466981228797
 0.080000 -0.01080703432101804 0.999334848094815 -0.03482914573310109 81.42702417803427
 0.090000 -0.00835122176678261 0.9992548809378574 -0.03768209146093535 80.64052545877462
 0.100000 -0.005348562836910645 0.9991590432684774 -0.040652172517597916 80.07842893046399
 0.110000 -0.0024887628803957167 0.9990222434931284 -0.04414026580438152 79.91459372929799
 0.120000 5.733752316234156E-4 0.9988628417392043 -0.04767278713821275 80.00744245599039
 0.130000 0.003479243274274487 0.9986730099931879 -0.051382039443608946 80.15214937019783
 0.140000 0.006045869746467556 0.9984672775349895 -0.05501402685565562 80.46992567827243
 0.150000 0.008391660267953271 0.9982402482218845 -0.058702528632569 80.91539584962743
 0.160000 0.010406379618789542 0.9979743009977318 -0.0627614675682327 81.4580116548213
 0.170000 0.011309245513927077 0.9976521093152089 -0.06754531623155152 82.07514251213765
 0.180000 0.01224306066625433 0.9973155486660051 -0.07219282412087563 82.74709552740954
 0.190000 0.013291025902509628 0.9969578745483112 -0.07680068363349764 83.4651606259471
 0.200000 0.01428257895560019 0.996581520602362 -0.08137125249288477 84.21032038765784
 0.210000 0.015170383819818362 0.9961861820465379 -0.08592409530685503 84.98058234666547
 0.220000 0.01595330198350832 0.9957680434961761 -0.09050688210086844 85.76840536249233
 0.230000 0.016420614287075894 0.9953356742026968 -0.095064499608941 86.56568036135874
 0.240000 0.0168027678790648 0.9948687635506811 -0.0997687842099986 87.36809854975846
 0.250000 0.017013543581276987 0.9943726838179346 -0.10456340187429634 88.1739000302783
 0.260000 0.01694825495685417 0.9938605370744312 -0.10933430157110142 88.98096210364548
 0.270000 0.016990153606022143 0.9933104087160781 -0.11421806606987255 89.79436480296599
 0.280000 0.016812134571262728 0.9927155264419483 -0.11930312524088935 90.58940379014128
 0.290000 0.01661983093086409 0.9920886082821065 -0.12443461952649039 91.3963009593796
 0.300000 0.01626812620040092 0.9914523883447544 -0.12945080036604717 92.20944262475523
 0.310000 0.015904054835843093 0.9907743417800218 -0.1345855293489721 93.0018563926045
 0.320000 0.015507230063319317 0.9900763368477631 -0.13967237747628575 93.81196644069726
 0.330000 0.015078709047199186 0.9893592559882972 -0.14470969257016975 94.63257601423801
 0.340000 0.014717165730858814 0.9886102674741744 -0.14977698113359078 95.46481539636211
 0.350000 0.013453266190016147 0.9877507257681087 -0.1554590408223173 96.32335685496375
 0.360000 0.011317358367530703 0.9867843048335738 -0.16164359911144474 97.20931406460362
 0.370000 0.008235513290768236 0.9857440821739795 -0.1680499353758175 98.10805490344399
 0.380000 0.004295784779337682 0.9845858578734447 -0.1748491770319284 99.03264361278733
 0.390000 -2.3864490618999968E-4 0.9832910160656183 -0.18204043719254445 99.98061588111206
 0.400000 -0.004999884935247069 0.9817809884550173 -0.18995023521681537 100.96131236088347
 0.410000 -0.009948465314240608 0.9801590746976403 -0.19796266396913534 101.95422168943783
 0.420000 -0.014930335939469736 0.9784082745224593 -0.2061415373347123 102.95789930049578
 0.430000 -0.01997727023094508 0.9765311406414079 -0.2144477559493467 103.97334904986171
 0.440000 -0.025013110405021206 0.9745362759198631 -0.22283040910995655 104.99358649561294
 0.450000 -0.02995533526802197 0.9724213201489298 -0.23129948985847948 106.01390808909439
 0.460000 -0.034700006396706645 0.9701847469990145 -0.23986968596829153 107.0317860488476
 0.470000 -0.0391566523566346 0.9678636504282464 -0.24840835484325197 108.04309603327884
 0.480000 -0.04319436893727182 0.9654733719048222 -0.2568957271634618 109.04516853210956
 0.490000 -0.04891411720287774 0.963251439652708 -0.26410996411579923 109.89817942381742
 0.500000 -0.054035343366645186 0.9609004354045244 -0.2715704971211788 110.74743869811996
 0.510000 -0.06009195822113374 0.958595182438814 -0.2783598979060135 111.49606041433029
 0.520000 -0.0670229742226736 0.956380732372673 -0.2843304691246729 112.16078100681574
 0.530000 -0.07443477569869823 0.9542421658453031 -0.2896227772285002 112.7518228377074
 0.540000 -0.08238027844789973 0.9521418863012483 -0.2943455759367675 113.28394559680433
 0.550000 -0.09071875431032408 0.9500318042361745 -0.2986798931232935 113.7683330381937
 0.560000 -0.09934696269367713 0.9478576304386985 -0.3028136281983964 114.2166174880527
 0.570000 -0.10825927800358215 0.9455942167448259 -0.3068085819935329 114.63335975514842
 0.580000 -0.11707570099661618 0.9431889320095218 -0.31094681019571274 115.01928304535814
 0.590000 -0.12559625652878187 0.9411858407936626 -0.3136794437566524 115.2732023113702
 0.600000 -0.13276827099255215 0.939647275585895 -0.31533408268319707 115.3565666837519
 0.610000 -0.1390019466538323 0.9387510531220936 -0.3153171722069783 115.2566225205391
 0.620000 -0.1446217488727545 0.9385888599114137 -0.3132658644078196 114.96972569983626
 0.630000 -0.1498326462905322 0.9390966805964768 -0.3092694659973001 114.50801910973975
 0.640000 -0.1549052370238812 0.940184971530303 -0.3034082840845622 113.88887779227056
 0.650000 -0.16084679282370098 0.9414977688878805 -0.2961591808765558 113.14520458804864
 0.660000 -0.16762499268141062 0.9429699535579876 -0.2875926433610631 112.28762263229582
 0.670000 -0.17701536255423705 0.9444986584824495 -0.27674509127470576 111.35549121861973
 0.680000 -0.18814111828871985 0.9457609306164143 -0.2648380292341792 110.35983053908754
 0.690000 -0.20076058987142273 0.9465103188679265 -0.2526131465918086 109.31982385530364
 0.700000 -0.21499599740518666 0.9463320996806498 -0.2413136511135696 107.90005538107684
 0.710000 -0.2306974590594871 0.9452405991628925 -0.23086552812767944 106.2173600326436
 0.720000 -0.24765203274514985 0.9432185549240835 -0.2213757627296151 104.3714265928021
 0.730000 -0.26574667219268294 0.9402374215172244 -0.2129138262235589 102.40956288519351
 0.740000 -0.2847816150462357 0.9363436280707268 -0.20532910632203605 100.38835080776578
 0.750000 -0.3058993776223809 0.9312265624397926 -0.19809760265285145 98.30532344123849
 0.760000 -0.32861362390554105 0.9248865897249857 -0.19130572999926984 96.27490883706518
 0.770000 -0.35208481488292587 0.9173869387676068 -0.18557340247852078 94.2880703624735
 0.780000 -0.3763455847775929 0.9086068548749696 -0.18110103283147688 92.45112932659995
 0.790000 -0.4011539729313239 0.8986286793784756 -0.17760063794905584 90.75439564867588
 0.800000 -0.42623114563386183 0.8875923966999353 -0.17466180982719295 89.17849052764868
 0.810000 -0.45098728138618205 0.87591333319006 -0.17142434123478317 87.60750659117355
 0.820000 -0.47556179611854604 0.8635023934895824 -0.16794223563554533 86.06097606439019
 0.830000 -0.4999875313844351 0.8503133090414859 -0.16425512146358504 84.55512512049178
 0.840000 -0.5254116181258768 0.8355077501378902 -0.16083976808572106 83.07763721043169
 0.850000 -0.5497127500066531 0.8207735887128079 -0.15539179048978546 81.49513250607997
 0.860000 -0.5728750288281608 0.806137815475096 -0.14817565186687812 79.83187343700926
 0.870000 -0.5952313967523455 0.7913605780159806 -0.13945615756381974 78.10238627920818
 0.880000 -0.6168417799445701 0.7763889011031345 -0.12933094277349763 76.3476251926885
 0.890000 -0.6378451756005751 0.7611037786271303 -0.11779036515172138 74.57935587039185
 0.900000 -0.6584215859432376 0.7452537661192177 -0.10525131471442062 72.82234917659386
 0.910000 -0.6787990316951658 0.7286954391698662 -0.09074597237751704 71.06855263306481
 0.920000 -0.6988286501207039 0.7113585892837253 -0.0748830770117183 69.34848777507628
 0.930000 -0.7185164705632189 0.6931205492649847 -0.05760195930679044 67.66820331722047
 0.940000 -0.7377784895294377 0.673933674783759 -0.03868206794006799 66.04017978219805
 0.950000 -0.7562230292143752 0.6540790733579457 -0.017529856846106296 64.45932188536503
 0.960000 -0.773363166153462 0.6339419009551374 0.005203791932791325 62.92686193070726
 0.970000 -0.7896371970013876 0.6128968048923356 0.028820195428871497 61.45785317296166
 0.980000 -0.8051265473996061 0.5906452485936552 0.053939160042855684 60.06478614785874
 0.990000 -0.8197011640046497 0.5670904135940988 0.08061305439627178 58.76691525308978
 1.000000 -0.8331813562631069 0.5422106030418938 0.10870367760345365 57.575252180460986
 1.010000 -0.8455264550236532 0.515907612291291 0.13756580038306407 56.491317072995955
 1.020000 -0.8562419222689217 0.48871340571986244 0.16735882892430642 55.51449475366443
 1.030000 -0.8652275897521758 0.4605910631024313 0.1980835442983913 54.66085026743202
 1.040000 -0.8725746744044189 0.43141607411659827 0.2291148371054221 53.932530891184186
 1.050000 -0.8782066324492721 0.4013702044045559 0.26010588178346533 53.332309199027485
 1.060000 -0.8820895180794351 0.37060966424619035 0.290803299262089 52.85585936259969
 1.070000 -0.8832594357471624 0.3403322427542861 0.3225317561193659 52.51478079835571
 1.080000 -0.8826661766686511 0.3105912299990826 0.3527513407668393 52.24977495107433
 1.090000 -0.8809067968311194 0.2811527613607738 0.3807313226882559 52.04535405958134
 1.100000 -0.878076688566673 0.25486120175914256 0.4050025886752721 52.01489494421095
 1.110000 -0.8742353664788239 0.2294839472525246 0.4278430108708533 52.13210802843458
 1.120000 -0.8698958008772727 0.2058372999369016 0.44823241914298684 52.38498225636295
 1.130000 -0.8641278150858756 0.1855897124048918 0.4678029262888173 52.7731517671844
 1.140000 -0.8586558152151923 0.16698276197404827 0.48458946356751514 53.335307477937576
 1.150000 -0.8535789894087767 0.14753605989886337 0.4996358872913456 53.87817684649061
