0 3.3 1
Linear 3 explicit
0  378.6  1789.7974  781.02
0.005  378.6  1789.7963  781.0184
0.01  378.6  1789.7932  781.0138
0.015  378.6  1789.788  781.0061
0.02  378.6  1789.7808  780.9954
0.025  378.6  1789.7714  780.9816
0.03  378.6  1789.7601  780.9648
0.035  378.6  1789.7466  780.9449
0.04  378.6  1789.7311  780.922
0.045  378.6  1789.7135  780.896
0.05  378.6  1789.6938  780.867
0.055  378.6  1789.6721  780.8349
0.06  378.6  1789.6483  780.7998
0.065  378.6  1789.6225  780.7617
0.07  378.6  1789.5945  780.7204
0.075  378.6  1789.5645  780.6762
0.08  378.6  1789.5324  780.6289
0.085  378.6  1789.4983  780.5785
0.09  378.6  1789.4621  780.5251
0.095  378.6  1789.4238  780.4687
0.1  378.6  1789.3834  780.4092
0.105  378.6  1789.3409  780.3467
0.11  378.6  1789.2964  780.2811
0.115  378.6  1789.2498  780.2125
0.12  378.6  1789.2011  780.1409
0.125  378.6  1789.1503  780.0662
0.13  378.6  1789.0974  779.9885
0.135  378.6  1789.0424  779.9078
0.14  378.6  1788.9854  779.824
0.145  378.6  1788.9262  779.7372
0.15  378.6  1788.865  779.6473
0.155  378.6  1788.8016  779.5545
0.16  378.6  1788.7362  779.4585
0.165  378.6  1788.6687  779.3596
0.17  378.6  1788.599  779.2577
0.175  378.6  1788.5273  779.1527
0.18  378.6  1788.4534  779.0447
0.185  378.6  1788.3774  778.9337
0.19  378.6  1788.2994  778.8196
0.195  378.6  1788.2192  778.7026
0.2  378.6  1788.1369  778.5825
0.205  378.6  1788.0524  778.4594
0.21  378.6  1787.9659  778.3333
0.215  378.6  1787.8772  778.2042
0.22  378.6  1787.7864  778.0721
0.225  378.6  1787.6935  777.937
0.23  378.6  1787.5984  777.7989
0.235  378.6  1787.5012  777.6577
0.24  378.6  1787.4018  777.5136
0.245  378.6  1787.3003  777.3665
0.25  378.6  1787.1967  777.2164
0.255  378.6  1787.0909  777.0633
0.26  378.6  1786.9829  776.9072
0.265  378.6  1786.8728  776.7481
0.27  378.6  1786.7605  776.5861
0.275  378.6  1786.6461  776.421
0.28  378.6  1786.5294  776.253
0.285  378.6  1786.4107  776.082
0.29  378.6  1786.2897  775.908
0.295  378.6  1786.1665  775.7311
0.3  378.6  1786.0412  775.5512
0.305  378.6  1785.9137  775.3683
0.31  378.6  1785.784  775.1825
0.315  378.6  1785.6521  774.9937
0.32  378.6  1785.518  774.802
0.325  378.6  1785.3816  774.6073
0.33  378.6  1785.2431  774.4096
0.335  378.6  1785.1023  774.209
0.34  378.6  1784.9594  774.0055
0.345  378.6  1784.8142  773.799
0.35  378.6  1784.6668  773.5896
0.355  378.6  1784.5171  773.3772
0.36  378.6  1784.3652  773.162
0.365  378.6  1784.2111  772.9437
0.37  378.6  1784.0547  772.7226
0.375  378.6  1783.8961  772.4986
0.38  378.6  1783.7352  772.2716
0.385  378.6  1783.572  772.0418
0.39  378.6  1783.4066  771.809
0.395  378.6  1783.2389  771.5733
0.4  378.6  1783.0689  771.3347
0.405  378.6  1782.8966  771.0932
0.41  378.6  1782.722  770.8489
0.415  378.6  1782.5452  770.6016
0.42  378.6  1782.366  770.3515
0.425  378.6  1782.1846  770.0985
0.43  378.6  1782.0008  769.8426
0.435  378.6  1781.8147  769.5838
0.44  378.6  1781.6263  769.3222
0.445  378.6  1781.4355  769.0577
0.45  378.6  1781.2424  768.7904
0.455  378.6  1781.047  768.5202
0.46  378.6  1780.8492  768.2471
0.465  378.6  1780.6491  767.9712
0.47  378.6  1780.4466  767.6925
0.475  378.6  1780.2417  767.4109
0.48  378.6  1780.0345  767.1265
0.485  378.6  1779.8249  766.8393
0.49  378.6  1779.6129  766.5493
0.495  378.6  1779.3985  766.2564
0.5  378.6  1779.1817  765.9608
0.505  378.6  1778.9625  765.6623
0.51  378.6  1778.7409  765.361
0.515  378.6  1778.5168  765.057
0.52  378.6  1778.2904  764.7501
0.525  378.6  1778.0615  764.4405
0.53  378.6  1777.8302  764.1281
0.535  378.6  1777.5964  763.8129
0.54  378.6  1777.3601  763.495
0.545  378.6  1777.1215  763.1743
0.55  378.6  1776.8803  762.8508
0.555  378.6  1776.6367  762.5246
0.56  378.6  1776.3905  762.1956
0.565  378.6  1776.1419  761.8639
0.57  378.6  1775.8908  761.5295
0.575  378.6  1775.6372  761.1923
0.58  378.6  1775.3811  760.8525
0.585  378.6  1775.1224  760.5099
0.59  378.6  1774.8613  760.1646
0.595  378.6  1774.5976  759.8166
0.6  378.6  1774.3313  759.4659
0.605  378.6  1774.0625  759.1125
0.61  378.6  1773.7911  758.7565
0.615  378.6  1773.5172  758.3977
0.62  378.6  1773.2407  758.0363
0.625  378.6  1772.9616  757.6723
0.63  378.6  1772.68  757.3055
0.635  378.6  1772.3957  756.9362
0.64  378.6  1772.1088  756.5641
0.645  378.6  1771.8193  756.1895
0.65  378.6  1771.5272  755.8122
0.655  378.6  1771.2324  755.4323
0.66  378.6  1770.9351  755.0498
0.665  378.6  1770.635  754.6647
0.67  378.6  1770.3323  754.2769
0.675  378.6  1770.027  753.8866
0.68  378.6  1769.7189  753.4937
0.685  378.6  1769.4082  753.0983
0.69  378.6  1769.0948  752.7002
0.695  378.6  1768.7787  752.2996
0.7  378.6  1768.4599  751.8964
0.705  378.6  1768.1383  751.4907
0.71  378.6  1767.8141  751.0825
0.715  378.6  1767.487  750.6717
0.72  378.6  1767.1573  750.2584
0.725  378.6  1766.8248  749.8426
0.73  378.6  1766.4895  749.4242
0.735  378.6  1766.1515  749.0034
0.74  378.6  1765.8107  748.5801
0.745  378.6  1765.4671  748.1543
0.75  378.6  1765.1207  747.726
0.755  378.6  1764.7715  747.2952
0.76  378.6  1764.4194  746.862
0.765  378.6  1764.0646  746.4264
0.77  378.6  1763.7069  745.9883
0.775  378.6  1763.3463  745.5478
0.78  378.6  1762.9829  745.1048
0.785  378.6  1762.6166  744.6595
0.79  378.6  1762.2475  744.2117
0.795  378.6  1761.8755  743.7616
0.8  378.6  1761.5005  743.309
0.805  378.6  1761.1227  742.8541
0.81  378.6  1760.7419  742.3968
0.815  378.6  1760.3583  741.9372
0.82  378.6  1759.9717  741.4752
0.825  378.6  1759.5821  741.0109
0.83  378.6  1759.1896  740.5442
0.835  378.6  1758.7941  740.0752
0.84  378.6  1758.3957  739.6039
0.845  378.6  1757.9943  739.1303
0.85  378.6  1757.5898  738.6544
0.855  378.6  1757.1824  738.1763
0.86  378.6  1756.772  737.6959
0.865  378.6  1756.3585  737.2132
0.87  378.6  1755.942  736.7282
0.875  378.6  1755.5224  736.241
0.88  378.6  1755.0998  735.7516
0.885  378.6  1754.6741  735.26
0.89  378.6  1754.2454  734.7662
0.895  378.6  1753.8135  734.2701
0.9  378.6  1753.3786  733.7719
0.905  378.6  1752.9405  733.2715
0.91  378.6  1752.4994  732.769
0.915  378.6  1752.0551  732.2642
0.92  378.6  1751.6076  731.7574
0.925  378.6  1751.157  731.2484
0.93  378.6  1750.7033  730.7373
0.935  378.6  1750.2463  730.2241
0.94  378.6  1749.7862  729.7088
0.945  378.6  1749.3229  729.1914
0.95  378.6  1748.8564  728.6719
0.955  378.6  1748.3867  728.1504
0.96  378.6  1747.9137  727.6268
0.965  378.6  1747.4375  727.1012
0.97  378.6  1746.958  726.5735
0.975  378.6  1746.4753  726.0439
0.98  378.6  1745.9893  725.5122
0.985  378.6  1745.5001  724.9786
0.99  378.6  1745.0075  724.4429
0.995  378.6  1744.5117  723.9053
1  378.6  1744.0125  723.3658
1.005  378.6  1743.51  722.8243
1.01  378.6  1743.0041  722.2809
1.015  378.6  1742.4949  721.7356
1.02  378.6  1741.9824  721.1884
1.025  378.6  1741.4664  720.6392
1.03  378.6  1740.9471  720.0883
1.035  378.6  1740.4244  719.5354
1.04  378.6  1739.8983  718.9807
1.045  378.6  1739.3688  718.4242
1.05  378.6  1738.8358  717.8658
1.055  378.6  1738.2994  717.3057
1.06  378.6  1737.7595  716.7437
1.065  378.6  1737.2162  716.18
1.07  378.6  1736.6694  715.6145
1.075  378.6  1736.1191  715.0472
1.08  378.6  1735.5654  714.4782
1.085  378.6  1735.0081  713.9075
1.09  378.6  1734.4473  713.3351
1.095  378.6  1733.8829  712.7609
1.1  378.6  1733.3151  712.1851
1.105  378.6  1732.7436  711.6077
1.11  378.6  1732.1686  711.0285
1.115  378.6  1731.59  710.4478
1.12  378.6  1731.0079  709.8654
1.125  378.6  1730.4221  709.2814
1.13  378.6  1729.8327  708.6958
1.135  378.6  1729.2397  708.1087
1.14  378.6  1728.643  707.5199
1.145  378.6  1728.0427  706.9297
1.15  378.6  1727.4388  706.3379
1.155  378.6  1726.8311  705.7446
1.16  378.6  1726.2198  705.1498
1.165  378.6  1725.6048  704.5535
1.17  378.6  1724.9861  703.9557
1.175  378.6  1724.3637  703.3565
1.18  378.6  1723.7375  702.7558
1.185  378.6  1723.1076  702.1538
1.19  378.6  1722.4739  701.5503
1.195  378.6  1721.8365  700.9455
1.2  378.6  1721.1953  700.3392
1.205  378.6  1720.5503  699.7316
1.21  378.6  1719.9015  699.1227
1.215  378.6  1719.2489  698.5125
1.22  378.6  1718.5925  697.901
1.225  378.6  1717.9322  697.2881
1.23  378.6  1717.2681  696.674
1.235  378.6  1716.6002  696.0587
1.24  378.6  1715.9283  695.4421
1.245  378.6  1715.2526  694.8243
1.25  378.6  1714.573  694.2053
1.255  378.6  1713.8895  693.5852
1.26  378.6  1713.202  692.9638
1.265  378.6  1712.5106  692.3414
1.27  378.6  1711.8153  691.7178
1.275  378.6  1711.1161  691.0931
1.28  378.6  1710.4128  690.4673
1.285  378.6  1709.7056  689.8404
1.29  378.6  1708.9945  689.2125
1.295  378.6  1708.2793  688.5835
1.3  378.6  1707.5601  687.9535
1.305  378.6  1706.8368  687.3225
1.31  378.6  1706.1096  686.6906
1.315  378.6  1705.3783  686.0577
1.32  378.6  1704.6429  685.4238
1.325  378.6  1703.9035  684.7891
1.33  378.6  1703.16  684.1534
1.335  378.6  1702.4124  683.5168
1.34  378.6  1701.6607  682.8794
1.345  378.6  1700.9049  682.2412
1.35  378.6  1700.1449  681.6021
1.355  378.6  1699.3809  680.9622
1.36  378.6  1698.6126  680.3216
1.365  378.6  1697.8403  679.6802
1.37  378.6  1697.0637  679.038
1.375  378.6  1696.283  678.3951
1.38  378.6  1695.498  677.7515
1.385  378.6  1694.7089  677.1073
1.39  378.6  1693.9155  676.4624
1.395  378.6  1693.118  675.8168
1.4  378.6  1692.3161  675.1707
1.405  378.6  1691.5101  674.5239
1.41  378.6  1690.6997  673.8766
1.415  378.6  1689.8851  673.2287
1.42  378.6  1689.0663  672.5803
1.425  378.6  1688.2431  671.9314
1.43  378.6  1687.4156  671.2819
1.435  378.6  1686.5838  670.6321
1.44  378.6  1685.7477  669.9818
1.445  378.6  1684.9072  669.331
1.45  378.6  1684.0624  668.6799
1.455  378.6  1683.2132  668.0284
1.46  378.6  1682.3597  667.3765
1.465  378.6  1681.5018  666.7243
1.47  378.6  1680.6394  666.0718
1.475  378.6  1679.7727  665.4191
1.48  378.6  1678.9016  664.766
1.485  378.6  1678.0261  664.1127
1.49  378.6  1677.1461  663.4592
1.495  378.6  1676.2616  662.8056
1.5  378.6  1675.3728  662.1517
1.505  378.6  1674.4794  661.4977
1.51  378.6  1673.5816  660.8436
1.515  378.6  1672.6793  660.1894
1.52  378.6  1671.7725  659.5351
1.525  378.6  1670.8612  658.8808
1.53  378.6  1669.9454  658.2264
1.535  378.6  1669.025  657.5721
1.54  378.6  1668.1002  656.9177
1.545  378.6  1667.1707  656.2635
1.55  378.6  1666.2367  655.6093
1.555  378.6  1665.2982  654.9552
1.56  378.6  1664.3551  654.3012
1.565  378.6  1663.4074  653.6474
1.57  378.6  1662.4551  652.9937
1.575  378.6  1661.4982  652.3403
1.58  378.6  1660.5367  651.6871
1.585  378.6  1659.5706  651.0341
1.59  378.6  1658.5998  650.3814
1.595  378.6  1657.6244  649.729
1.6  378.6  1656.6443  649.077
1.605  378.6  1655.6596  648.4253
1.61  378.6  1654.6702  647.774
1.615  378.6  1653.6762  647.1231
1.62  378.6  1652.6775  646.4726
1.625  378.6  1651.674  645.8226
1.63  378.6  1650.6659  645.1731
1.635  378.6  1649.653  644.5241
1.64  378.6  1648.6355  643.8756
1.645  378.6  1647.6133  643.2278
1.65  378.6  1646.5904  642.5832
1.655  378.6  1645.5691  641.9431
1.66  378.6  1644.5494  641.3075
1.665  378.6  1643.5312  640.6763
1.67  378.6  1642.5145  640.0496
1.675  378.6  1641.4995  639.4273
1.68  378.6  1640.4861  638.8095
1.685  378.6  1639.4743  638.196
1.69  378.6  1638.4642  637.5869
1.695  378.6  1637.4558  636.9822
1.7  378.6  1636.449  636.3818
1.705  378.6  1635.444  635.7857
1.71  378.6  1634.4408  635.194
1.715  378.6  1633.4392  634.6065
1.72  378.6  1632.4395  634.0232
1.725  378.6  1631.4416  633.4442
1.73  378.6  1630.4454  632.8694
1.735  378.6  1629.4511  632.2988
1.74  378.6  1628.4587  631.7324
1.745  378.6  1627.4681  631.1702
1.75  378.6  1626.4794  630.6121
1.755  378.6  1625.4927  630.0581
1.76  378.6  1624.5078  629.5082
1.765  378.6  1623.5249  628.9624
1.77  378.6  1622.544  628.4207
1.775  378.6  1621.565  627.883
1.78  378.6  1620.5881  627.3493
1.785  378.6  1619.6131  626.8197
1.79  378.6  1618.6402  626.294
1.795  378.6  1617.6693  625.7723
1.8  378.6  1616.7005  625.2545
1.805  378.6  1615.7338  624.7407
1.81  378.6  1614.7691  624.2307
1.815  378.6  1613.8066  623.7247
1.82  378.6  1612.8462  623.2225
1.825  378.6  1611.888  622.7242
1.83  378.6  1610.9319  622.2297
1.835  378.6  1609.9781  621.739
1.84  378.6  1609.0264  621.2521
1.845  378.6  1608.0769  620.769
1.85  378.6  1607.1296  620.2896
1.855  378.6  1606.1846  619.814
1.86  378.6  1605.2419  619.3421
1.865  378.6  1604.3014  618.8738
1.87  378.6  1603.3632  618.4093
1.875  378.6  1602.4273  617.9484
1.88  378.6  1601.4937  617.4911
1.885  378.6  1600.5625  617.0374
1.89  378.6  1599.6336  616.5874
1.895  378.6  1598.7071  616.1409
1.9  378.6  1597.7829  615.698
1.905  378.6  1596.8612  615.2586
1.91  378.6  1595.9418  614.8228
1.915  378.6  1595.0249  614.3904
1.92  378.6  1594.1104  613.9616
1.925  378.6  1593.1984  613.5362
1.93  378.6  1592.2888  613.1142
1.935  378.6  1591.3816  612.6957
1.94  378.6  1590.477  612.2806
1.945  378.6  1589.5749  611.8688
1.95  378.6  1588.6753  611.4605
1.955  378.6  1587.7782  611.0554
1.96  378.6  1586.8836  610.6538
1.965  378.6  1585.9917  610.2554
1.97  378.6  1585.1022  609.8603
1.975  378.6  1584.2154  609.4685
1.98  378.6  1583.3311  609.08
1.985  378.6  1582.4495  608.6947
1.99  378.6  1581.5704  608.3126
1.995  378.6  1580.694  607.9337
2  378.6  1579.8202  607.558
2.005  378.6  1578.9491  607.1855
2.01  378.6  1578.0807  606.8161
2.015  378.6  1577.2149  606.4498
2.02  378.6  1576.3518  606.0867
2.025  378.6  1575.4914  605.7266
2.03  378.6  1574.6337  605.3696
2.035  378.6  1573.7788  605.0157
2.04  378.6  1572.9265  604.6648
2.045  378.6  1572.077  604.3169
2.05  378.6  1571.2303  603.972
2.055  378.6  1570.3863  603.6301
2.06  378.6  1569.5452  603.2911
2.065  378.6  1568.7068  602.9551
2.07  378.6  1567.8712  602.6221
2.075  378.6  1567.0384  602.2919
2.08  378.6  1566.2084  601.9646
2.085  378.6  1565.3812  601.6402
2.09  378.6  1564.5569  601.3187
2.095  378.6  1563.7355  601
2.1  378.6  1562.9169  600.6841
2.105  378.6  1562.1011  600.371
2.11  378.6  1561.2883  600.0607
2.115  378.6  1560.4783  599.7532
2.12  378.6  1559.6712  599.4484
2.125  378.6  1558.8671  599.1463
2.13  378.6  1558.0658  598.847
2.135  378.6  1557.2675  598.5504
2.14  378.6  1556.4722  598.2564
2.145  378.6  1555.6797  597.9651
2.15  378.6  1554.8902  597.6764
2.155  378.6  1554.1037  597.3904
2.16  378.6  1553.3202  597.107
2.165  378.6  1552.5396  596.8262
2.17  378.6  1551.762  596.548
2.175  378.6  1550.9875  596.2723
2.18  378.6  1550.2159  595.9991
2.185  378.6  1549.4473  595.7285
2.19  378.6  1548.6818  595.4604
2.195  378.6  1547.9193  595.1948
2.2  378.6  1547.1598  594.9317
2.205  378.6  1546.4034  594.671
2.21  378.6  1545.6501  594.4128
2.215  378.6  1544.8998  594.157
2.22  378.6  1544.1526  593.9036
2.225  378.6  1543.4084  593.6526
2.23  378.6  1542.6674  593.404
2.235  378.6  1541.9294  593.1577
2.24  378.6  1541.1946  592.9138
2.245  378.6  1540.4628  592.6722
2.25  378.6  1539.7342  592.433
2.255  378.6  1539.0087  592.196
2.26  378.6  1538.2863  591.9613
2.265  378.6  1537.5671  591.7288
2.27  378.6  1536.851  591.4987
2.275  378.6  1536.1381  591.2707
2.28  378.6  1535.4283  591.045
2.285  378.6  1534.7217  590.8215
2.29  378.6  1534.0183  590.6001
2.295  378.6  1533.318  590.3809
2.3  378.6  1532.6209  590.1639
2.305  378.6  1531.9271  589.949
2.31  378.6  1531.2364  589.7363
2.315  378.6  1530.5489  589.5256
2.32  378.6  1529.8647  589.3171
2.325  378.6  1529.1836  589.1106
2.33  378.6  1528.5058  588.9062
2.335  378.6  1527.8312  588.7038
2.34  378.6  1527.1599  588.5035
2.345  378.6  1526.4918  588.3052
2.35  378.6  1525.827  588.1089
2.355  378.6  1525.1654  587.9145
2.36  378.6  1524.507  587.7222
2.365  378.6  1523.852  587.5318
2.37  378.6  1523.2002  587.3434
2.375  378.6  1522.5516  587.1569
2.38  378.6  1521.9064  586.9723
2.385  378.6  1521.2645  586.7896
2.39  378.6  1520.6258  586.6088
2.395  378.6  1519.9905  586.4298
2.4  378.6  1519.3584  586.2527
2.405  378.6  1518.7297  586.0775
2.41  378.6  1518.1043  585.9041
2.415  378.6  1517.4822  585.7325
2.42  378.6  1516.8634  585.5627
2.425  378.6  1516.2479  585.3947
2.43  378.6  1515.6358  585.2285
2.435  378.6  1515.027  585.0641
2.44  378.6  1514.4216  584.9014
2.445  378.6  1513.8195  584.7404
2.45  378.6  1513.2208  584.5811
2.455  378.6  1512.6255  584.4236
2.46  378.6  1512.0335  584.2677
2.465  378.6  1511.4448  584.1135
2.47  378.6  1510.8596  583.961
2.475  378.6  1510.2777  583.8102
2.48  378.6  1509.6992  583.661
2.485  378.6  1509.1241  583.5134
2.49  378.6  1508.5523  583.3674
2.495  378.6  1507.984  583.223
2.5  378.6  1507.419  583.0803
2.505  378.6  1506.8575  582.9391
2.51  378.6  1506.2994  582.7994
2.515  378.6  1505.7447  582.6613
2.52  378.6  1505.1934  582.5248
2.525  378.6  1504.6455  582.3898
2.53  378.6  1504.101  582.2563
2.535  378.6  1503.56  582.1243
2.54  378.6  1503.0224  581.9938
2.545  378.6  1502.4882  581.8647
2.55  378.6  1501.9574  581.7372
2.555  378.6  1501.4301  581.611
2.56  378.6  1500.9063  581.4864
2.565  378.6  1500.3859  581.3631
2.57  378.6  1499.8689  581.2413
2.575  378.6  1499.3554  581.1209
2.58  378.6  1498.8453  581.0019
2.585  378.6  1498.3387  580.8842
2.59  378.6  1497.8356  580.768
2.595  378.6  1497.336  580.6531
2.6  378.6  1496.8398  580.5395
2.605  378.6  1496.3471  580.4273
2.61  378.6  1495.8578  580.3164
2.615  378.6  1495.3721  580.2068
2.62  378.6  1494.8898  580.0985
2.625  378.6  1494.411  579.9916
2.63  378.6  1493.9357  579.8859
2.635  378.6  1493.4639  579.7815
2.64  378.6  1492.9956  579.6783
2.645  378.6  1492.5307  579.5764
2.65  378.6  1492.0694  579.4757
2.655  378.6  1491.6116  579.3763
2.66  378.6  1491.1573  579.2781
2.665  378.6  1490.7065  579.1811
2.67  378.6  1490.2592  579.0853
2.675  378.6  1489.8154  578.9907
2.68  378.6  1489.3751  578.8972
2.685  378.6  1488.9384  578.805
2.69  378.6  1488.5052  578.7139
2.695  378.6  1488.0755  578.6239
2.7  378.6  1487.6493  578.5351
2.705  378.6  1487.2266  578.4474
2.71  378.6  1486.8075  578.3609
2.715  378.6  1486.3919  578.2754
2.72  378.6  1485.9799  578.191
2.725  378.6  1485.5714  578.1078
2.73  378.6  1485.1664  578.0256
2.735  378.6  1484.765  577.9445
2.74  378.6  1484.3671  577.8645
2.745  378.6  1483.9727  577.7855
2.75  378.6  1483.5819  577.7076
2.755  378.6  1483.1947  577.6307
2.76  378.6  1482.811  577.5548
2.765  378.6  1482.4309  577.4799
2.77  378.6  1482.0543  577.4061
2.775  378.6  1481.6812  577.3333
2.78  378.6  1481.3118  577.2614
2.785  378.6  1480.9459  577.1906
2.79  378.6  1480.5835  577.1207
2.795  378.6  1480.2248  577.0518
2.8  378.6  1479.8695  576.9839
2.805  378.6  1479.5179  576.9169
2.81  378.6  1479.1698  576.8509
2.815  378.6  1478.8253  576.7857
2.82  378.6  1478.4844  576.7216
2.825  378.6  1478.1471  576.6583
2.83  378.6  1477.8133  576.596
2.835  378.6  1477.4831  576.5346
2.84  378.6  1477.1565  576.474
2.845  378.6  1476.8334  576.4144
2.85  378.6  1476.514  576.3556
2.855  378.6  1476.1981  576.2978
2.86  378.6  1475.8858  576.2408
2.865  378.6  1475.5772  576.1846
2.87  378.6  1475.2721  576.1293
2.875  378.6  1474.9705  576.0749
2.88  378.6  1474.6726  576.0213
2.885  378.6  1474.3783  575.9685
2.89  378.6  1474.0876  575.9166
2.895  378.6  1473.8004  575.8655
2.9  378.6  1473.5169  575.8152
2.905  378.6  1473.2369  575.7657
2.91  378.6  1472.9606  575.717
2.915  378.6  1472.6879  575.6691
2.92  378.6  1472.4187  575.622
2.925  378.6  1472.1532  575.5757
2.93  378.6  1471.8913  575.5302
2.935  378.6  1471.6329  575.4854
2.94  378.6  1471.3782  575.4414
2.945  378.6  1471.1271  575.3982
2.95  378.6  1470.8796  575.3557
2.955  378.6  1470.6357  575.314
2.96  378.6  1470.3954  575.273
2.965  378.6  1470.1587  575.2327
2.97  378.6  1469.9257  575.1932
2.975  378.6  1469.6962  575.1544
2.98  378.6  1469.4704  575.1163
2.985  378.6  1469.2482  575.079
2.99  378.6  1469.0296  575.0424
2.995  378.6  1468.8146  575.0064
3  378.6  1468.6032  574.9712
3.005  378.6  1468.3955  574.9366
3.01  378.6  1468.1914  574.9028
3.015  378.6  1467.9909  574.8696
3.02  378.6  1467.794  574.8372
3.025  378.6  1467.6007  574.8054
3.03  378.6  1467.4111  574.7743
3.035  378.6  1467.225  574.7438
3.04  378.6  1467.0427  574.714
3.045  378.6  1466.8639  574.6849
3.05  378.6  1466.6887  574.6564
3.055  378.6  1466.5172  574.6286
3.06  378.6  1466.3493  574.6015
3.065  378.6  1466.1851  574.5749
3.07  378.6  1466.0244  574.5491
3.075  378.6  1465.8674  574.5238
3.08  378.6  1465.7141  574.4992
3.085  378.6  1465.5643  574.4752
3.09  378.6  1465.4182  574.4519
3.095  378.6  1465.2757  574.4292
3.1  378.6  1465.1369  574.4071
3.105  378.6  1465.0017  574.3856
3.11  378.6  1464.8701  574.3647
3.115  378.6  1464.7421  574.3445
3.12  378.6  1464.6178  574.3248
3.125  378.6  1464.4971  574.3058
3.13  378.6  1464.3801  574.2873
3.135  378.6  1464.2666  574.2695
3.14  378.6  1464.1569  574.2523
3.145  378.6  1464.0507  574.2356
3.15  378.6  1463.9482  574.2196
3.155  378.6  1463.8493  574.2041
3.16  378.6  1463.7541  574.1892
3.165  378.6  1463.6625  574.175
3.17  378.6  1463.5746  574.1613
3.175  378.6  1463.4902  574.1481
3.18  378.6  1463.4096  574.1356
3.185  378.6  1463.3325  574.1236
3.19  378.6  1463.2591  574.1123
3.195  378.6  1463.1893  574.1015
3.2  378.6  1463.1232  574.0912
3.205  378.6  1463.0607  574.0816
3.21  378.6  1463.0019  574.0725
3.215  378.6  1462.9467  574.0639
3.22  378.6  1462.8951  574.056
3.225  378.6  1462.8472  574.0486
3.23  378.6  1462.8029  574.0418
3.235  378.6  1462.7622  574.0355
3.24  378.6  1462.7252  574.0298
3.245  378.6  1462.6919  574.0247
3.25  378.6  1462.6621  574.0201
3.255  378.6  1462.6361  574.0161
3.26  378.6  1462.6136  574.0127
3.265  378.6  1462.5948  574.0098
3.27  378.6  1462.5797  574.0075
3.275  378.6  1462.5681  574.0057
3.28  378.6  1462.5603  574.0045
3.285  378.6  1462.556  574.0038
3.29  378.6  1462.5552  574.0037
3.295  378.6  1462.5552  574.0037
3.3  378.6  1462.5552  574.0037
